0 FILE MX02-0005.dat
0 Flat Beam - 5 Hole
0 Name:  MX02-0005.dat
0 Author:  
0 BL_Item_No 02-0005
0 BFC CERTIFY CCW
3 16 56.063 4.000 20.501 57.794 4.000 19.288 54.147 4.000 21.394
3 16 -36.063 4.000 20.501 -34.147 4.000 21.394 -37.794 4.000 19.288
3 16 -4.830 4.000 9.088 0.000 4.000 -2.125 -5.067 4.000 8.204
3 16 -37.794 4.000 19.288 -30.912 4.000 15.170 -31.796 4.000 14.933
3 16 -37.794 4.000 19.288 -30.000 4.000 15.250 -30.912 4.000 15.170
3 16 -4.830 4.000 9.088 0.000 4.000 18.688 0.000 4.000 -2.125
3 16 -8.204 4.000 5.067 0.000 4.000 -2.125 -9.088 4.000 4.830
3 16 -8.204 4.000 5.067 -7.375 4.000 5.453 0.000 4.000 -2.125
3 16 -7.375 4.000 5.453 -6.625 4.000 5.978 0.000 4.000 -2.125
3 16 -4.750 4.000 10.000 0.000 4.000 18.688 -4.830 4.000 9.088
3 16 -4.750 4.000 10.000 -4.830 4.000 10.912 0.000 4.000 18.688
3 16 -4.830 4.000 10.912 -5.067 4.000 11.796 0.000 4.000 18.688
3 16 -5.978 4.000 6.625 0.000 4.000 -2.125 -6.625 4.000 5.978
3 16 -5.978 4.000 6.625 -5.453 4.000 7.375 0.000 4.000 -2.125
3 16 -5.453 4.000 7.375 -5.067 4.000 8.204 0.000 4.000 -2.125
3 16 -5.453 4.000 12.625 0.000 4.000 18.688 -5.067 4.000 11.796
3 16 -5.453 4.000 12.625 -5.978 4.000 13.375 0.000 4.000 18.688
3 16 -5.978 4.000 13.375 -6.625 4.000 14.022 0.000 4.000 18.688
3 16 -10.000 4.000 15.250 0.000 4.000 18.688 -9.088 4.000 15.170
3 16 -10.000 4.000 15.250 -10.912 4.000 15.170 0.000 4.000 18.688
3 16 -10.912 4.000 15.170 -37.794 4.000 19.288 0.000 4.000 18.688
3 16 -10.912 4.000 15.170 -11.796 4.000 14.933 -37.794 4.000 19.288
3 16 -11.796 4.000 14.933 -12.625 4.000 14.547 -37.794 4.000 19.288
3 16 -13.375 4.000 14.022 -37.794 4.000 19.288 -12.625 4.000 14.547
3 16 -13.375 4.000 14.022 -14.022 4.000 13.375 -37.794 4.000 19.288
3 16 -14.022 4.000 13.375 -14.547 4.000 12.625 -37.794 4.000 19.288
3 16 -30.000 4.000 -2.125 -13.375 4.000 5.978 -12.625 4.000 5.453
3 16 -30.000 4.000 -2.125 -14.022 4.000 6.625 -13.375 4.000 5.978
3 16 -11.796 4.000 5.067 -30.000 4.000 -2.125 -12.625 4.000 5.453
3 16 -11.796 4.000 5.067 -10.912 4.000 4.830 -30.000 4.000 -2.125
3 16 -10.912 4.000 4.830 0.000 4.000 -2.125 -30.000 4.000 -2.125
3 16 -10.912 4.000 4.830 -10.000 4.000 4.750 0.000 4.000 -2.125
3 16 -10.000 4.000 4.750 -9.088 4.000 4.830 0.000 4.000 -2.125
3 16 -7.375 4.000 14.547 0.000 4.000 18.688 -6.625 4.000 14.022
3 16 -7.375 4.000 14.547 -8.204 4.000 14.933 0.000 4.000 18.688
3 16 -8.204 4.000 14.933 -9.088 4.000 15.170 0.000 4.000 18.688
3 16 -14.933 4.000 8.204 -30.000 4.000 -2.125 -15.170 4.000 9.088
3 16 -14.933 4.000 8.204 -14.547 4.000 7.375 -30.000 4.000 -2.125
3 16 -14.547 4.000 7.375 -14.022 4.000 6.625 -30.000 4.000 -2.125
3 16 -25.978 4.000 6.625 -15.170 4.000 10.912 -26.625 4.000 5.978
3 16 -25.978 4.000 6.625 -25.453 4.000 7.375 -15.170 4.000 10.912
3 16 -25.453 4.000 7.375 -25.067 4.000 8.204 -15.170 4.000 10.912
3 16 -24.830 4.000 9.088 -15.170 4.000 10.912 -25.067 4.000 8.204
3 16 -24.830 4.000 9.088 -24.750 4.000 10.000 -15.170 4.000 10.912
3 16 -24.750 4.000 10.000 -14.933 4.000 11.796 -15.170 4.000 10.912
3 16 -24.750 4.000 10.000 -24.830 4.000 10.912 -14.933 4.000 11.796
3 16 -24.830 4.000 10.912 -14.547 4.000 12.625 -14.933 4.000 11.796
3 16 -24.830 4.000 10.912 -25.067 4.000 11.796 -14.547 4.000 12.625
3 16 -25.453 4.000 12.625 -14.547 4.000 12.625 -25.067 4.000 11.796
3 16 -25.453 4.000 12.625 -25.978 4.000 13.375 -14.547 4.000 12.625
3 16 -25.978 4.000 13.375 -26.625 4.000 14.022 -14.547 4.000 12.625
3 16 -27.375 4.000 14.547 -14.547 4.000 12.625 -26.625 4.000 14.022
3 16 -27.375 4.000 14.547 -28.204 4.000 14.933 -14.547 4.000 12.625
3 16 -28.204 4.000 14.933 -37.794 4.000 19.288 -14.547 4.000 12.625
3 16 -28.204 4.000 14.933 -29.088 4.000 15.170 -37.794 4.000 19.288
3 16 -29.088 4.000 15.170 -30.000 4.000 15.250 -37.794 4.000 19.288
3 16 -32.625 4.000 14.547 -37.794 4.000 19.288 -31.796 4.000 14.933
3 16 -32.625 4.000 14.547 -33.375 4.000 14.022 -37.794 4.000 19.288
3 16 -33.375 4.000 14.022 -39.288 4.000 17.794 -37.794 4.000 19.288
3 16 -33.375 4.000 14.022 -34.022 4.000 13.375 -39.288 4.000 17.794
3 16 -34.022 4.000 13.375 -40.501 4.000 16.063 -39.288 4.000 17.794
3 16 -34.022 4.000 13.375 -34.547 4.000 12.625 -40.501 4.000 16.063
3 16 -34.547 4.000 12.625 -41.394 4.000 14.147 -40.501 4.000 16.063
3 16 -34.547 4.000 12.625 -34.933 4.000 11.796 -41.394 4.000 14.147
3 16 -34.933 4.000 11.796 -41.941 4.000 12.105 -41.394 4.000 14.147
3 16 -34.933 4.000 11.796 -35.170 4.000 10.912 -41.941 4.000 12.105
3 16 -35.170 4.000 10.912 -42.125 4.000 10.000 -41.941 4.000 12.105
3 16 -35.170 4.000 10.912 -35.250 4.000 10.000 -42.125 4.000 10.000
3 16 -35.250 4.000 10.000 -41.941 4.000 7.895 -42.125 4.000 10.000
3 16 -35.250 4.000 10.000 -35.170 4.000 9.088 -41.941 4.000 7.895
3 16 -35.170 4.000 9.088 -41.394 4.000 5.853 -41.941 4.000 7.895
3 16 -35.170 4.000 9.088 -34.933 4.000 8.204 -41.394 4.000 5.853
3 16 -34.933 4.000 8.204 -40.501 4.000 3.938 -41.394 4.000 5.853
3 16 -34.933 4.000 8.204 -34.547 4.000 7.375 -40.501 4.000 3.938
3 16 -34.547 4.000 7.375 -39.288 4.000 2.206 -40.501 4.000 3.938
3 16 -34.547 4.000 7.375 -34.022 4.000 6.625 -39.288 4.000 2.206
3 16 -34.022 4.000 6.625 -37.794 4.000 0.712 -39.288 4.000 2.206
3 16 -34.022 4.000 6.625 -33.375 4.000 5.978 -37.794 4.000 0.712
3 16 -33.375 4.000 5.978 -36.063 4.000 -0.501 -37.794 4.000 0.712
3 16 -33.375 4.000 5.978 -32.625 4.000 5.453 -36.063 4.000 -0.501
3 16 -32.625 4.000 5.453 -34.147 4.000 -1.394 -36.063 4.000 -0.501
3 16 -32.625 4.000 5.453 -31.796 4.000 5.067 -34.147 4.000 -1.394
3 16 -31.796 4.000 5.067 -32.105 4.000 -1.941 -34.147 4.000 -1.394
3 16 -31.796 4.000 5.067 -30.912 4.000 4.830 -32.105 4.000 -1.941
3 16 -30.912 4.000 4.830 -30.000 4.000 -2.125 -32.105 4.000 -1.941
3 16 -30.000 4.000 4.750 -30.000 4.000 -2.125 -30.912 4.000 4.830
3 16 -30.000 4.000 4.750 -29.088 4.000 4.830 -30.000 4.000 -2.125
3 16 -29.088 4.000 4.830 -28.204 4.000 5.067 -30.000 4.000 -2.125
3 16 -30.000 4.000 -2.125 -15.250 4.000 10.000 -15.170 4.000 9.088
3 16 -30.000 4.000 -2.125 -28.204 4.000 5.067 -15.250 4.000 10.000
3 16 -28.204 4.000 5.067 -15.170 4.000 10.912 -15.250 4.000 10.000
3 16 -28.204 4.000 5.067 -27.375 4.000 5.453 -15.170 4.000 10.912
3 16 -27.375 4.000 5.453 -26.625 4.000 5.978 -15.170 4.000 10.912
3 16 13.375 4.000 5.978 50.000 4.000 -2.125 12.625 4.000 5.453
3 16 5.978 4.000 13.375 0.000 4.000 18.688 6.625 4.000 14.022
3 16 5.978 4.000 13.375 5.453 4.000 12.625 0.000 4.000 18.688
3 16 5.453 4.000 12.625 5.067 4.000 11.796 0.000 4.000 18.688
3 16 33.375 4.000 5.978 50.000 4.000 -2.125 32.625 4.000 5.453
3 16 14.022 4.000 6.625 50.000 4.000 -2.125 13.375 4.000 5.978
3 16 14.022 4.000 6.625 14.547 4.000 7.375 50.000 4.000 -2.125
3 16 14.547 4.000 7.375 14.933 4.000 8.204 50.000 4.000 -2.125
3 16 14.933 4.000 8.204 25.978 4.000 6.625 26.625 4.000 5.978
3 16 14.933 4.000 8.204 25.453 4.000 7.375 25.978 4.000 6.625
3 16 8.204 4.000 14.933 0.000 4.000 18.688 9.088 4.000 15.170
3 16 8.204 4.000 14.933 7.375 4.000 14.547 0.000 4.000 18.688
3 16 7.375 4.000 14.547 6.625 4.000 14.022 0.000 4.000 18.688
3 16 5.453 4.000 7.375 0.000 4.000 -2.125 5.067 4.000 8.204
3 16 5.453 4.000 7.375 5.978 4.000 6.625 0.000 4.000 -2.125
3 16 5.978 4.000 6.625 6.625 4.000 5.978 0.000 4.000 -2.125
3 16 14.933 4.000 11.796 28.204 4.000 14.933 27.375 4.000 14.547
3 16 14.933 4.000 11.796 29.088 4.000 15.170 28.204 4.000 14.933
3 16 14.547 4.000 12.625 29.088 4.000 15.170 14.933 4.000 11.796
3 16 14.547 4.000 12.625 14.022 4.000 13.375 29.088 4.000 15.170
3 16 14.022 4.000 13.375 57.794 4.000 19.288 29.088 4.000 15.170
3 16 14.022 4.000 13.375 13.375 4.000 14.022 57.794 4.000 19.288
3 16 13.375 4.000 14.022 12.625 4.000 14.547 57.794 4.000 19.288
3 16 11.796 4.000 14.933 57.794 4.000 19.288 12.625 4.000 14.547
3 16 11.796 4.000 14.933 10.912 4.000 15.170 57.794 4.000 19.288
3 16 10.912 4.000 15.170 0.000 4.000 18.688 57.794 4.000 19.288
3 16 10.912 4.000 15.170 10.000 4.000 15.250 0.000 4.000 18.688
3 16 10.000 4.000 15.250 9.088 4.000 15.170 0.000 4.000 18.688
3 16 57.794 4.000 0.712 56.063 4.000 -0.501 34.933 4.000 8.204
3 16 51.796 4.000 14.933 57.794 4.000 19.288 52.625 4.000 14.547
3 16 51.796 4.000 14.933 50.912 4.000 15.170 57.794 4.000 19.288
3 16 50.912 4.000 15.170 50.000 4.000 15.250 57.794 4.000 19.288
3 16 4.830 4.000 10.912 0.000 4.000 18.688 5.067 4.000 11.796
3 16 4.830 4.000 10.912 4.750 4.000 10.000 0.000 4.000 18.688
3 16 4.750 4.000 10.000 0.000 4.000 -2.125 0.000 4.000 18.688
3 16 4.750 4.000 10.000 4.830 4.000 9.088 0.000 4.000 -2.125
3 16 4.830 4.000 9.088 5.067 4.000 8.204 0.000 4.000 -2.125
3 16 7.375 4.000 5.453 0.000 4.000 -2.125 6.625 4.000 5.978
3 16 7.375 4.000 5.453 8.204 4.000 5.067 0.000 4.000 -2.125
3 16 8.204 4.000 5.067 9.088 4.000 4.830 0.000 4.000 -2.125
3 16 26.625 4.000 14.022 14.933 4.000 11.796 27.375 4.000 14.547
3 16 26.625 4.000 14.022 25.978 4.000 13.375 14.933 4.000 11.796
3 16 25.978 4.000 13.375 25.453 4.000 12.625 14.933 4.000 11.796
3 16 27.375 4.000 5.453 14.933 4.000 8.204 26.625 4.000 5.978
3 16 27.375 4.000 5.453 28.204 4.000 5.067 14.933 4.000 8.204
3 16 28.204 4.000 5.067 50.000 4.000 -2.125 14.933 4.000 8.204
3 16 28.204 4.000 5.067 29.088 4.000 4.830 50.000 4.000 -2.125
3 16 29.088 4.000 4.830 30.000 4.000 4.750 50.000 4.000 -2.125
3 16 57.794 4.000 19.288 34.547 4.000 12.625 34.022 4.000 13.375
3 16 57.794 4.000 19.288 34.933 4.000 11.796 34.547 4.000 12.625
3 16 33.375 4.000 14.022 57.794 4.000 19.288 34.022 4.000 13.375
3 16 33.375 4.000 14.022 32.625 4.000 14.547 57.794 4.000 19.288
3 16 32.625 4.000 14.547 31.796 4.000 14.933 57.794 4.000 19.288
3 16 30.912 4.000 15.170 57.794 4.000 19.288 31.796 4.000 14.933
3 16 30.912 4.000 15.170 30.000 4.000 15.250 57.794 4.000 19.288
3 16 30.000 4.000 15.250 29.088 4.000 15.170 57.794 4.000 19.288
3 16 25.067 4.000 11.796 14.933 4.000 11.796 25.453 4.000 12.625
3 16 25.067 4.000 11.796 24.830 4.000 10.912 14.933 4.000 11.796
3 16 24.830 4.000 10.912 15.170 4.000 10.912 14.933 4.000 11.796
3 16 30.912 4.000 4.830 50.000 4.000 -2.125 30.000 4.000 4.750
3 16 30.912 4.000 4.830 31.796 4.000 5.067 50.000 4.000 -2.125
3 16 31.796 4.000 5.067 32.625 4.000 5.453 50.000 4.000 -2.125
3 16 34.022 4.000 6.625 50.000 4.000 -2.125 33.375 4.000 5.978
3 16 34.022 4.000 6.625 34.547 4.000 7.375 50.000 4.000 -2.125
3 16 34.547 4.000 7.375 52.105 4.000 -1.941 50.000 4.000 -2.125
3 16 34.547 4.000 7.375 34.933 4.000 8.204 52.105 4.000 -1.941
3 16 34.933 4.000 8.204 54.147 4.000 -1.394 52.105 4.000 -1.941
3 16 34.933 4.000 8.204 56.063 4.000 -0.501 54.147 4.000 -1.394
3 16 46.625 4.000 14.022 45.978 4.000 13.375 34.933 4.000 11.796
3 16 45.978 4.000 6.625 34.933 4.000 8.204 45.453 4.000 7.375
3 16 45.978 4.000 6.625 46.625 4.000 5.978 34.933 4.000 8.204
3 16 50.912 4.000 4.830 57.794 4.000 0.712 50.000 4.000 4.750
3 16 50.912 4.000 4.830 51.796 4.000 5.067 57.794 4.000 0.712
3 16 10.000 4.000 4.750 0.000 4.000 -2.125 9.088 4.000 4.830
3 16 10.000 4.000 4.750 10.912 4.000 4.830 0.000 4.000 -2.125
3 16 10.912 4.000 4.830 50.000 4.000 -2.125 0.000 4.000 -2.125
3 16 10.912 4.000 4.830 11.796 4.000 5.067 50.000 4.000 -2.125
3 16 11.796 4.000 5.067 12.625 4.000 5.453 50.000 4.000 -2.125
3 16 49.088 4.000 15.170 57.794 4.000 19.288 50.000 4.000 15.250
3 16 49.088 4.000 15.170 48.204 4.000 14.933 57.794 4.000 19.288
3 16 48.204 4.000 14.933 34.933 4.000 11.796 57.794 4.000 19.288
3 16 48.204 4.000 14.933 47.375 4.000 14.547 34.933 4.000 11.796
3 16 47.375 4.000 14.547 46.625 4.000 14.022 34.933 4.000 11.796
3 16 52.625 4.000 5.453 57.794 4.000 0.712 51.796 4.000 5.067
3 16 52.625 4.000 5.453 53.375 4.000 5.978 57.794 4.000 0.712
3 16 53.375 4.000 5.978 59.288 4.000 2.206 57.794 4.000 0.712
3 16 53.375 4.000 5.978 54.022 4.000 6.625 59.288 4.000 2.206
3 16 54.022 4.000 6.625 60.501 4.000 3.938 59.288 4.000 2.206
3 16 54.022 4.000 6.625 54.547 4.000 7.375 60.501 4.000 3.938
3 16 54.547 4.000 7.375 61.394 4.000 5.853 60.501 4.000 3.938
3 16 54.547 4.000 7.375 54.933 4.000 8.204 61.394 4.000 5.853
3 16 54.933 4.000 8.204 61.941 4.000 7.895 61.394 4.000 5.853
3 16 54.933 4.000 8.204 55.170 4.000 9.088 61.941 4.000 7.895
3 16 55.170 4.000 9.088 62.125 4.000 10.000 61.941 4.000 7.895
3 16 55.170 4.000 9.088 55.250 4.000 10.000 62.125 4.000 10.000
3 16 55.250 4.000 10.000 61.941 4.000 12.105 62.125 4.000 10.000
3 16 55.250 4.000 10.000 55.170 4.000 10.912 61.941 4.000 12.105
3 16 55.170 4.000 10.912 61.394 4.000 14.147 61.941 4.000 12.105
3 16 55.170 4.000 10.912 54.933 4.000 11.796 61.394 4.000 14.147
3 16 54.933 4.000 11.796 60.501 4.000 16.063 61.394 4.000 14.147
3 16 54.933 4.000 11.796 54.547 4.000 12.625 60.501 4.000 16.063
3 16 54.547 4.000 12.625 59.288 4.000 17.794 60.501 4.000 16.063
3 16 54.547 4.000 12.625 54.022 4.000 13.375 59.288 4.000 17.794
3 16 54.022 4.000 13.375 57.794 4.000 19.288 59.288 4.000 17.794
3 16 54.022 4.000 13.375 53.375 4.000 14.022 57.794 4.000 19.288
3 16 53.375 4.000 14.022 52.625 4.000 14.547 57.794 4.000 19.288
3 16 24.830 4.000 10.912 15.250 4.000 10.000 15.170 4.000 10.912
3 16 24.830 4.000 10.912 24.750 4.000 10.000 15.250 4.000 10.000
3 16 24.750 4.000 10.000 15.170 4.000 9.088 15.250 4.000 10.000
3 16 24.750 4.000 10.000 24.830 4.000 9.088 15.170 4.000 9.088
3 16 24.830 4.000 9.088 14.933 4.000 8.204 15.170 4.000 9.088
3 16 24.830 4.000 9.088 25.067 4.000 8.204 14.933 4.000 8.204
3 16 25.067 4.000 8.204 25.453 4.000 7.375 14.933 4.000 8.204
3 16 45.453 4.000 12.625 34.933 4.000 11.796 45.978 4.000 13.375
3 16 45.453 4.000 12.625 45.067 4.000 11.796 34.933 4.000 11.796
3 16 45.067 4.000 11.796 35.170 4.000 10.912 34.933 4.000 11.796
3 16 45.067 4.000 11.796 44.830 4.000 10.912 35.170 4.000 10.912
3 16 44.830 4.000 10.912 35.250 4.000 10.000 35.170 4.000 10.912
3 16 44.830 4.000 10.912 44.750 4.000 10.000 35.250 4.000 10.000
3 16 44.750 4.000 10.000 35.170 4.000 9.088 35.250 4.000 10.000
3 16 44.750 4.000 10.000 44.830 4.000 9.088 35.170 4.000 9.088
3 16 44.830 4.000 9.088 34.933 4.000 8.204 35.170 4.000 9.088
3 16 44.830 4.000 9.088 45.067 4.000 8.204 34.933 4.000 8.204
3 16 45.067 4.000 8.204 45.453 4.000 7.375 34.933 4.000 8.204
3 16 47.375 4.000 5.453 34.933 4.000 8.204 46.625 4.000 5.978
3 16 47.375 4.000 5.453 48.204 4.000 5.067 34.933 4.000 8.204
3 16 48.204 4.000 5.067 57.794 4.000 0.712 34.933 4.000 8.204
3 16 48.204 4.000 5.067 49.088 4.000 4.830 57.794 4.000 0.712
3 16 49.088 4.000 4.830 50.000 4.000 4.750 57.794 4.000 0.712
3 16 57.794 4.000 19.288 52.105 4.000 21.941 54.147 4.000 21.394
3 16 -32.105 4.000 21.941 -37.794 4.000 19.288 -34.147 4.000 21.394
3 16 -32.105 4.000 21.941 -30.000 4.000 22.125 -37.794 4.000 19.288
3 16 -30.000 4.000 22.125 0.000 4.000 18.688 -37.794 4.000 19.288
3 16 -30.000 4.000 22.125 0.000 4.000 22.125 0.000 4.000 18.688
3 16 0.000 4.000 22.125 57.794 4.000 19.288 0.000 4.000 18.688
3 16 0.000 4.000 22.125 50.000 4.000 22.125 57.794 4.000 19.288
3 16 50.000 4.000 22.125 52.105 4.000 21.941 57.794 4.000 19.288
3 16 10.000 4.000 15.250 10.912 0.000 15.170 10.000 0.000 15.250
3 16 10.000 4.000 15.250 10.912 4.000 15.170 10.912 0.000 15.170
3 16 10.912 4.000 15.170 11.796 0.000 14.933 10.912 0.000 15.170
3 16 10.912 4.000 15.170 11.796 4.000 14.933 11.796 0.000 14.933
3 16 11.796 4.000 14.933 12.625 0.000 14.547 11.796 0.000 14.933
3 16 11.796 4.000 14.933 12.625 4.000 14.547 12.625 0.000 14.547
3 16 12.625 4.000 14.547 13.375 0.000 14.022 12.625 0.000 14.547
3 16 12.625 4.000 14.547 13.375 4.000 14.022 13.375 0.000 14.022
3 16 13.375 4.000 14.022 14.022 0.000 13.375 13.375 0.000 14.022
3 16 13.375 4.000 14.022 14.022 4.000 13.375 14.022 0.000 13.375
3 16 14.022 4.000 13.375 14.547 0.000 12.625 14.022 0.000 13.375
3 16 14.022 4.000 13.375 14.547 4.000 12.625 14.547 0.000 12.625
3 16 14.547 4.000 12.625 14.933 0.000 11.796 14.547 0.000 12.625
3 16 14.547 4.000 12.625 14.933 4.000 11.796 14.933 0.000 11.796
3 16 14.933 4.000 11.796 15.170 0.000 10.912 14.933 0.000 11.796
3 16 14.933 4.000 11.796 15.170 4.000 10.912 15.170 0.000 10.912
3 16 15.170 4.000 10.912 15.250 0.000 10.000 15.170 0.000 10.912
3 16 15.170 4.000 10.912 15.250 4.000 10.000 15.250 0.000 10.000
3 16 15.250 4.000 10.000 15.170 0.000 9.088 15.250 0.000 10.000
3 16 15.250 4.000 10.000 15.170 4.000 9.088 15.170 0.000 9.088
3 16 15.170 4.000 9.088 14.933 0.000 8.204 15.170 0.000 9.088
3 16 15.170 4.000 9.088 14.933 4.000 8.204 14.933 0.000 8.204
3 16 14.933 4.000 8.204 14.547 0.000 7.375 14.933 0.000 8.204
3 16 14.933 4.000 8.204 14.547 4.000 7.375 14.547 0.000 7.375
3 16 14.547 4.000 7.375 14.022 0.000 6.625 14.547 0.000 7.375
3 16 14.547 4.000 7.375 14.022 4.000 6.625 14.022 0.000 6.625
3 16 14.022 4.000 6.625 13.375 0.000 5.978 14.022 0.000 6.625
3 16 14.022 4.000 6.625 13.375 4.000 5.978 13.375 0.000 5.978
3 16 13.375 4.000 5.978 12.625 0.000 5.453 13.375 0.000 5.978
3 16 13.375 4.000 5.978 12.625 4.000 5.453 12.625 0.000 5.453
3 16 12.625 4.000 5.453 11.796 0.000 5.067 12.625 0.000 5.453
3 16 12.625 4.000 5.453 11.796 4.000 5.067 11.796 0.000 5.067
3 16 11.796 4.000 5.067 10.912 0.000 4.830 11.796 0.000 5.067
3 16 11.796 4.000 5.067 10.912 4.000 4.830 10.912 0.000 4.830
3 16 10.912 4.000 4.830 10.000 0.000 4.750 10.912 0.000 4.830
3 16 10.912 4.000 4.830 10.000 4.000 4.750 10.000 0.000 4.750
3 16 10.000 4.000 4.750 9.088 0.000 4.830 10.000 0.000 4.750
3 16 10.000 4.000 4.750 9.088 4.000 4.830 9.088 0.000 4.830
3 16 9.088 4.000 4.830 8.204 0.000 5.067 9.088 0.000 4.830
3 16 9.088 4.000 4.830 8.204 4.000 5.067 8.204 0.000 5.067
3 16 8.204 4.000 5.067 7.375 0.000 5.453 8.204 0.000 5.067
3 16 8.204 4.000 5.067 7.375 4.000 5.453 7.375 0.000 5.453
3 16 7.375 4.000 5.453 6.625 0.000 5.978 7.375 0.000 5.453
3 16 7.375 4.000 5.453 6.625 4.000 5.978 6.625 0.000 5.978
3 16 6.625 4.000 5.978 5.978 0.000 6.625 6.625 0.000 5.978
3 16 6.625 4.000 5.978 5.978 4.000 6.625 5.978 0.000 6.625
3 16 5.978 4.000 6.625 5.453 0.000 7.375 5.978 0.000 6.625
3 16 5.978 4.000 6.625 5.453 4.000 7.375 5.453 0.000 7.375
3 16 5.453 4.000 7.375 5.067 0.000 8.204 5.453 0.000 7.375
3 16 5.453 4.000 7.375 5.067 4.000 8.204 5.067 0.000 8.204
3 16 5.067 4.000 8.204 4.830 0.000 9.088 5.067 0.000 8.204
3 16 5.067 4.000 8.204 4.830 4.000 9.088 4.830 0.000 9.088
3 16 4.830 4.000 9.088 4.750 0.000 10.000 4.830 0.000 9.088
3 16 4.830 4.000 9.088 4.750 4.000 10.000 4.750 0.000 10.000
3 16 4.750 4.000 10.000 4.830 0.000 10.912 4.750 0.000 10.000
3 16 4.750 4.000 10.000 4.830 4.000 10.912 4.830 0.000 10.912
3 16 4.830 4.000 10.912 5.067 0.000 11.796 4.830 0.000 10.912
3 16 4.830 4.000 10.912 5.067 4.000 11.796 5.067 0.000 11.796
3 16 5.067 4.000 11.796 5.453 0.000 12.625 5.067 0.000 11.796
3 16 5.067 4.000 11.796 5.453 4.000 12.625 5.453 0.000 12.625
3 16 5.453 4.000 12.625 5.978 0.000 13.375 5.453 0.000 12.625
3 16 5.453 4.000 12.625 5.978 4.000 13.375 5.978 0.000 13.375
3 16 5.978 4.000 13.375 6.625 0.000 14.022 5.978 0.000 13.375
3 16 5.978 4.000 13.375 6.625 4.000 14.022 6.625 0.000 14.022
3 16 6.625 4.000 14.022 7.375 0.000 14.547 6.625 0.000 14.022
3 16 6.625 4.000 14.022 7.375 4.000 14.547 7.375 0.000 14.547
3 16 7.375 4.000 14.547 8.204 0.000 14.933 7.375 0.000 14.547
3 16 7.375 4.000 14.547 8.204 4.000 14.933 8.204 0.000 14.933
3 16 8.204 4.000 14.933 9.088 0.000 15.170 8.204 0.000 14.933
3 16 8.204 4.000 14.933 9.088 4.000 15.170 9.088 0.000 15.170
3 16 9.088 4.000 15.170 10.000 0.000 15.250 9.088 0.000 15.170
3 16 9.088 4.000 15.170 10.000 4.000 15.250 10.000 0.000 15.250
3 16 30.000 4.000 15.250 30.912 0.000 15.170 30.000 0.000 15.250
3 16 30.000 4.000 15.250 30.912 4.000 15.170 30.912 0.000 15.170
3 16 30.912 4.000 15.170 31.796 0.000 14.933 30.912 0.000 15.170
3 16 30.912 4.000 15.170 31.796 4.000 14.933 31.796 0.000 14.933
3 16 31.796 4.000 14.933 32.625 0.000 14.547 31.796 0.000 14.933
3 16 31.796 4.000 14.933 32.625 4.000 14.547 32.625 0.000 14.547
3 16 32.625 4.000 14.547 33.375 0.000 14.022 32.625 0.000 14.547
3 16 32.625 4.000 14.547 33.375 4.000 14.022 33.375 0.000 14.022
3 16 33.375 4.000 14.022 34.022 0.000 13.375 33.375 0.000 14.022
3 16 33.375 4.000 14.022 34.022 4.000 13.375 34.022 0.000 13.375
3 16 34.022 4.000 13.375 34.547 0.000 12.625 34.022 0.000 13.375
3 16 34.022 4.000 13.375 34.547 4.000 12.625 34.547 0.000 12.625
3 16 34.547 4.000 12.625 34.933 0.000 11.796 34.547 0.000 12.625
3 16 34.547 4.000 12.625 34.933 4.000 11.796 34.933 0.000 11.796
3 16 34.933 4.000 11.796 35.170 0.000 10.912 34.933 0.000 11.796
3 16 34.933 4.000 11.796 35.170 4.000 10.912 35.170 0.000 10.912
3 16 35.170 4.000 10.912 35.250 0.000 10.000 35.170 0.000 10.912
3 16 35.170 4.000 10.912 35.250 4.000 10.000 35.250 0.000 10.000
3 16 35.250 4.000 10.000 35.170 0.000 9.088 35.250 0.000 10.000
3 16 35.250 4.000 10.000 35.170 4.000 9.088 35.170 0.000 9.088
3 16 35.170 4.000 9.088 34.933 0.000 8.204 35.170 0.000 9.088
3 16 35.170 4.000 9.088 34.933 4.000 8.204 34.933 0.000 8.204
3 16 34.933 4.000 8.204 34.547 0.000 7.375 34.933 0.000 8.204
3 16 34.933 4.000 8.204 34.547 4.000 7.375 34.547 0.000 7.375
3 16 34.547 4.000 7.375 34.022 0.000 6.625 34.547 0.000 7.375
3 16 34.547 4.000 7.375 34.022 4.000 6.625 34.022 0.000 6.625
3 16 34.022 4.000 6.625 33.375 0.000 5.978 34.022 0.000 6.625
3 16 34.022 4.000 6.625 33.375 4.000 5.978 33.375 0.000 5.978
3 16 33.375 4.000 5.978 32.625 0.000 5.453 33.375 0.000 5.978
3 16 33.375 4.000 5.978 32.625 4.000 5.453 32.625 0.000 5.453
3 16 32.625 4.000 5.453 31.796 0.000 5.067 32.625 0.000 5.453
3 16 32.625 4.000 5.453 31.796 4.000 5.067 31.796 0.000 5.067
3 16 31.796 4.000 5.067 30.912 0.000 4.830 31.796 0.000 5.067
3 16 31.796 4.000 5.067 30.912 4.000 4.830 30.912 0.000 4.830
3 16 30.912 4.000 4.830 30.000 0.000 4.750 30.912 0.000 4.830
3 16 30.912 4.000 4.830 30.000 4.000 4.750 30.000 0.000 4.750
3 16 30.000 4.000 4.750 29.088 0.000 4.830 30.000 0.000 4.750
3 16 30.000 4.000 4.750 29.088 4.000 4.830 29.088 0.000 4.830
3 16 29.088 4.000 4.830 28.204 0.000 5.067 29.088 0.000 4.830
3 16 29.088 4.000 4.830 28.204 4.000 5.067 28.204 0.000 5.067
3 16 28.204 4.000 5.067 27.375 0.000 5.453 28.204 0.000 5.067
3 16 28.204 4.000 5.067 27.375 4.000 5.453 27.375 0.000 5.453
3 16 27.375 4.000 5.453 26.625 0.000 5.978 27.375 0.000 5.453
3 16 27.375 4.000 5.453 26.625 4.000 5.978 26.625 0.000 5.978
3 16 26.625 4.000 5.978 25.978 0.000 6.625 26.625 0.000 5.978
3 16 26.625 4.000 5.978 25.978 4.000 6.625 25.978 0.000 6.625
3 16 25.978 4.000 6.625 25.453 0.000 7.375 25.978 0.000 6.625
3 16 25.978 4.000 6.625 25.453 4.000 7.375 25.453 0.000 7.375
3 16 25.453 4.000 7.375 25.067 0.000 8.204 25.453 0.000 7.375
3 16 25.453 4.000 7.375 25.067 4.000 8.204 25.067 0.000 8.204
3 16 25.067 4.000 8.204 24.830 0.000 9.088 25.067 0.000 8.204
3 16 25.067 4.000 8.204 24.830 4.000 9.088 24.830 0.000 9.088
3 16 24.830 4.000 9.088 24.750 0.000 10.000 24.830 0.000 9.088
3 16 24.830 4.000 9.088 24.750 4.000 10.000 24.750 0.000 10.000
3 16 24.750 4.000 10.000 24.830 0.000 10.912 24.750 0.000 10.000
3 16 24.750 4.000 10.000 24.830 4.000 10.912 24.830 0.000 10.912
3 16 24.830 4.000 10.912 25.067 0.000 11.796 24.830 0.000 10.912
3 16 24.830 4.000 10.912 25.067 4.000 11.796 25.067 0.000 11.796
3 16 25.067 4.000 11.796 25.453 0.000 12.625 25.067 0.000 11.796
3 16 25.067 4.000 11.796 25.453 4.000 12.625 25.453 0.000 12.625
3 16 25.453 4.000 12.625 25.978 0.000 13.375 25.453 0.000 12.625
3 16 25.453 4.000 12.625 25.978 4.000 13.375 25.978 0.000 13.375
3 16 25.978 4.000 13.375 26.625 0.000 14.022 25.978 0.000 13.375
3 16 25.978 4.000 13.375 26.625 4.000 14.022 26.625 0.000 14.022
3 16 26.625 4.000 14.022 27.375 0.000 14.547 26.625 0.000 14.022
3 16 26.625 4.000 14.022 27.375 4.000 14.547 27.375 0.000 14.547
3 16 27.375 4.000 14.547 28.204 0.000 14.933 27.375 0.000 14.547
3 16 27.375 4.000 14.547 28.204 4.000 14.933 28.204 0.000 14.933
3 16 28.204 4.000 14.933 29.088 0.000 15.170 28.204 0.000 14.933
3 16 28.204 4.000 14.933 29.088 4.000 15.170 29.088 0.000 15.170
3 16 29.088 4.000 15.170 30.000 0.000 15.250 29.088 0.000 15.170
3 16 29.088 4.000 15.170 30.000 4.000 15.250 30.000 0.000 15.250
3 16 -30.000 4.000 22.125 -32.105 4.000 21.941 -30.000 0.000 22.125
3 16 -32.105 4.000 21.941 -32.105 0.000 21.941 -30.000 0.000 22.125
3 16 -32.105 4.000 21.941 -34.147 4.000 21.394 -32.105 0.000 21.941
3 16 -34.147 4.000 21.394 -34.147 0.000 21.394 -32.105 0.000 21.941
3 16 -34.147 4.000 21.394 -36.063 4.000 20.501 -34.147 0.000 21.394
3 16 -36.063 4.000 20.501 -36.063 0.000 20.501 -34.147 0.000 21.394
3 16 -36.063 4.000 20.501 -37.794 4.000 19.288 -36.063 0.000 20.501
3 16 -37.794 4.000 19.288 -37.794 0.000 19.288 -36.063 0.000 20.501
3 16 -37.794 4.000 19.288 -39.288 4.000 17.794 -37.794 0.000 19.288
3 16 -39.288 4.000 17.794 -39.288 0.000 17.794 -37.794 0.000 19.288
3 16 -39.288 4.000 17.794 -40.501 4.000 16.063 -39.288 0.000 17.794
3 16 -40.501 4.000 16.063 -40.501 0.000 16.063 -39.288 0.000 17.794
3 16 -40.501 4.000 16.063 -41.394 4.000 14.147 -40.501 0.000 16.063
3 16 -41.394 4.000 14.147 -41.394 0.000 14.147 -40.501 0.000 16.063
3 16 -41.394 4.000 14.147 -41.941 4.000 12.105 -41.394 0.000 14.147
3 16 -41.941 4.000 12.105 -41.941 0.000 12.105 -41.394 0.000 14.147
3 16 -41.941 4.000 12.105 -42.125 4.000 10.000 -41.941 0.000 12.105
3 16 -42.125 4.000 10.000 -42.125 0.000 10.000 -41.941 0.000 12.105
3 16 -42.125 4.000 10.000 -41.941 4.000 7.895 -42.125 0.000 10.000
3 16 -41.941 4.000 7.895 -41.941 0.000 7.895 -42.125 0.000 10.000
3 16 -41.941 4.000 7.895 -41.394 4.000 5.853 -41.941 0.000 7.895
3 16 -41.394 4.000 5.853 -41.394 0.000 5.853 -41.941 0.000 7.895
3 16 -41.394 4.000 5.853 -40.501 4.000 3.938 -41.394 0.000 5.853
3 16 -40.501 4.000 3.938 -40.501 0.000 3.938 -41.394 0.000 5.853
3 16 -40.501 4.000 3.938 -39.288 4.000 2.206 -40.501 0.000 3.938
3 16 -39.288 4.000 2.206 -39.288 0.000 2.206 -40.501 0.000 3.938
3 16 -39.288 4.000 2.206 -37.794 4.000 0.712 -39.288 0.000 2.206
3 16 -37.794 4.000 0.712 -37.794 0.000 0.712 -39.288 0.000 2.206
3 16 -37.794 4.000 0.712 -36.063 4.000 -0.501 -37.794 0.000 0.712
3 16 -36.063 4.000 -0.501 -36.063 0.000 -0.501 -37.794 0.000 0.712
3 16 -36.063 4.000 -0.501 -34.147 4.000 -1.394 -36.063 0.000 -0.501
3 16 -34.147 4.000 -1.394 -34.147 0.000 -1.394 -36.063 0.000 -0.501
3 16 -34.147 4.000 -1.394 -32.105 4.000 -1.941 -34.147 0.000 -1.394
3 16 -32.105 4.000 -1.941 -32.105 0.000 -1.941 -34.147 0.000 -1.394
3 16 -32.105 4.000 -1.941 -30.000 4.000 -2.125 -32.105 0.000 -1.941
3 16 -30.000 4.000 -2.125 -30.000 0.000 -2.125 -32.105 0.000 -1.941
3 16 -30.000 4.000 -2.125 0.000 0.000 -2.125 -30.000 0.000 -2.125
3 16 -30.000 4.000 -2.125 0.000 4.000 -2.125 0.000 0.000 -2.125
3 16 0.000 4.000 -2.125 50.000 0.000 -2.125 0.000 0.000 -2.125
3 16 0.000 4.000 -2.125 50.000 4.000 -2.125 50.000 0.000 -2.125
3 16 50.000 4.000 -2.125 52.105 4.000 -1.941 50.000 0.000 -2.125
3 16 52.105 4.000 -1.941 52.105 0.000 -1.941 50.000 0.000 -2.125
3 16 52.105 4.000 -1.941 54.147 4.000 -1.394 52.105 0.000 -1.941
3 16 54.147 4.000 -1.394 54.147 0.000 -1.394 52.105 0.000 -1.941
3 16 54.147 4.000 -1.394 56.063 4.000 -0.501 54.147 0.000 -1.394
3 16 56.063 4.000 -0.501 56.063 0.000 -0.501 54.147 0.000 -1.394
3 16 56.063 4.000 -0.501 57.794 4.000 0.712 56.063 0.000 -0.501
3 16 57.794 4.000 0.712 57.794 0.000 0.712 56.063 0.000 -0.501
3 16 57.794 4.000 0.712 59.288 4.000 2.206 57.794 0.000 0.712
3 16 59.288 4.000 2.206 59.288 0.000 2.206 57.794 0.000 0.712
3 16 59.288 4.000 2.206 60.501 4.000 3.938 59.288 0.000 2.206
3 16 60.501 4.000 3.938 60.501 0.000 3.938 59.288 0.000 2.206
3 16 60.501 4.000 3.938 61.394 4.000 5.853 60.501 0.000 3.938
3 16 61.394 4.000 5.853 61.394 0.000 5.853 60.501 0.000 3.938
3 16 61.394 4.000 5.853 61.941 4.000 7.895 61.394 0.000 5.853
3 16 61.941 4.000 7.895 61.941 0.000 7.895 61.394 0.000 5.853
3 16 61.941 4.000 7.895 62.125 4.000 10.000 61.941 0.000 7.895
3 16 62.125 4.000 10.000 62.125 0.000 10.000 61.941 0.000 7.895
3 16 62.125 4.000 10.000 61.941 4.000 12.105 62.125 0.000 10.000
3 16 61.941 4.000 12.105 61.941 0.000 12.105 62.125 0.000 10.000
3 16 61.941 4.000 12.105 61.394 4.000 14.147 61.941 0.000 12.105
3 16 61.394 4.000 14.147 61.394 0.000 14.147 61.941 0.000 12.105
3 16 61.394 4.000 14.147 60.501 4.000 16.063 61.394 0.000 14.147
3 16 60.501 4.000 16.063 60.501 0.000 16.063 61.394 0.000 14.147
3 16 60.501 4.000 16.063 59.288 4.000 17.794 60.501 0.000 16.063
3 16 59.288 4.000 17.794 59.288 0.000 17.794 60.501 0.000 16.063
3 16 59.288 4.000 17.794 57.794 4.000 19.288 59.288 0.000 17.794
3 16 57.794 4.000 19.288 57.794 0.000 19.288 59.288 0.000 17.794
3 16 57.794 4.000 19.288 56.063 4.000 20.501 57.794 0.000 19.288
3 16 56.063 4.000 20.501 56.063 0.000 20.501 57.794 0.000 19.288
3 16 56.063 4.000 20.501 54.147 4.000 21.394 56.063 0.000 20.501
3 16 54.147 4.000 21.394 54.147 0.000 21.394 56.063 0.000 20.501
3 16 54.147 4.000 21.394 52.105 4.000 21.941 54.147 0.000 21.394
3 16 52.105 4.000 21.941 52.105 0.000 21.941 54.147 0.000 21.394
3 16 52.105 4.000 21.941 50.000 4.000 22.125 52.105 0.000 21.941
3 16 50.000 4.000 22.125 50.000 0.000 22.125 52.105 0.000 21.941
3 16 50.000 4.000 22.125 0.000 0.000 22.125 50.000 0.000 22.125
3 16 50.000 4.000 22.125 0.000 4.000 22.125 0.000 0.000 22.125
3 16 0.000 4.000 22.125 -30.000 0.000 22.125 0.000 0.000 22.125
3 16 0.000 4.000 22.125 -30.000 4.000 22.125 -30.000 0.000 22.125
3 16 -30.000 4.000 15.250 -29.088 0.000 15.170 -30.000 0.000 15.250
3 16 -30.000 4.000 15.250 -29.088 4.000 15.170 -29.088 0.000 15.170
3 16 -29.088 4.000 15.170 -28.204 0.000 14.933 -29.088 0.000 15.170
3 16 -29.088 4.000 15.170 -28.204 4.000 14.933 -28.204 0.000 14.933
3 16 -28.204 4.000 14.933 -27.375 0.000 14.547 -28.204 0.000 14.933
3 16 -28.204 4.000 14.933 -27.375 4.000 14.547 -27.375 0.000 14.547
3 16 -27.375 4.000 14.547 -26.625 0.000 14.022 -27.375 0.000 14.547
3 16 -27.375 4.000 14.547 -26.625 4.000 14.022 -26.625 0.000 14.022
3 16 -26.625 4.000 14.022 -25.978 0.000 13.375 -26.625 0.000 14.022
3 16 -26.625 4.000 14.022 -25.978 4.000 13.375 -25.978 0.000 13.375
3 16 -25.978 4.000 13.375 -25.453 0.000 12.625 -25.978 0.000 13.375
3 16 -25.978 4.000 13.375 -25.453 4.000 12.625 -25.453 0.000 12.625
3 16 -25.453 4.000 12.625 -25.067 0.000 11.796 -25.453 0.000 12.625
3 16 -25.453 4.000 12.625 -25.067 4.000 11.796 -25.067 0.000 11.796
3 16 -25.067 4.000 11.796 -24.830 0.000 10.912 -25.067 0.000 11.796
3 16 -25.067 4.000 11.796 -24.830 4.000 10.912 -24.830 0.000 10.912
3 16 -24.830 4.000 10.912 -24.750 0.000 10.000 -24.830 0.000 10.912
3 16 -24.830 4.000 10.912 -24.750 4.000 10.000 -24.750 0.000 10.000
3 16 -24.750 4.000 10.000 -24.830 0.000 9.088 -24.750 0.000 10.000
3 16 -24.750 4.000 10.000 -24.830 4.000 9.088 -24.830 0.000 9.088
3 16 -24.830 4.000 9.088 -25.067 0.000 8.204 -24.830 0.000 9.088
3 16 -24.830 4.000 9.088 -25.067 4.000 8.204 -25.067 0.000 8.204
3 16 -25.067 4.000 8.204 -25.453 0.000 7.375 -25.067 0.000 8.204
3 16 -25.067 4.000 8.204 -25.453 4.000 7.375 -25.453 0.000 7.375
3 16 -25.453 4.000 7.375 -25.978 0.000 6.625 -25.453 0.000 7.375
3 16 -25.453 4.000 7.375 -25.978 4.000 6.625 -25.978 0.000 6.625
3 16 -25.978 4.000 6.625 -26.625 0.000 5.978 -25.978 0.000 6.625
3 16 -25.978 4.000 6.625 -26.625 4.000 5.978 -26.625 0.000 5.978
3 16 -26.625 4.000 5.978 -27.375 0.000 5.453 -26.625 0.000 5.978
3 16 -26.625 4.000 5.978 -27.375 4.000 5.453 -27.375 0.000 5.453
3 16 -27.375 4.000 5.453 -28.204 0.000 5.067 -27.375 0.000 5.453
3 16 -27.375 4.000 5.453 -28.204 4.000 5.067 -28.204 0.000 5.067
3 16 -28.204 4.000 5.067 -29.088 0.000 4.830 -28.204 0.000 5.067
3 16 -28.204 4.000 5.067 -29.088 4.000 4.830 -29.088 0.000 4.830
3 16 -29.088 4.000 4.830 -30.000 0.000 4.750 -29.088 0.000 4.830
3 16 -29.088 4.000 4.830 -30.000 4.000 4.750 -30.000 0.000 4.750
3 16 -30.000 4.000 4.750 -30.912 0.000 4.830 -30.000 0.000 4.750
3 16 -30.000 4.000 4.750 -30.912 4.000 4.830 -30.912 0.000 4.830
3 16 -30.912 4.000 4.830 -31.796 0.000 5.067 -30.912 0.000 4.830
3 16 -30.912 4.000 4.830 -31.796 4.000 5.067 -31.796 0.000 5.067
3 16 -31.796 4.000 5.067 -32.625 0.000 5.453 -31.796 0.000 5.067
3 16 -31.796 4.000 5.067 -32.625 4.000 5.453 -32.625 0.000 5.453
3 16 -32.625 4.000 5.453 -33.375 0.000 5.978 -32.625 0.000 5.453
3 16 -32.625 4.000 5.453 -33.375 4.000 5.978 -33.375 0.000 5.978
3 16 -33.375 4.000 5.978 -34.022 0.000 6.625 -33.375 0.000 5.978
3 16 -33.375 4.000 5.978 -34.022 4.000 6.625 -34.022 0.000 6.625
3 16 -34.022 4.000 6.625 -34.547 0.000 7.375 -34.022 0.000 6.625
3 16 -34.022 4.000 6.625 -34.547 4.000 7.375 -34.547 0.000 7.375
3 16 -34.547 4.000 7.375 -34.933 0.000 8.204 -34.547 0.000 7.375
3 16 -34.547 4.000 7.375 -34.933 4.000 8.204 -34.933 0.000 8.204
3 16 -34.933 4.000 8.204 -35.170 0.000 9.088 -34.933 0.000 8.204
3 16 -34.933 4.000 8.204 -35.170 4.000 9.088 -35.170 0.000 9.088
3 16 -35.170 4.000 9.088 -35.250 0.000 10.000 -35.170 0.000 9.088
3 16 -35.170 4.000 9.088 -35.250 4.000 10.000 -35.250 0.000 10.000
3 16 -35.250 4.000 10.000 -35.170 0.000 10.912 -35.250 0.000 10.000
3 16 -35.250 4.000 10.000 -35.170 4.000 10.912 -35.170 0.000 10.912
3 16 -35.170 4.000 10.912 -34.933 0.000 11.796 -35.170 0.000 10.912
3 16 -35.170 4.000 10.912 -34.933 4.000 11.796 -34.933 0.000 11.796
3 16 -34.933 4.000 11.796 -34.547 0.000 12.625 -34.933 0.000 11.796
3 16 -34.933 4.000 11.796 -34.547 4.000 12.625 -34.547 0.000 12.625
3 16 -34.547 4.000 12.625 -34.022 0.000 13.375 -34.547 0.000 12.625
3 16 -34.547 4.000 12.625 -34.022 4.000 13.375 -34.022 0.000 13.375
3 16 -34.022 4.000 13.375 -33.375 0.000 14.022 -34.022 0.000 13.375
3 16 -34.022 4.000 13.375 -33.375 4.000 14.022 -33.375 0.000 14.022
3 16 -33.375 4.000 14.022 -32.625 0.000 14.547 -33.375 0.000 14.022
3 16 -33.375 4.000 14.022 -32.625 4.000 14.547 -32.625 0.000 14.547
3 16 -32.625 4.000 14.547 -31.796 0.000 14.933 -32.625 0.000 14.547
3 16 -32.625 4.000 14.547 -31.796 4.000 14.933 -31.796 0.000 14.933
3 16 -31.796 4.000 14.933 -30.912 0.000 15.170 -31.796 0.000 14.933
3 16 -31.796 4.000 14.933 -30.912 4.000 15.170 -30.912 0.000 15.170
3 16 -30.912 4.000 15.170 -30.000 0.000 15.250 -30.912 0.000 15.170
3 16 -30.912 4.000 15.170 -30.000 4.000 15.250 -30.000 0.000 15.250
3 16 -10.000 4.000 15.250 -9.088 0.000 15.170 -10.000 0.000 15.250
3 16 -10.000 4.000 15.250 -9.088 4.000 15.170 -9.088 0.000 15.170
3 16 -9.088 4.000 15.170 -8.204 0.000 14.933 -9.088 0.000 15.170
3 16 -9.088 4.000 15.170 -8.204 4.000 14.933 -8.204 0.000 14.933
3 16 -8.204 4.000 14.933 -7.375 0.000 14.547 -8.204 0.000 14.933
3 16 -8.204 4.000 14.933 -7.375 4.000 14.547 -7.375 0.000 14.547
3 16 -7.375 4.000 14.547 -6.625 0.000 14.022 -7.375 0.000 14.547
3 16 -7.375 4.000 14.547 -6.625 4.000 14.022 -6.625 0.000 14.022
3 16 -6.625 4.000 14.022 -5.978 0.000 13.375 -6.625 0.000 14.022
3 16 -6.625 4.000 14.022 -5.978 4.000 13.375 -5.978 0.000 13.375
3 16 -5.978 4.000 13.375 -5.453 0.000 12.625 -5.978 0.000 13.375
3 16 -5.978 4.000 13.375 -5.453 4.000 12.625 -5.453 0.000 12.625
3 16 -5.453 4.000 12.625 -5.067 0.000 11.796 -5.453 0.000 12.625
3 16 -5.453 4.000 12.625 -5.067 4.000 11.796 -5.067 0.000 11.796
3 16 -5.067 4.000 11.796 -4.830 0.000 10.912 -5.067 0.000 11.796
3 16 -5.067 4.000 11.796 -4.830 4.000 10.912 -4.830 0.000 10.912
3 16 -4.830 4.000 10.912 -4.750 0.000 10.000 -4.830 0.000 10.912
3 16 -4.830 4.000 10.912 -4.750 4.000 10.000 -4.750 0.000 10.000
3 16 -4.750 4.000 10.000 -4.830 0.000 9.088 -4.750 0.000 10.000
3 16 -4.750 4.000 10.000 -4.830 4.000 9.088 -4.830 0.000 9.088
3 16 -4.830 4.000 9.088 -5.067 0.000 8.204 -4.830 0.000 9.088
3 16 -4.830 4.000 9.088 -5.067 4.000 8.204 -5.067 0.000 8.204
3 16 -5.067 4.000 8.204 -5.453 0.000 7.375 -5.067 0.000 8.204
3 16 -5.067 4.000 8.204 -5.453 4.000 7.375 -5.453 0.000 7.375
3 16 -5.453 4.000 7.375 -5.978 0.000 6.625 -5.453 0.000 7.375
3 16 -5.453 4.000 7.375 -5.978 4.000 6.625 -5.978 0.000 6.625
3 16 -5.978 4.000 6.625 -6.625 0.000 5.978 -5.978 0.000 6.625
3 16 -5.978 4.000 6.625 -6.625 4.000 5.978 -6.625 0.000 5.978
3 16 -6.625 4.000 5.978 -7.375 0.000 5.453 -6.625 0.000 5.978
3 16 -6.625 4.000 5.978 -7.375 4.000 5.453 -7.375 0.000 5.453
3 16 -7.375 4.000 5.453 -8.204 0.000 5.067 -7.375 0.000 5.453
3 16 -7.375 4.000 5.453 -8.204 4.000 5.067 -8.204 0.000 5.067
3 16 -8.204 4.000 5.067 -9.088 0.000 4.830 -8.204 0.000 5.067
3 16 -8.204 4.000 5.067 -9.088 4.000 4.830 -9.088 0.000 4.830
3 16 -9.088 4.000 4.830 -10.000 0.000 4.750 -9.088 0.000 4.830
3 16 -9.088 4.000 4.830 -10.000 4.000 4.750 -10.000 0.000 4.750
3 16 -10.000 4.000 4.750 -10.912 0.000 4.830 -10.000 0.000 4.750
3 16 -10.000 4.000 4.750 -10.912 4.000 4.830 -10.912 0.000 4.830
3 16 -10.912 4.000 4.830 -11.796 0.000 5.067 -10.912 0.000 4.830
3 16 -10.912 4.000 4.830 -11.796 4.000 5.067 -11.796 0.000 5.067
3 16 -11.796 4.000 5.067 -12.625 0.000 5.453 -11.796 0.000 5.067
3 16 -11.796 4.000 5.067 -12.625 4.000 5.453 -12.625 0.000 5.453
3 16 -12.625 4.000 5.453 -13.375 0.000 5.978 -12.625 0.000 5.453
3 16 -12.625 4.000 5.453 -13.375 4.000 5.978 -13.375 0.000 5.978
3 16 -13.375 4.000 5.978 -14.022 0.000 6.625 -13.375 0.000 5.978
3 16 -13.375 4.000 5.978 -14.022 4.000 6.625 -14.022 0.000 6.625
3 16 -14.022 4.000 6.625 -14.547 0.000 7.375 -14.022 0.000 6.625
3 16 -14.022 4.000 6.625 -14.547 4.000 7.375 -14.547 0.000 7.375
3 16 -14.547 4.000 7.375 -14.933 0.000 8.204 -14.547 0.000 7.375
3 16 -14.547 4.000 7.375 -14.933 4.000 8.204 -14.933 0.000 8.204
3 16 -14.933 4.000 8.204 -15.170 0.000 9.088 -14.933 0.000 8.204
3 16 -14.933 4.000 8.204 -15.170 4.000 9.088 -15.170 0.000 9.088
3 16 -15.170 4.000 9.088 -15.250 0.000 10.000 -15.170 0.000 9.088
3 16 -15.170 4.000 9.088 -15.250 4.000 10.000 -15.250 0.000 10.000
3 16 -15.250 4.000 10.000 -15.170 0.000 10.912 -15.250 0.000 10.000
3 16 -15.250 4.000 10.000 -15.170 4.000 10.912 -15.170 0.000 10.912
3 16 -15.170 4.000 10.912 -14.933 0.000 11.796 -15.170 0.000 10.912
3 16 -15.170 4.000 10.912 -14.933 4.000 11.796 -14.933 0.000 11.796
3 16 -14.933 4.000 11.796 -14.547 0.000 12.625 -14.933 0.000 11.796
3 16 -14.933 4.000 11.796 -14.547 4.000 12.625 -14.547 0.000 12.625
3 16 -14.547 4.000 12.625 -14.022 0.000 13.375 -14.547 0.000 12.625
3 16 -14.547 4.000 12.625 -14.022 4.000 13.375 -14.022 0.000 13.375
3 16 -14.022 4.000 13.375 -13.375 0.000 14.022 -14.022 0.000 13.375
3 16 -14.022 4.000 13.375 -13.375 4.000 14.022 -13.375 0.000 14.022
3 16 -13.375 4.000 14.022 -12.625 0.000 14.547 -13.375 0.000 14.022
3 16 -13.375 4.000 14.022 -12.625 4.000 14.547 -12.625 0.000 14.547
3 16 -12.625 4.000 14.547 -11.796 0.000 14.933 -12.625 0.000 14.547
3 16 -12.625 4.000 14.547 -11.796 4.000 14.933 -11.796 0.000 14.933
3 16 -11.796 4.000 14.933 -10.912 0.000 15.170 -11.796 0.000 14.933
3 16 -11.796 4.000 14.933 -10.912 4.000 15.170 -10.912 0.000 15.170
3 16 -10.912 4.000 15.170 -10.000 0.000 15.250 -10.912 0.000 15.170
3 16 -10.912 4.000 15.170 -10.000 4.000 15.250 -10.000 0.000 15.250
3 16 50.000 4.000 15.250 50.912 0.000 15.170 50.000 0.000 15.250
3 16 50.000 4.000 15.250 50.912 4.000 15.170 50.912 0.000 15.170
3 16 50.912 4.000 15.170 51.796 0.000 14.933 50.912 0.000 15.170
3 16 50.912 4.000 15.170 51.796 4.000 14.933 51.796 0.000 14.933
3 16 51.796 4.000 14.933 52.625 0.000 14.547 51.796 0.000 14.933
3 16 51.796 4.000 14.933 52.625 4.000 14.547 52.625 0.000 14.547
3 16 52.625 4.000 14.547 53.375 0.000 14.022 52.625 0.000 14.547
3 16 52.625 4.000 14.547 53.375 4.000 14.022 53.375 0.000 14.022
3 16 53.375 4.000 14.022 54.022 0.000 13.375 53.375 0.000 14.022
3 16 53.375 4.000 14.022 54.022 4.000 13.375 54.022 0.000 13.375
3 16 54.022 4.000 13.375 54.547 0.000 12.625 54.022 0.000 13.375
3 16 54.022 4.000 13.375 54.547 4.000 12.625 54.547 0.000 12.625
3 16 54.547 4.000 12.625 54.933 0.000 11.796 54.547 0.000 12.625
3 16 54.547 4.000 12.625 54.933 4.000 11.796 54.933 0.000 11.796
3 16 54.933 4.000 11.796 55.170 0.000 10.912 54.933 0.000 11.796
3 16 54.933 4.000 11.796 55.170 4.000 10.912 55.170 0.000 10.912
3 16 55.170 4.000 10.912 55.250 0.000 10.000 55.170 0.000 10.912
3 16 55.170 4.000 10.912 55.250 4.000 10.000 55.250 0.000 10.000
3 16 55.250 4.000 10.000 55.170 0.000 9.088 55.250 0.000 10.000
3 16 55.250 4.000 10.000 55.170 4.000 9.088 55.170 0.000 9.088
3 16 55.170 4.000 9.088 54.933 0.000 8.204 55.170 0.000 9.088
3 16 55.170 4.000 9.088 54.933 4.000 8.204 54.933 0.000 8.204
3 16 54.933 4.000 8.204 54.547 0.000 7.375 54.933 0.000 8.204
3 16 54.933 4.000 8.204 54.547 4.000 7.375 54.547 0.000 7.375
3 16 54.547 4.000 7.375 54.022 0.000 6.625 54.547 0.000 7.375
3 16 54.547 4.000 7.375 54.022 4.000 6.625 54.022 0.000 6.625
3 16 54.022 4.000 6.625 53.375 0.000 5.978 54.022 0.000 6.625
3 16 54.022 4.000 6.625 53.375 4.000 5.978 53.375 0.000 5.978
3 16 53.375 4.000 5.978 52.625 0.000 5.453 53.375 0.000 5.978
3 16 53.375 4.000 5.978 52.625 4.000 5.453 52.625 0.000 5.453
3 16 52.625 4.000 5.453 51.796 0.000 5.067 52.625 0.000 5.453
3 16 52.625 4.000 5.453 51.796 4.000 5.067 51.796 0.000 5.067
3 16 51.796 4.000 5.067 50.912 0.000 4.830 51.796 0.000 5.067
3 16 51.796 4.000 5.067 50.912 4.000 4.830 50.912 0.000 4.830
3 16 50.912 4.000 4.830 50.000 0.000 4.750 50.912 0.000 4.830
3 16 50.912 4.000 4.830 50.000 4.000 4.750 50.000 0.000 4.750
3 16 50.000 4.000 4.750 49.088 0.000 4.830 50.000 0.000 4.750
3 16 50.000 4.000 4.750 49.088 4.000 4.830 49.088 0.000 4.830
3 16 49.088 4.000 4.830 48.204 0.000 5.067 49.088 0.000 4.830
3 16 49.088 4.000 4.830 48.204 4.000 5.067 48.204 0.000 5.067
3 16 48.204 4.000 5.067 47.375 0.000 5.453 48.204 0.000 5.067
3 16 48.204 4.000 5.067 47.375 4.000 5.453 47.375 0.000 5.453
3 16 47.375 4.000 5.453 46.625 0.000 5.978 47.375 0.000 5.453
3 16 47.375 4.000 5.453 46.625 4.000 5.978 46.625 0.000 5.978
3 16 46.625 4.000 5.978 45.978 0.000 6.625 46.625 0.000 5.978
3 16 46.625 4.000 5.978 45.978 4.000 6.625 45.978 0.000 6.625
3 16 45.978 4.000 6.625 45.453 0.000 7.375 45.978 0.000 6.625
3 16 45.978 4.000 6.625 45.453 4.000 7.375 45.453 0.000 7.375
3 16 45.453 4.000 7.375 45.067 0.000 8.204 45.453 0.000 7.375
3 16 45.453 4.000 7.375 45.067 4.000 8.204 45.067 0.000 8.204
3 16 45.067 4.000 8.204 44.830 0.000 9.088 45.067 0.000 8.204
3 16 45.067 4.000 8.204 44.830 4.000 9.088 44.830 0.000 9.088
3 16 44.830 4.000 9.088 44.750 0.000 10.000 44.830 0.000 9.088
3 16 44.830 4.000 9.088 44.750 4.000 10.000 44.750 0.000 10.000
3 16 44.750 4.000 10.000 44.830 0.000 10.912 44.750 0.000 10.000
3 16 44.750 4.000 10.000 44.830 4.000 10.912 44.830 0.000 10.912
3 16 44.830 4.000 10.912 45.067 0.000 11.796 44.830 0.000 10.912
3 16 44.830 4.000 10.912 45.067 4.000 11.796 45.067 0.000 11.796
3 16 45.067 4.000 11.796 45.453 0.000 12.625 45.067 0.000 11.796
3 16 45.067 4.000 11.796 45.453 4.000 12.625 45.453 0.000 12.625
3 16 45.453 4.000 12.625 45.978 0.000 13.375 45.453 0.000 12.625
3 16 45.453 4.000 12.625 45.978 4.000 13.375 45.978 0.000 13.375
3 16 45.978 4.000 13.375 46.625 0.000 14.022 45.978 0.000 13.375
3 16 45.978 4.000 13.375 46.625 4.000 14.022 46.625 0.000 14.022
3 16 46.625 4.000 14.022 47.375 0.000 14.547 46.625 0.000 14.022
3 16 46.625 4.000 14.022 47.375 4.000 14.547 47.375 0.000 14.547
3 16 47.375 4.000 14.547 48.204 0.000 14.933 47.375 0.000 14.547
3 16 47.375 4.000 14.547 48.204 4.000 14.933 48.204 0.000 14.933
3 16 48.204 4.000 14.933 49.088 0.000 15.170 48.204 0.000 14.933
3 16 48.204 4.000 14.933 49.088 4.000 15.170 49.088 0.000 15.170
3 16 49.088 4.000 15.170 50.000 0.000 15.250 49.088 0.000 15.170
3 16 49.088 4.000 15.170 50.000 4.000 15.250 50.000 0.000 15.250
3 16 -5.453 0.000 7.375 0.000 0.000 -2.125 -5.067 0.000 8.204
3 16 -5.453 0.000 7.375 -5.978 0.000 6.625 0.000 0.000 -2.125
3 16 -6.625 0.000 5.978 0.000 0.000 -2.125 -5.978 0.000 6.625
3 16 -6.625 0.000 5.978 -7.375 0.000 5.453 0.000 0.000 -2.125
3 16 -7.375 0.000 5.453 -8.204 0.000 5.067 0.000 0.000 -2.125
3 16 -25.453 0.000 12.625 -14.547 0.000 7.375 -25.978 0.000 13.375
3 16 -25.453 0.000 12.625 -25.067 0.000 11.796 -14.547 0.000 7.375
3 16 -25.067 0.000 11.796 -24.830 0.000 10.912 -14.547 0.000 7.375
3 16 -4.750 0.000 10.000 0.000 0.000 -2.125 0.000 0.000 18.688
3 16 -4.750 0.000 10.000 -4.830 0.000 9.088 0.000 0.000 -2.125
3 16 -4.830 0.000 9.088 -5.067 0.000 8.204 0.000 0.000 -2.125
3 16 -9.088 0.000 4.830 0.000 0.000 -2.125 -8.204 0.000 5.067
3 16 -9.088 0.000 4.830 -10.000 0.000 4.750 0.000 0.000 -2.125
3 16 -10.000 0.000 4.750 -30.000 0.000 -2.125 0.000 0.000 -2.125
3 16 -10.000 0.000 4.750 -10.912 0.000 4.830 -30.000 0.000 -2.125
3 16 -10.912 0.000 4.830 -11.796 0.000 5.067 -30.000 0.000 -2.125
3 16 -31.796 0.000 14.933 -37.794 0.000 19.288 -32.625 0.000 14.547
3 16 -31.796 0.000 14.933 -30.912 0.000 15.170 -37.794 0.000 19.288
3 16 -13.375 0.000 14.022 -37.794 0.000 19.288 -14.022 0.000 13.375
3 16 -13.375 0.000 14.022 -12.625 0.000 14.547 -37.794 0.000 19.288
3 16 -5.067 0.000 11.796 0.000 0.000 18.688 -5.453 0.000 12.625
3 16 -5.067 0.000 11.796 -4.830 0.000 10.912 0.000 0.000 18.688
3 16 -4.830 0.000 10.912 -4.750 0.000 10.000 0.000 0.000 18.688
3 16 -27.375 0.000 14.547 -14.547 0.000 7.375 -14.933 0.000 8.204
3 16 -27.375 0.000 14.547 -26.625 0.000 14.022 -14.547 0.000 7.375
3 16 -26.625 0.000 14.022 -25.978 0.000 13.375 -14.547 0.000 7.375
3 16 -15.170 0.000 9.088 -27.375 0.000 14.547 -14.933 0.000 8.204
3 16 -15.170 0.000 9.088 -15.250 0.000 10.000 -27.375 0.000 14.547
3 16 -15.250 0.000 10.000 -28.204 0.000 14.933 -27.375 0.000 14.547
3 16 -8.204 0.000 14.933 0.000 0.000 18.688 -9.088 0.000 15.170
3 16 -8.204 0.000 14.933 -7.375 0.000 14.547 0.000 0.000 18.688
3 16 -29.088 0.000 4.830 -30.000 0.000 -2.125 -28.204 0.000 5.067
3 16 -29.088 0.000 4.830 -30.000 0.000 4.750 -30.000 0.000 -2.125
3 16 -30.000 0.000 4.750 -32.105 0.000 -1.941 -30.000 0.000 -2.125
3 16 -30.000 0.000 4.750 -30.912 0.000 4.830 -32.105 0.000 -1.941
3 16 -30.912 0.000 4.830 -34.147 0.000 -1.394 -32.105 0.000 -1.941
3 16 -30.912 0.000 4.830 -31.796 0.000 5.067 -34.147 0.000 -1.394
3 16 -31.796 0.000 5.067 -36.063 0.000 -0.501 -34.147 0.000 -1.394
3 16 -31.796 0.000 5.067 -32.625 0.000 5.453 -36.063 0.000 -0.501
3 16 -32.625 0.000 5.453 -37.794 0.000 0.712 -36.063 0.000 -0.501
3 16 -32.625 0.000 5.453 -33.375 0.000 5.978 -37.794 0.000 0.712
3 16 -33.375 0.000 5.978 -39.288 0.000 2.206 -37.794 0.000 0.712
3 16 -33.375 0.000 5.978 -34.022 0.000 6.625 -39.288 0.000 2.206
3 16 -34.022 0.000 6.625 -40.501 0.000 3.938 -39.288 0.000 2.206
3 16 -34.022 0.000 6.625 -34.547 0.000 7.375 -40.501 0.000 3.938
3 16 -34.547 0.000 7.375 -41.394 0.000 5.853 -40.501 0.000 3.938
3 16 -34.547 0.000 7.375 -34.933 0.000 8.204 -41.394 0.000 5.853
3 16 -34.933 0.000 8.204 -41.941 0.000 7.895 -41.394 0.000 5.853
3 16 -34.933 0.000 8.204 -35.170 0.000 9.088 -41.941 0.000 7.895
3 16 -35.170 0.000 9.088 -42.125 0.000 10.000 -41.941 0.000 7.895
3 16 -35.170 0.000 9.088 -35.250 0.000 10.000 -42.125 0.000 10.000
3 16 -35.250 0.000 10.000 -41.941 0.000 12.105 -42.125 0.000 10.000
3 16 -35.250 0.000 10.000 -35.170 0.000 10.912 -41.941 0.000 12.105
3 16 -35.170 0.000 10.912 -41.394 0.000 14.147 -41.941 0.000 12.105
3 16 -35.170 0.000 10.912 -34.933 0.000 11.796 -41.394 0.000 14.147
3 16 -34.933 0.000 11.796 -40.501 0.000 16.063 -41.394 0.000 14.147
3 16 -34.933 0.000 11.796 -34.547 0.000 12.625 -40.501 0.000 16.063
3 16 -34.547 0.000 12.625 -39.288 0.000 17.794 -40.501 0.000 16.063
3 16 -34.547 0.000 12.625 -34.022 0.000 13.375 -39.288 0.000 17.794
3 16 -34.022 0.000 13.375 -37.794 0.000 19.288 -39.288 0.000 17.794
3 16 -34.022 0.000 13.375 -33.375 0.000 14.022 -37.794 0.000 19.288
3 16 -33.375 0.000 14.022 -32.625 0.000 14.547 -37.794 0.000 19.288
3 16 -6.625 0.000 14.022 0.000 0.000 18.688 -7.375 0.000 14.547
3 16 -6.625 0.000 14.022 -5.978 0.000 13.375 0.000 0.000 18.688
3 16 -5.978 0.000 13.375 -5.453 0.000 12.625 0.000 0.000 18.688
3 16 -13.375 0.000 5.978 -25.978 0.000 6.625 -12.625 0.000 5.453
3 16 -13.375 0.000 5.978 -14.022 0.000 6.625 -25.978 0.000 6.625
3 16 -14.022 0.000 6.625 -25.453 0.000 7.375 -25.978 0.000 6.625
3 16 -25.978 0.000 6.625 -11.796 0.000 5.067 -12.625 0.000 5.453
3 16 -25.978 0.000 6.625 -26.625 0.000 5.978 -11.796 0.000 5.067
3 16 -26.625 0.000 5.978 -30.000 0.000 -2.125 -11.796 0.000 5.067
3 16 -26.625 0.000 5.978 -27.375 0.000 5.453 -30.000 0.000 -2.125
3 16 -27.375 0.000 5.453 -28.204 0.000 5.067 -30.000 0.000 -2.125
3 16 -30.000 0.000 15.250 -37.794 0.000 19.288 -30.912 0.000 15.170
3 16 -30.000 0.000 15.250 -29.088 0.000 15.170 -37.794 0.000 19.288
3 16 -29.088 0.000 15.170 -28.204 0.000 14.933 -37.794 0.000 19.288
3 16 -24.750 0.000 10.000 -14.547 0.000 7.375 -24.830 0.000 10.912
3 16 -24.750 0.000 10.000 -24.830 0.000 9.088 -14.547 0.000 7.375
3 16 -24.830 0.000 9.088 -14.022 0.000 6.625 -14.547 0.000 7.375
3 16 -24.830 0.000 9.088 -25.067 0.000 8.204 -14.022 0.000 6.625
3 16 -25.067 0.000 8.204 -25.453 0.000 7.375 -14.022 0.000 6.625
3 16 -15.170 0.000 10.912 -28.204 0.000 14.933 -15.250 0.000 10.000
3 16 -15.170 0.000 10.912 -14.933 0.000 11.796 -28.204 0.000 14.933
3 16 -14.933 0.000 11.796 -37.794 0.000 19.288 -28.204 0.000 14.933
3 16 -14.933 0.000 11.796 -14.547 0.000 12.625 -37.794 0.000 19.288
3 16 -14.547 0.000 12.625 -14.022 0.000 13.375 -37.794 0.000 19.288
3 16 -11.796 0.000 14.933 -37.794 0.000 19.288 -12.625 0.000 14.547
3 16 -11.796 0.000 14.933 -10.912 0.000 15.170 -37.794 0.000 19.288
3 16 -10.912 0.000 15.170 0.000 0.000 18.688 -37.794 0.000 19.288
3 16 -10.912 0.000 15.170 -10.000 0.000 15.250 0.000 0.000 18.688
3 16 -10.000 0.000 15.250 -9.088 0.000 15.170 0.000 0.000 18.688
3 16 -32.105 0.000 21.941 -34.147 0.000 21.394 -30.000 0.000 22.125
3 16 56.063 0.000 20.501 54.147 0.000 21.394 57.794 0.000 19.288
3 16 -36.063 0.000 20.501 -30.000 0.000 22.125 -34.147 0.000 21.394
3 16 -36.063 0.000 20.501 -37.794 0.000 19.288 -30.000 0.000 22.125
3 16 -37.794 0.000 19.288 0.000 0.000 22.125 -30.000 0.000 22.125
3 16 -37.794 0.000 19.288 0.000 0.000 18.688 0.000 0.000 22.125
3 16 0.000 0.000 18.688 50.000 0.000 22.125 0.000 0.000 22.125
3 16 0.000 0.000 18.688 57.794 0.000 19.288 50.000 0.000 22.125
3 16 57.794 0.000 19.288 52.105 0.000 21.941 50.000 0.000 22.125
3 16 57.794 0.000 19.288 54.147 0.000 21.394 52.105 0.000 21.941
3 16 29.088 0.000 15.170 14.933 0.000 11.796 28.204 0.000 14.933
3 16 25.453 0.000 7.375 0.000 0.000 -2.125 25.978 0.000 6.625
3 16 50.000 0.000 -2.125 32.625 0.000 5.453 31.796 0.000 5.067
3 16 50.000 0.000 -2.125 33.375 0.000 5.978 32.625 0.000 5.453
3 16 30.912 0.000 4.830 50.000 0.000 -2.125 31.796 0.000 5.067
3 16 30.912 0.000 4.830 30.000 0.000 4.750 50.000 0.000 -2.125
3 16 30.000 0.000 4.750 0.000 0.000 -2.125 50.000 0.000 -2.125
3 16 30.000 0.000 4.750 29.088 0.000 4.830 0.000 0.000 -2.125
3 16 29.088 0.000 4.830 28.204 0.000 5.067 0.000 0.000 -2.125
3 16 5.067 0.000 11.796 0.000 0.000 18.688 4.830 0.000 10.912
3 16 27.375 0.000 5.453 0.000 0.000 -2.125 28.204 0.000 5.067
3 16 27.375 0.000 5.453 26.625 0.000 5.978 0.000 0.000 -2.125
3 16 26.625 0.000 5.978 25.978 0.000 6.625 0.000 0.000 -2.125
3 16 13.375 0.000 5.978 25.067 0.000 8.204 14.022 0.000 6.625
3 16 13.375 0.000 5.978 25.453 0.000 7.375 25.067 0.000 8.204
3 16 51.796 0.000 14.933 57.794 0.000 19.288 50.912 0.000 15.170
3 16 25.067 0.000 11.796 15.170 0.000 10.912 24.830 0.000 10.912
3 16 26.625 0.000 14.022 14.933 0.000 11.796 25.978 0.000 13.375
3 16 26.625 0.000 14.022 27.375 0.000 14.547 14.933 0.000 11.796
3 16 27.375 0.000 14.547 28.204 0.000 14.933 14.933 0.000 11.796
3 16 12.625 0.000 5.453 25.453 0.000 7.375 13.375 0.000 5.978
3 16 12.625 0.000 5.453 11.796 0.000 5.067 25.453 0.000 7.375
3 16 11.796 0.000 5.067 0.000 0.000 -2.125 25.453 0.000 7.375
3 16 11.796 0.000 5.067 10.912 0.000 4.830 0.000 0.000 -2.125
3 16 10.912 0.000 4.830 10.000 0.000 4.750 0.000 0.000 -2.125
3 16 9.088 0.000 4.830 0.000 0.000 -2.125 10.000 0.000 4.750
3 16 9.088 0.000 4.830 8.204 0.000 5.067 0.000 0.000 -2.125
3 16 8.204 0.000 5.067 7.375 0.000 5.453 0.000 0.000 -2.125
3 16 34.933 0.000 8.204 49.088 0.000 4.830 48.204 0.000 5.067
3 16 34.933 0.000 8.204 34.547 0.000 7.375 49.088 0.000 4.830
3 16 34.547 0.000 7.375 50.000 0.000 -2.125 49.088 0.000 4.830
3 16 34.547 0.000 7.375 34.022 0.000 6.625 50.000 0.000 -2.125
3 16 34.022 0.000 6.625 33.375 0.000 5.978 50.000 0.000 -2.125
3 16 47.375 0.000 5.453 34.933 0.000 8.204 48.204 0.000 5.067
3 16 47.375 0.000 5.453 46.625 0.000 5.978 34.933 0.000 8.204
3 16 46.625 0.000 5.978 45.978 0.000 6.625 34.933 0.000 8.204
3 16 25.067 0.000 11.796 14.933 0.000 11.796 15.170 0.000 10.912
3 16 25.067 0.000 11.796 25.453 0.000 12.625 14.933 0.000 11.796
3 16 25.453 0.000 12.625 25.978 0.000 13.375 14.933 0.000 11.796
3 16 14.933 0.000 8.204 25.067 0.000 8.204 24.830 0.000 9.088
3 16 14.933 0.000 8.204 14.547 0.000 7.375 25.067 0.000 8.204
3 16 14.547 0.000 7.375 14.022 0.000 6.625 25.067 0.000 8.204
3 16 6.625 0.000 5.978 0.000 0.000 -2.125 7.375 0.000 5.453
3 16 6.625 0.000 5.978 5.978 0.000 6.625 0.000 0.000 -2.125
3 16 5.978 0.000 6.625 5.453 0.000 7.375 0.000 0.000 -2.125
3 16 45.453 0.000 12.625 34.933 0.000 11.796 45.067 0.000 11.796
3 16 45.453 0.000 12.625 45.978 0.000 13.375 34.933 0.000 11.796
3 16 45.978 0.000 13.375 46.625 0.000 14.022 34.933 0.000 11.796
3 16 57.794 0.000 19.288 50.000 0.000 15.250 50.912 0.000 15.170
3 16 15.170 0.000 10.912 24.750 0.000 10.000 24.830 0.000 10.912
3 16 15.170 0.000 10.912 15.250 0.000 10.000 24.750 0.000 10.000
3 16 15.250 0.000 10.000 24.830 0.000 9.088 24.750 0.000 10.000
3 16 15.250 0.000 10.000 15.170 0.000 9.088 24.830 0.000 9.088
3 16 15.170 0.000 9.088 14.933 0.000 8.204 24.830 0.000 9.088
3 16 5.067 0.000 8.204 0.000 0.000 -2.125 5.453 0.000 7.375
3 16 5.067 0.000 8.204 4.830 0.000 9.088 0.000 0.000 -2.125
3 16 4.830 0.000 9.088 0.000 0.000 18.688 0.000 0.000 -2.125
3 16 4.830 0.000 9.088 4.750 0.000 10.000 0.000 0.000 18.688
3 16 4.750 0.000 10.000 4.830 0.000 10.912 0.000 0.000 18.688
3 16 5.453 0.000 12.625 0.000 0.000 18.688 5.067 0.000 11.796
3 16 5.453 0.000 12.625 5.978 0.000 13.375 0.000 0.000 18.688
3 16 5.978 0.000 13.375 6.625 0.000 14.022 0.000 0.000 18.688
3 16 57.794 0.000 19.288 32.625 0.000 14.547 33.375 0.000 14.022
3 16 57.794 0.000 19.288 31.796 0.000 14.933 32.625 0.000 14.547
3 16 34.022 0.000 13.375 57.794 0.000 19.288 33.375 0.000 14.022
3 16 34.022 0.000 13.375 34.547 0.000 12.625 57.794 0.000 19.288
3 16 34.547 0.000 12.625 34.933 0.000 11.796 57.794 0.000 19.288
3 16 45.453 0.000 7.375 34.933 0.000 8.204 45.978 0.000 6.625
3 16 45.453 0.000 7.375 45.067 0.000 8.204 34.933 0.000 8.204
3 16 45.067 0.000 8.204 44.830 0.000 9.088 34.933 0.000 8.204
3 16 52.625 0.000 14.547 57.794 0.000 19.288 51.796 0.000 14.933
3 16 52.625 0.000 14.547 53.375 0.000 14.022 57.794 0.000 19.288
3 16 53.375 0.000 14.022 59.288 0.000 17.794 57.794 0.000 19.288
3 16 53.375 0.000 14.022 54.022 0.000 13.375 59.288 0.000 17.794
3 16 54.022 0.000 13.375 60.501 0.000 16.063 59.288 0.000 17.794
3 16 54.022 0.000 13.375 54.547 0.000 12.625 60.501 0.000 16.063
3 16 54.547 0.000 12.625 61.394 0.000 14.147 60.501 0.000 16.063
3 16 54.547 0.000 12.625 54.933 0.000 11.796 61.394 0.000 14.147
3 16 54.933 0.000 11.796 61.941 0.000 12.105 61.394 0.000 14.147
3 16 54.933 0.000 11.796 55.170 0.000 10.912 61.941 0.000 12.105
3 16 55.170 0.000 10.912 62.125 0.000 10.000 61.941 0.000 12.105
3 16 55.170 0.000 10.912 55.250 0.000 10.000 62.125 0.000 10.000
3 16 55.250 0.000 10.000 61.941 0.000 7.895 62.125 0.000 10.000
3 16 55.250 0.000 10.000 55.170 0.000 9.088 61.941 0.000 7.895
3 16 55.170 0.000 9.088 61.394 0.000 5.853 61.941 0.000 7.895
3 16 55.170 0.000 9.088 54.933 0.000 8.204 61.394 0.000 5.853
3 16 54.933 0.000 8.204 60.501 0.000 3.938 61.394 0.000 5.853
3 16 54.933 0.000 8.204 54.547 0.000 7.375 60.501 0.000 3.938
3 16 54.547 0.000 7.375 59.288 0.000 2.206 60.501 0.000 3.938
3 16 54.547 0.000 7.375 54.022 0.000 6.625 59.288 0.000 2.206
3 16 54.022 0.000 6.625 57.794 0.000 0.712 59.288 0.000 2.206
3 16 54.022 0.000 6.625 53.375 0.000 5.978 57.794 0.000 0.712
3 16 53.375 0.000 5.978 56.063 0.000 -0.501 57.794 0.000 0.712
3 16 53.375 0.000 5.978 52.625 0.000 5.453 56.063 0.000 -0.501
3 16 52.625 0.000 5.453 54.147 0.000 -1.394 56.063 0.000 -0.501
3 16 52.625 0.000 5.453 51.796 0.000 5.067 54.147 0.000 -1.394
3 16 51.796 0.000 5.067 52.105 0.000 -1.941 54.147 0.000 -1.394
3 16 51.796 0.000 5.067 50.912 0.000 4.830 52.105 0.000 -1.941
3 16 50.912 0.000 4.830 50.000 0.000 -2.125 52.105 0.000 -1.941
3 16 50.912 0.000 4.830 50.000 0.000 4.750 50.000 0.000 -2.125
3 16 50.000 0.000 4.750 49.088 0.000 4.830 50.000 0.000 -2.125
3 16 47.375 0.000 14.547 34.933 0.000 11.796 46.625 0.000 14.022
3 16 47.375 0.000 14.547 48.204 0.000 14.933 34.933 0.000 11.796
3 16 48.204 0.000 14.933 57.794 0.000 19.288 34.933 0.000 11.796
3 16 48.204 0.000 14.933 49.088 0.000 15.170 57.794 0.000 19.288
3 16 49.088 0.000 15.170 50.000 0.000 15.250 57.794 0.000 19.288
3 16 7.375 0.000 14.547 0.000 0.000 18.688 6.625 0.000 14.022
3 16 7.375 0.000 14.547 8.204 0.000 14.933 0.000 0.000 18.688
3 16 8.204 0.000 14.933 9.088 0.000 15.170 0.000 0.000 18.688
3 16 10.000 0.000 15.250 0.000 0.000 18.688 9.088 0.000 15.170
3 16 10.000 0.000 15.250 10.912 0.000 15.170 0.000 0.000 18.688
3 16 10.912 0.000 15.170 57.794 0.000 19.288 0.000 0.000 18.688
3 16 10.912 0.000 15.170 11.796 0.000 14.933 57.794 0.000 19.288
3 16 11.796 0.000 14.933 12.625 0.000 14.547 57.794 0.000 19.288
3 16 30.000 0.000 15.250 57.794 0.000 19.288 29.088 0.000 15.170
3 16 30.000 0.000 15.250 30.912 0.000 15.170 57.794 0.000 19.288
3 16 30.912 0.000 15.170 31.796 0.000 14.933 57.794 0.000 19.288
3 16 34.933 0.000 11.796 44.830 0.000 10.912 45.067 0.000 11.796
3 16 34.933 0.000 11.796 35.170 0.000 10.912 44.830 0.000 10.912
3 16 35.170 0.000 10.912 44.750 0.000 10.000 44.830 0.000 10.912
3 16 35.170 0.000 10.912 35.250 0.000 10.000 44.750 0.000 10.000
3 16 35.250 0.000 10.000 44.830 0.000 9.088 44.750 0.000 10.000
3 16 35.250 0.000 10.000 35.170 0.000 9.088 44.830 0.000 9.088
3 16 35.170 0.000 9.088 34.933 0.000 8.204 44.830 0.000 9.088
3 16 13.375 0.000 14.022 57.794 0.000 19.288 12.625 0.000 14.547
3 16 13.375 0.000 14.022 14.022 0.000 13.375 57.794 0.000 19.288
3 16 14.022 0.000 13.375 29.088 0.000 15.170 57.794 0.000 19.288
3 16 14.022 0.000 13.375 14.547 0.000 12.625 29.088 0.000 15.170
3 16 14.547 0.000 12.625 14.933 0.000 11.796 29.088 0.000 15.170
2 24 57.794 0.000 19.288 56.063 0.000 20.501
2 24 54.147 4.000 21.394 52.105 4.000 21.941
2 24 57.794 4.000 19.288 56.063 4.000 20.501
2 24 33.375 0.000 14.022 32.625 0.000 14.547
2 24 47.375 0.000 5.453 46.625 0.000 5.978
2 24 56.063 4.000 20.501 54.147 4.000 21.394
2 24 -40.501 4.000 16.063 -41.394 4.000 14.147
2 24 5.978 4.000 6.625 5.453 4.000 7.375
2 24 25.978 0.000 6.625 25.453 0.000 7.375
2 24 -10.000 0.000 15.250 -10.912 0.000 15.170
2 24 -34.147 4.000 21.394 -36.063 4.000 20.501
2 24 -5.453 4.000 12.625 -5.978 4.000 13.375
2 24 -10.912 4.000 4.830 -11.796 4.000 5.067
2 24 14.547 0.000 12.625 14.022 0.000 13.375
2 24 -24.830 0.000 10.912 -25.067 0.000 11.796
2 24 -30.912 0.000 4.830 -31.796 0.000 5.067
2 24 -36.063 4.000 20.501 -37.794 4.000 19.288
2 24 10.000 0.000 4.750 9.088 0.000 4.830
2 24 -30.912 4.000 15.170 -31.796 4.000 14.933
2 24 10.000 4.000 4.750 9.088 4.000 4.830
2 24 -34.547 0.000 12.625 -34.933 0.000 11.796
2 24 -14.933 0.000 8.204 -15.170 0.000 9.088
2 24 50.000 0.000 15.250 49.088 0.000 15.170
2 24 10.000 4.000 15.250 9.088 4.000 15.170
2 24 -24.750 4.000 10.000 -24.830 4.000 10.912
2 24 -31.796 4.000 14.933 -32.625 4.000 14.547
2 24 -30.000 4.000 4.750 -30.912 4.000 4.830
2 24 45.978 4.000 6.625 45.453 4.000 7.375
2 24 -4.830 4.000 9.088 -5.067 4.000 8.204
2 24 51.796 4.000 5.067 50.912 4.000 4.830
2 24 4.830 0.000 10.912 4.750 0.000 10.000
2 24 -5.067 0.000 8.204 -5.453 0.000 7.375
2 24 -5.978 4.000 13.375 -6.625 4.000 14.022
2 24 -13.375 4.000 5.978 -14.022 4.000 6.625
2 24 -25.978 4.000 13.375 -26.625 4.000 14.022
2 24 -26.625 4.000 14.022 -27.375 4.000 14.547
2 24 -34.022 4.000 6.625 -34.547 4.000 7.375
2 24 -37.794 4.000 0.712 -39.288 4.000 2.206
2 24 -33.375 4.000 5.978 -34.022 4.000 6.625
2 24 26.625 4.000 5.978 25.978 4.000 6.625
2 24 6.625 4.000 5.978 5.978 4.000 6.625
2 24 14.022 4.000 13.375 13.375 4.000 14.022
2 24 34.022 4.000 13.375 33.375 4.000 14.022
2 24 46.625 4.000 5.978 45.978 4.000 6.625
2 24 59.288 4.000 17.794 57.794 4.000 19.288
2 24 54.022 4.000 13.375 53.375 4.000 14.022
2 24 -32.105 0.000 21.941 -34.147 0.000 21.394
2 24 -41.941 0.000 12.105 -42.125 0.000 10.000
2 24 -36.063 0.000 -0.501 -37.794 0.000 0.712
2 24 -9.088 0.000 15.170 -10.000 0.000 15.250
2 24 -14.022 0.000 6.625 -14.547 0.000 7.375
2 24 -27.375 4.000 14.547 -28.204 4.000 14.933
2 24 -34.547 4.000 7.375 -34.933 4.000 8.204
2 24 50.000 4.000 22.125 -30.000 4.000 22.125
2 24 -30.000 4.000 15.250 -30.912 4.000 15.170
2 24 -14.547 4.000 7.375 -14.933 4.000 8.204
2 24 -37.794 4.000 19.288 -39.288 4.000 17.794
2 24 -34.147 4.000 -1.394 -36.063 4.000 -0.501
2 24 50.000 4.000 4.750 49.088 4.000 4.830
2 24 10.000 0.000 15.250 9.088 0.000 15.170
2 24 -30.912 0.000 15.170 -31.796 0.000 14.933
2 24 -10.000 0.000 4.750 -10.912 0.000 4.830
2 24 -5.067 4.000 8.204 -5.453 4.000 7.375
2 24 4.830 4.000 10.912 4.750 4.000 10.000
2 24 6.625 0.000 14.022 5.978 0.000 13.375
2 24 54.147 0.000 -1.394 52.105 0.000 -1.941
2 24 -8.204 4.000 14.933 -9.088 4.000 15.170
2 24 10.912 0.000 15.170 10.000 0.000 15.250
2 24 9.088 0.000 4.830 8.204 0.000 5.067
2 24 -28.204 0.000 14.933 -29.088 0.000 15.170
2 24 -34.933 0.000 8.204 -35.170 0.000 9.088
2 24 -12.625 4.000 5.453 -13.375 4.000 5.978
2 24 -41.941 4.000 7.895 -42.125 4.000 10.000
2 24 50.912 4.000 15.170 50.000 4.000 15.250
2 24 -8.204 4.000 5.067 -9.088 4.000 4.830
2 24 29.088 4.000 15.170 28.204 4.000 14.933
2 24 52.105 0.000 -1.941 50.000 0.000 -2.125
2 24 45.453 0.000 7.375 45.067 0.000 8.204
2 24 34.933 4.000 11.796 34.547 4.000 12.625
2 24 -7.375 4.000 5.453 -8.204 4.000 5.067
2 24 -14.547 4.000 12.625 -14.933 4.000 11.796
2 24 54.933 4.000 11.796 54.547 4.000 12.625
2 24 31.796 0.000 5.067 30.912 0.000 4.830
2 24 -14.022 4.000 13.375 -14.547 4.000 12.625
2 24 -25.453 4.000 12.625 -25.978 4.000 13.375
2 24 -28.204 4.000 14.933 -29.088 4.000 15.170
2 24 -34.933 4.000 8.204 -35.170 4.000 9.088
2 24 -32.625 4.000 5.453 -33.375 4.000 5.978
2 24 10.912 4.000 15.170 10.000 4.000 15.250
2 24 9.088 4.000 4.830 8.204 4.000 5.067
2 24 -34.147 0.000 21.394 -36.063 0.000 20.501
2 24 -5.453 0.000 12.625 -5.978 0.000 13.375
2 24 -10.912 0.000 4.830 -11.796 0.000 5.067
2 24 -6.625 4.000 5.978 -7.375 4.000 5.453
2 24 12.625 0.000 5.453 11.796 0.000 5.067
2 24 -4.750 4.000 10.000 -4.830 4.000 9.088
2 24 61.394 4.000 14.147 60.501 4.000 16.063
2 24 25.067 4.000 8.204 24.830 4.000 9.088
2 24 -6.625 0.000 5.978 -7.375 0.000 5.453
2 24 -5.978 4.000 6.625 -6.625 4.000 5.978
2 24 45.067 0.000 8.204 44.830 0.000 9.088
2 24 -4.750 4.000 10.000 -4.830 4.000 10.912
2 24 -12.625 4.000 14.547 -13.375 4.000 14.022
2 24 -25.978 4.000 6.625 -26.625 4.000 5.978
2 24 15.170 0.000 10.912 14.933 0.000 11.796
2 24 -14.933 0.000 11.796 -15.170 0.000 10.912
2 24 -4.830 4.000 10.912 -5.067 4.000 11.796
2 24 14.933 4.000 11.796 14.547 4.000 12.625
2 24 -15.170 4.000 9.088 -15.250 4.000 10.000
2 24 50.912 0.000 4.830 50.000 0.000 4.750
2 24 -25.067 4.000 11.796 -25.453 4.000 12.625
2 24 -29.088 4.000 15.170 -30.000 4.000 15.250
2 24 -41.394 4.000 14.147 -41.941 4.000 12.105
2 24 -35.170 4.000 9.088 -35.250 4.000 10.000
2 24 -31.796 4.000 5.067 -32.625 4.000 5.453
2 24 -30.000 0.000 15.250 -30.912 0.000 15.170
2 24 -14.547 0.000 7.375 -14.933 0.000 8.204
2 24 -5.453 4.000 7.375 -5.978 4.000 6.625
2 24 28.204 4.000 14.933 27.375 4.000 14.547
2 24 -5.978 0.000 6.625 -6.625 0.000 5.978
2 24 7.375 4.000 14.547 6.625 4.000 14.022
2 24 -5.067 4.000 11.796 -5.453 4.000 12.625
2 24 34.547 4.000 12.625 34.022 4.000 13.375
2 24 5.453 0.000 7.375 5.067 0.000 8.204
2 24 -33.375 0.000 14.022 -34.022 0.000 13.375
2 24 54.547 0.000 12.625 54.022 0.000 13.375
2 24 31.796 4.000 5.067 30.912 4.000 4.830
2 24 28.204 0.000 14.933 27.375 0.000 14.547
2 24 10.912 4.000 4.830 10.000 4.000 4.750
2 24 50.000 4.000 -2.125 -30.000 4.000 -2.125
2 24 -9.088 4.000 4.830 -10.000 4.000 4.750
2 24 -24.750 4.000 10.000 -24.830 4.000 9.088
2 24 30.912 0.000 4.830 30.000 0.000 4.750
2 24 -11.796 0.000 14.933 -12.625 0.000 14.547
2 24 -9.088 4.000 15.170 -10.000 4.000 15.250
2 24 -14.022 4.000 6.625 -14.547 4.000 7.375
2 24 -41.941 4.000 12.105 -42.125 4.000 10.000
2 24 -36.063 4.000 -0.501 -37.794 4.000 0.712
2 24 -32.105 4.000 21.941 -34.147 4.000 21.394
2 24 5.978 0.000 6.625 5.453 0.000 7.375
2 24 -36.063 0.000 20.501 -37.794 0.000 19.288
2 24 -37.794 0.000 19.288 -39.288 0.000 17.794
2 24 -39.288 0.000 17.794 -40.501 0.000 16.063
2 24 50.000 0.000 -2.125 -30.000 0.000 -2.125
2 24 -30.000 4.000 -2.125 -32.105 4.000 -1.941
2 24 9.088 0.000 15.170 8.204 0.000 14.933
2 24 -28.204 0.000 5.067 -29.088 0.000 4.830
2 24 -10.000 4.000 15.250 -10.912 4.000 15.170
2 24 -35.170 4.000 10.912 -35.250 4.000 10.000
2 24 30.000 0.000 15.250 29.088 0.000 15.170
2 24 -32.105 0.000 -1.941 -34.147 0.000 -1.394
2 24 -24.750 0.000 10.000 -24.830 0.000 10.912
2 24 -30.000 0.000 4.750 -30.912 0.000 4.830
2 24 25.978 4.000 6.625 25.453 4.000 7.375
2 24 -31.796 0.000 14.933 -32.625 0.000 14.547
2 24 45.978 0.000 6.625 45.453 0.000 7.375
2 24 -40.501 0.000 16.063 -41.394 0.000 14.147
2 24 -30.000 4.000 22.125 -32.105 4.000 21.941
2 24 -41.394 0.000 14.147 -41.941 0.000 12.105
2 24 -29.088 0.000 15.170 -30.000 0.000 15.250
2 24 -25.067 0.000 11.796 -25.453 0.000 12.625
2 24 -31.796 0.000 5.067 -32.625 0.000 5.453
2 24 -35.170 0.000 9.088 -35.250 0.000 10.000
2 24 -11.796 4.000 14.933 -12.625 4.000 14.547
2 24 30.912 4.000 4.830 30.000 4.000 4.750
2 24 -25.067 0.000 8.204 -25.453 0.000 7.375
2 24 -24.830 4.000 9.088 -25.067 4.000 8.204
2 24 25.453 4.000 7.375 25.067 4.000 8.204
2 24 -11.796 4.000 5.067 -12.625 4.000 5.453
2 24 -13.375 4.000 14.022 -14.022 4.000 13.375
2 24 -14.933 4.000 11.796 -15.170 4.000 10.912
2 24 15.170 4.000 10.912 14.933 4.000 11.796
2 24 -7.375 0.000 5.453 -8.204 0.000 5.067
2 24 -14.547 0.000 12.625 -14.933 0.000 11.796
2 24 54.933 0.000 11.796 54.547 0.000 12.625
2 24 -14.022 0.000 13.375 -14.547 0.000 12.625
2 24 8.204 4.000 14.933 7.375 4.000 14.547
2 24 49.088 4.000 15.170 48.204 4.000 14.933
2 24 4.830 0.000 9.088 4.750 0.000 10.000
2 24 45.453 4.000 7.375 45.067 4.000 8.204
2 24 52.105 4.000 -1.941 50.000 4.000 -2.125
2 24 -10.000 4.000 4.750 -10.912 4.000 4.830
2 24 -32.625 0.000 14.547 -33.375 0.000 14.022
2 24 -34.933 4.000 11.796 -35.170 4.000 10.912
2 24 -34.022 0.000 13.375 -34.547 0.000 12.625
2 24 -6.625 4.000 14.022 -7.375 4.000 14.547
2 24 -7.375 4.000 14.547 -8.204 4.000 14.933
2 24 7.375 4.000 5.453 6.625 4.000 5.978
2 24 14.022 0.000 13.375 13.375 0.000 14.022
2 24 6.625 0.000 5.978 5.978 0.000 6.625
2 24 34.022 0.000 13.375 33.375 0.000 14.022
2 24 26.625 0.000 5.978 25.978 0.000 6.625
2 24 -37.794 0.000 0.712 -39.288 0.000 2.206
2 24 59.288 0.000 17.794 57.794 0.000 19.288
2 24 50.000 0.000 22.125 -30.000 0.000 22.125
2 24 -27.375 0.000 14.547 -28.204 0.000 14.933
2 24 -25.978 0.000 13.375 -26.625 0.000 14.022
2 24 -33.375 0.000 5.978 -34.022 0.000 6.625
2 24 -34.547 0.000 7.375 -34.933 0.000 8.204
2 24 -5.978 0.000 13.375 -6.625 0.000 14.022
2 24 -13.375 0.000 5.978 -14.022 0.000 6.625
2 24 54.022 0.000 13.375 53.375 0.000 14.022
2 24 46.625 0.000 5.978 45.978 0.000 6.625
2 24 -40.501 4.000 3.938 -41.394 4.000 5.853
2 24 50.912 4.000 4.830 50.000 4.000 4.750
2 24 -25.453 0.000 7.375 -25.978 0.000 6.625
2 24 -26.625 0.000 5.978 -27.375 0.000 5.453
2 24 -15.170 0.000 10.912 -15.250 0.000 10.000
2 24 -14.933 4.000 8.204 -15.170 4.000 9.088
2 24 -34.547 4.000 12.625 -34.933 4.000 11.796
2 24 50.000 4.000 15.250 49.088 4.000 15.170
2 24 -29.088 0.000 4.830 -30.000 0.000 4.750
2 24 -25.978 0.000 6.625 -26.625 0.000 5.978
2 24 29.088 0.000 15.170 28.204 0.000 14.933
2 24 -8.204 0.000 5.067 -9.088 0.000 4.830
2 24 -25.453 4.000 7.375 -25.978 4.000 6.625
2 24 -15.170 4.000 10.912 -15.250 4.000 10.000
2 24 -28.204 4.000 5.067 -29.088 4.000 4.830
2 24 9.088 4.000 15.170 8.204 4.000 14.933
2 24 -27.375 0.000 5.453 -28.204 0.000 5.067
2 24 25.453 0.000 7.375 25.067 0.000 8.204
2 24 -24.830 0.000 9.088 -25.067 0.000 8.204
2 24 -25.067 4.000 8.204 -25.453 4.000 7.375
2 24 14.933 0.000 11.796 14.547 0.000 12.625
2 24 -4.830 0.000 10.912 -5.067 0.000 11.796
2 24 60.501 0.000 16.063 59.288 0.000 17.794
2 24 -34.022 4.000 13.375 -34.547 4.000 12.625
2 24 5.453 4.000 7.375 5.067 4.000 8.204
2 24 54.547 4.000 12.625 54.022 4.000 13.375
2 24 -33.375 4.000 14.022 -34.022 4.000 13.375
2 24 -24.750 0.000 10.000 -24.830 0.000 9.088
2 24 -9.088 0.000 4.830 -10.000 0.000 4.750
2 24 -32.105 4.000 -1.941 -34.147 4.000 -1.394
2 24 -24.830 4.000 10.912 -25.067 4.000 11.796
2 24 -30.912 4.000 4.830 -31.796 4.000 5.067
2 24 14.547 4.000 12.625 14.022 4.000 13.375
2 24 34.547 0.000 12.625 34.022 0.000 13.375
2 24 -34.933 0.000 11.796 -35.170 0.000 10.912
2 24 -5.067 0.000 11.796 -5.453 0.000 12.625
2 24 -34.147 0.000 -1.394 -36.063 0.000 -0.501
2 24 50.000 0.000 4.750 49.088 0.000 4.830
2 24 -32.625 4.000 14.547 -33.375 4.000 14.022
2 24 -30.000 0.000 -2.125 -32.105 0.000 -1.941
2 24 -39.288 4.000 17.794 -40.501 4.000 16.063
2 24 -41.394 4.000 5.853 -41.941 4.000 7.895
2 24 -39.288 4.000 2.206 -40.501 4.000 3.938
2 24 -30.000 0.000 22.125 -32.105 0.000 21.941
2 24 -25.453 0.000 12.625 -25.978 0.000 13.375
2 24 -32.625 0.000 5.453 -33.375 0.000 5.978
2 24 8.204 4.000 5.067 7.375 4.000 5.453
2 24 -11.796 0.000 5.067 -12.625 0.000 5.453
2 24 5.067 0.000 8.204 4.830 0.000 9.088
2 24 -29.088 4.000 4.830 -30.000 4.000 4.750
2 24 10.912 0.000 4.830 10.000 0.000 4.750
2 24 34.933 0.000 11.796 34.547 0.000 12.625
2 24 -4.750 0.000 10.000 -4.830 0.000 10.912
2 24 -12.625 0.000 14.547 -13.375 0.000 14.022
2 24 13.375 4.000 5.978 12.625 4.000 5.453
2 24 5.978 4.000 13.375 5.453 4.000 12.625
2 24 5.453 4.000 12.625 5.067 4.000 11.796
2 24 55.170 4.000 10.912 54.933 4.000 11.796
2 24 29.088 0.000 4.830 28.204 0.000 5.067
2 24 -8.204 0.000 14.933 -9.088 0.000 15.170
2 24 6.625 4.000 14.022 5.978 4.000 13.375
2 24 32.625 4.000 5.453 31.796 4.000 5.067
2 24 -35.170 0.000 10.912 -35.250 0.000 10.000
2 24 12.625 4.000 14.547 11.796 4.000 14.933
2 24 7.375 0.000 5.453 6.625 0.000 5.978
2 24 -7.375 0.000 14.547 -8.204 0.000 14.933
2 24 -6.625 0.000 14.022 -7.375 0.000 14.547
2 24 52.105 4.000 21.941 50.000 4.000 22.125
2 24 -40.501 0.000 3.938 -41.394 0.000 5.853
2 24 33.375 4.000 14.022 32.625 4.000 14.547
2 24 31.796 4.000 14.933 30.912 4.000 15.170
2 24 49.088 0.000 4.830 48.204 0.000 5.067
2 24 33.375 4.000 5.978 32.625 4.000 5.453
2 24 14.022 4.000 6.625 13.375 4.000 5.978
2 24 14.547 4.000 7.375 14.022 4.000 6.625
2 24 44.830 4.000 9.088 44.750 4.000 10.000
2 24 14.933 4.000 8.204 14.547 4.000 7.375
2 24 26.625 4.000 14.022 25.978 4.000 13.375
2 24 27.375 4.000 5.453 26.625 4.000 5.978
2 24 28.204 4.000 5.067 27.375 4.000 5.453
2 24 8.204 0.000 5.067 7.375 0.000 5.453
2 24 14.022 0.000 6.625 13.375 0.000 5.978
2 24 61.941 4.000 12.105 61.394 4.000 14.147
2 24 35.250 4.000 10.000 35.170 4.000 10.912
2 24 60.501 4.000 16.063 59.288 4.000 17.794
2 24 -15.170 0.000 9.088 -15.250 0.000 10.000
2 24 -41.394 0.000 5.853 -41.941 0.000 7.895
2 24 -39.288 0.000 2.206 -40.501 0.000 3.938
2 24 47.375 4.000 5.453 46.625 4.000 5.978
2 24 57.794 4.000 0.712 56.063 4.000 -0.501
2 24 45.978 0.000 13.375 45.453 0.000 12.625
2 24 25.978 4.000 13.375 25.453 4.000 12.625
2 24 52.625 4.000 14.547 51.796 4.000 14.933
2 24 32.625 0.000 14.547 31.796 0.000 14.933
2 24 51.796 0.000 14.933 50.912 0.000 15.170
2 24 53.375 0.000 14.022 52.625 0.000 14.547
2 24 14.933 0.000 8.204 14.547 0.000 7.375
2 24 51.796 4.000 14.933 50.912 4.000 15.170
2 24 32.625 4.000 14.547 31.796 4.000 14.933
2 24 5.067 4.000 11.796 4.830 4.000 10.912
2 24 15.250 0.000 10.000 15.170 0.000 9.088
2 24 27.375 0.000 14.547 26.625 0.000 14.022
2 24 27.375 4.000 14.547 26.625 4.000 14.022
2 24 15.250 4.000 10.000 15.170 4.000 9.088
2 24 35.250 0.000 10.000 35.170 0.000 10.912
2 24 61.941 0.000 12.105 61.394 0.000 14.147
2 24 4.830 4.000 9.088 4.750 4.000 10.000
2 24 5.067 4.000 8.204 4.830 4.000 9.088
2 24 53.375 4.000 14.022 52.625 4.000 14.547
2 24 25.453 4.000 12.625 25.067 4.000 11.796
2 24 34.022 0.000 6.625 33.375 0.000 5.978
2 24 25.067 4.000 11.796 24.830 4.000 10.912
2 24 25.453 0.000 12.625 25.067 0.000 11.796
2 24 -34.022 0.000 6.625 -34.547 0.000 7.375
2 24 34.022 4.000 6.625 33.375 4.000 5.978
2 24 44.830 0.000 10.912 44.750 0.000 10.000
2 24 34.547 4.000 7.375 34.022 4.000 6.625
2 24 34.933 4.000 8.204 34.547 4.000 7.375
2 24 54.147 4.000 -1.394 52.105 4.000 -1.941
2 24 32.625 0.000 5.453 31.796 0.000 5.067
2 24 5.978 0.000 13.375 5.453 0.000 12.625
2 24 56.063 4.000 -0.501 54.147 4.000 -1.394
2 24 35.250 0.000 10.000 35.170 0.000 9.088
2 24 55.250 0.000 10.000 55.170 0.000 10.912
2 24 46.625 4.000 14.022 45.978 4.000 13.375
2 24 34.933 0.000 8.204 34.547 0.000 7.375
2 24 48.204 4.000 5.067 47.375 4.000 5.453
2 24 52.105 0.000 21.941 50.000 0.000 22.125
2 24 35.170 4.000 10.912 34.933 4.000 11.796
2 24 48.204 4.000 14.933 47.375 4.000 14.547
2 24 24.830 4.000 9.088 24.750 4.000 10.000
2 24 13.375 0.000 5.978 12.625 0.000 5.453
2 24 5.453 0.000 12.625 5.067 0.000 11.796
2 24 55.170 0.000 10.912 54.933 0.000 11.796
2 24 11.796 0.000 5.067 10.912 0.000 4.830
2 24 8.204 0.000 14.933 7.375 0.000 14.547
2 24 49.088 0.000 15.170 48.204 0.000 14.933
2 24 -13.375 0.000 14.022 -14.022 0.000 13.375
2 24 47.375 4.000 14.547 46.625 4.000 14.022
2 24 52.625 4.000 5.453 51.796 4.000 5.067
2 24 15.170 4.000 9.088 14.933 4.000 8.204
2 24 14.547 0.000 7.375 14.022 0.000 6.625
2 24 26.625 0.000 14.022 25.978 0.000 13.375
2 24 44.830 0.000 9.088 44.750 0.000 10.000
2 24 53.375 4.000 5.978 52.625 4.000 5.453
2 24 59.288 4.000 2.206 57.794 4.000 0.712
2 24 54.933 0.000 8.204 54.547 0.000 7.375
2 24 54.022 4.000 6.625 53.375 4.000 5.978
2 24 45.453 4.000 12.625 45.067 4.000 11.796
2 24 60.501 4.000 3.938 59.288 4.000 2.206
2 24 54.547 4.000 7.375 54.022 4.000 6.625
2 24 61.394 4.000 5.853 60.501 4.000 3.938
2 24 49.088 4.000 4.830 48.204 4.000 5.067
2 24 -41.941 0.000 7.895 -42.125 0.000 10.000
2 24 -12.625 0.000 5.453 -13.375 0.000 5.978
2 24 50.912 0.000 15.170 50.000 0.000 15.250
2 24 54.933 4.000 8.204 54.547 4.000 7.375
2 24 61.941 4.000 7.895 61.394 4.000 5.853
2 24 55.170 4.000 9.088 54.933 4.000 8.204
2 24 62.125 4.000 10.000 61.941 4.000 7.895
2 24 55.250 4.000 10.000 55.170 4.000 9.088
2 24 45.067 4.000 11.796 44.830 4.000 10.912
2 24 45.978 4.000 13.375 45.453 4.000 12.625
2 24 54.022 0.000 6.625 53.375 0.000 5.978
2 24 45.453 0.000 12.625 45.067 0.000 11.796
2 24 62.125 4.000 10.000 61.941 4.000 12.105
2 24 35.170 0.000 9.088 34.933 0.000 8.204
2 24 55.250 4.000 10.000 55.170 4.000 10.912
2 24 35.250 4.000 10.000 35.170 4.000 9.088
2 24 15.170 0.000 9.088 14.933 0.000 8.204
2 24 24.830 4.000 10.912 24.750 4.000 10.000
2 24 24.830 0.000 9.088 24.750 0.000 10.000
2 24 35.170 4.000 9.088 34.933 4.000 8.204
2 24 54.547 0.000 7.375 54.022 0.000 6.625
2 24 62.125 0.000 10.000 61.941 0.000 7.895
2 24 15.250 4.000 10.000 15.170 4.000 10.912
2 24 -5.453 0.000 7.375 -5.978 0.000 6.625
2 24 33.375 0.000 5.978 32.625 0.000 5.453
2 24 44.830 4.000 10.912 44.750 4.000 10.000
2 24 45.067 4.000 8.204 44.830 4.000 9.088
2 24 5.067 0.000 11.796 4.830 0.000 10.912
2 24 28.204 0.000 5.067 27.375 0.000 5.453
2 24 27.375 0.000 5.453 26.625 0.000 5.978
2 24 52.625 0.000 5.453 51.796 0.000 5.067
2 24 24.830 0.000 10.912 24.750 0.000 10.000
2 24 13.375 0.000 14.022 12.625 0.000 14.547
2 24 15.250 0.000 10.000 15.170 0.000 10.912
2 24 35.170 0.000 10.912 34.933 0.000 11.796
2 24 7.375 0.000 14.547 6.625 0.000 14.022
2 24 56.063 0.000 -0.501 54.147 0.000 -1.394
2 24 46.625 0.000 14.022 45.978 0.000 13.375
2 24 51.796 0.000 5.067 50.912 0.000 4.830
2 24 62.125 0.000 10.000 61.941 0.000 12.105
2 24 53.375 0.000 5.978 52.625 0.000 5.453
2 24 34.547 0.000 7.375 34.022 0.000 6.625
2 24 47.375 0.000 14.547 46.625 0.000 14.022
2 24 25.067 0.000 8.204 24.830 0.000 9.088
2 24 61.394 0.000 14.147 60.501 0.000 16.063
2 24 -4.750 0.000 10.000 -4.830 0.000 9.088
2 24 48.204 0.000 14.933 47.375 0.000 14.547
2 24 25.067 0.000 11.796 24.830 0.000 10.912
2 24 25.978 0.000 13.375 25.453 0.000 12.625
2 24 59.288 0.000 2.206 57.794 0.000 0.712
2 24 57.794 0.000 0.712 56.063 0.000 -0.501
2 24 60.501 0.000 3.938 59.288 0.000 2.206
2 24 61.394 0.000 5.853 60.501 0.000 3.938
2 24 61.941 0.000 7.895 61.394 0.000 5.853
2 24 56.063 0.000 20.501 54.147 0.000 21.394
2 24 54.147 0.000 21.394 52.105 0.000 21.941
2 24 -4.830 0.000 9.088 -5.067 0.000 8.204
2 24 52.625 0.000 14.547 51.796 0.000 14.933
2 24 55.250 0.000 10.000 55.170 0.000 9.088
2 24 45.067 0.000 11.796 44.830 0.000 10.912
2 24 55.170 0.000 9.088 54.933 0.000 8.204
2 24 48.204 0.000 5.067 47.375 0.000 5.453
