0 FILE MX02-0003.dat
0 Flat Beam - 3 Hole
0 Name:  MX02-0003.dat
0 Author:  
0 BL_Item_No 02-0003
0 BFC CERTIFY CCW
3 16 25.978 4.000 13.375 -10.000 4.000 22.125 26.625 4.000 14.022
3 16 5.453 4.000 7.375 -11.726 4.000 -2.002 5.067 4.000 8.204
3 16 25.067 4.000 11.796 12.625 4.000 5.453 13.375 4.000 5.978
3 16 25.067 4.000 11.796 24.830 4.000 10.912 12.625 4.000 5.453
3 16 41.029 4.000 15.037 34.933 4.000 11.796 34.547 4.000 12.625
3 16 41.029 4.000 15.037 41.634 4.000 13.416 34.933 4.000 11.796
3 16 41.634 4.000 13.416 35.170 4.000 10.912 34.933 4.000 11.796
3 16 41.634 4.000 13.416 42.002 4.000 11.726 35.170 4.000 10.912
3 16 42.002 4.000 11.726 35.250 4.000 10.000 35.170 4.000 10.912
3 16 42.002 4.000 11.726 42.125 4.000 10.000 35.250 4.000 10.000
3 16 42.125 4.000 10.000 35.170 4.000 9.088 35.250 4.000 10.000
3 16 42.125 4.000 10.000 42.002 4.000 8.274 35.170 4.000 9.088
3 16 42.002 4.000 8.274 34.933 4.000 8.204 35.170 4.000 9.088
3 16 30.000 4.000 22.125 30.912 4.000 15.170 30.000 4.000 15.250
3 16 30.000 4.000 22.125 31.726 4.000 22.002 30.912 4.000 15.170
3 16 31.726 4.000 22.002 31.796 4.000 14.933 30.912 4.000 15.170
3 16 14.022 4.000 6.625 25.067 4.000 11.796 13.375 4.000 5.978
3 16 14.022 4.000 6.625 14.547 4.000 7.375 25.067 4.000 11.796
3 16 14.547 4.000 7.375 14.933 4.000 8.204 25.067 4.000 11.796
3 16 -8.204 4.000 14.933 -10.000 4.000 22.125 -7.375 4.000 14.547
3 16 41.634 4.000 6.584 34.933 4.000 8.204 42.002 4.000 8.274
3 16 41.634 4.000 6.584 41.029 4.000 4.963 34.933 4.000 8.204
3 16 41.029 4.000 4.963 34.547 4.000 7.375 34.933 4.000 8.204
3 16 41.029 4.000 4.963 40.200 4.000 3.445 34.547 4.000 7.375
3 16 40.200 4.000 3.445 34.022 4.000 6.625 34.547 4.000 7.375
3 16 40.200 4.000 3.445 39.163 4.000 2.060 34.022 4.000 6.625
3 16 39.163 4.000 2.060 33.375 4.000 5.978 34.022 4.000 6.625
3 16 39.163 4.000 2.060 37.940 4.000 0.837 33.375 4.000 5.978
3 16 37.940 4.000 0.837 32.625 4.000 5.453 33.375 4.000 5.978
3 16 33.416 4.000 21.634 31.796 4.000 14.933 31.726 4.000 22.002
3 16 33.416 4.000 21.634 35.037 4.000 21.029 31.796 4.000 14.933
3 16 35.037 4.000 21.029 32.625 4.000 14.547 31.796 4.000 14.933
3 16 35.037 4.000 21.029 36.555 4.000 20.200 32.625 4.000 14.547
3 16 36.555 4.000 20.200 33.375 4.000 14.022 32.625 4.000 14.547
3 16 36.555 4.000 20.200 37.940 4.000 19.163 33.375 4.000 14.022
3 16 37.940 4.000 19.163 34.022 4.000 13.375 33.375 4.000 14.022
3 16 37.940 4.000 19.163 39.163 4.000 17.940 34.022 4.000 13.375
3 16 39.163 4.000 17.940 34.547 4.000 12.625 34.022 4.000 13.375
3 16 39.163 4.000 17.940 40.200 4.000 16.555 34.547 4.000 12.625
3 16 40.200 4.000 16.555 41.029 4.000 15.037 34.547 4.000 12.625
3 16 29.088 4.000 15.170 30.000 4.000 22.125 30.000 4.000 15.250
3 16 29.088 4.000 15.170 28.204 4.000 14.933 30.000 4.000 22.125
3 16 28.204 4.000 14.933 -10.000 4.000 22.125 30.000 4.000 22.125
3 16 28.204 4.000 14.933 27.375 4.000 14.547 -10.000 4.000 22.125
3 16 27.375 4.000 14.547 26.625 4.000 14.022 -10.000 4.000 22.125
3 16 24.750 4.000 10.000 12.625 4.000 5.453 24.830 4.000 10.912
3 16 24.750 4.000 10.000 24.830 4.000 9.088 12.625 4.000 5.453
3 16 24.830 4.000 9.088 11.796 4.000 5.067 12.625 4.000 5.453
3 16 15.170 4.000 9.088 25.067 4.000 11.796 14.933 4.000 8.204
3 16 15.170 4.000 9.088 15.250 4.000 10.000 25.067 4.000 11.796
3 16 15.250 4.000 10.000 25.453 4.000 12.625 25.067 4.000 11.796
3 16 15.250 4.000 10.000 15.170 4.000 10.912 25.453 4.000 12.625
3 16 15.170 4.000 10.912 25.978 4.000 13.375 25.453 4.000 12.625
3 16 15.170 4.000 10.912 14.933 4.000 11.796 25.978 4.000 13.375
3 16 14.933 4.000 11.796 14.547 4.000 12.625 25.978 4.000 13.375
3 16 5.453 4.000 12.625 -6.625 4.000 5.978 -5.978 4.000 6.625
3 16 5.453 4.000 12.625 -7.375 4.000 5.453 -6.625 4.000 5.978
3 16 14.022 4.000 13.375 25.978 4.000 13.375 14.547 4.000 12.625
3 16 14.022 4.000 13.375 13.375 4.000 14.022 25.978 4.000 13.375
3 16 13.375 4.000 14.022 12.625 4.000 14.547 25.978 4.000 13.375
3 16 -5.453 4.000 7.375 5.453 4.000 12.625 -5.978 4.000 6.625
3 16 -5.453 4.000 7.375 -5.067 4.000 8.204 5.453 4.000 12.625
3 16 -5.067 4.000 8.204 -4.830 4.000 9.088 5.453 4.000 12.625
3 16 9.088 4.000 15.170 -5.067 4.000 11.796 -5.453 4.000 12.625
3 16 9.088 4.000 15.170 8.204 4.000 14.933 -5.067 4.000 11.796
3 16 8.204 4.000 14.933 7.375 4.000 14.547 -5.067 4.000 11.796
3 16 -5.978 4.000 13.375 9.088 4.000 15.170 -5.453 4.000 12.625
3 16 -5.978 4.000 13.375 -6.625 4.000 14.022 9.088 4.000 15.170
3 16 -6.625 4.000 14.022 10.000 4.000 15.250 9.088 4.000 15.170
3 16 7.375 4.000 5.453 -10.000 4.000 -2.125 6.625 4.000 5.978
3 16 8.204 4.000 5.067 -10.000 4.000 -2.125 7.375 4.000 5.453
3 16 8.204 4.000 5.067 9.088 4.000 4.830 -10.000 4.000 -2.125
3 16 9.088 4.000 4.830 10.000 4.000 4.750 -10.000 4.000 -2.125
3 16 30.000 4.000 -2.125 27.375 4.000 5.453 28.204 4.000 5.067
3 16 30.000 4.000 -2.125 -10.000 4.000 -2.125 27.375 4.000 5.453
3 16 -10.000 4.000 -2.125 26.625 4.000 5.978 27.375 4.000 5.453
3 16 -7.375 4.000 14.547 10.000 4.000 15.250 -6.625 4.000 14.022
3 16 -7.375 4.000 14.547 -10.000 4.000 22.125 10.000 4.000 15.250
3 16 -10.000 4.000 22.125 10.912 4.000 15.170 10.000 4.000 15.250
3 16 -10.000 4.000 22.125 25.978 4.000 13.375 10.912 4.000 15.170
3 16 25.978 4.000 13.375 11.796 4.000 14.933 10.912 4.000 15.170
3 16 25.978 4.000 13.375 12.625 4.000 14.547 11.796 4.000 14.933
3 16 5.453 4.000 7.375 -10.000 4.000 -2.125 -11.726 4.000 -2.002
3 16 5.453 4.000 7.375 5.978 4.000 6.625 -10.000 4.000 -2.125
3 16 5.978 4.000 6.625 6.625 4.000 5.978 -10.000 4.000 -2.125
3 16 25.453 4.000 7.375 -10.000 4.000 -2.125 25.067 4.000 8.204
3 16 25.453 4.000 7.375 25.978 4.000 6.625 -10.000 4.000 -2.125
3 16 25.978 4.000 6.625 26.625 4.000 5.978 -10.000 4.000 -2.125
3 16 36.555 4.000 -0.200 32.625 4.000 5.453 37.940 4.000 0.837
3 16 36.555 4.000 -0.200 35.037 4.000 -1.029 32.625 4.000 5.453
3 16 35.037 4.000 -1.029 31.796 4.000 5.067 32.625 4.000 5.453
3 16 35.037 4.000 -1.029 33.416 4.000 -1.634 31.796 4.000 5.067
3 16 33.416 4.000 -1.634 30.912 4.000 4.830 31.796 4.000 5.067
3 16 33.416 4.000 -1.634 31.726 4.000 -2.002 30.912 4.000 4.830
3 16 31.726 4.000 -2.002 30.000 4.000 4.750 30.912 4.000 4.830
3 16 31.726 4.000 -2.002 30.000 4.000 -2.125 30.000 4.000 4.750
3 16 30.000 4.000 -2.125 29.088 4.000 4.830 30.000 4.000 4.750
3 16 30.000 4.000 -2.125 28.204 4.000 5.067 29.088 4.000 4.830
3 16 -9.088 4.000 15.170 -10.000 4.000 22.125 -8.204 4.000 14.933
3 16 -9.088 4.000 15.170 -10.000 4.000 15.250 -10.000 4.000 22.125
3 16 -10.000 4.000 15.250 -11.726 4.000 22.002 -10.000 4.000 22.125
3 16 -10.000 4.000 15.250 -10.912 4.000 15.170 -11.726 4.000 22.002
3 16 -10.912 4.000 15.170 -13.416 4.000 21.634 -11.726 4.000 22.002
3 16 -10.912 4.000 15.170 -11.796 4.000 14.933 -13.416 4.000 21.634
3 16 -11.796 4.000 14.933 -15.037 4.000 21.029 -13.416 4.000 21.634
3 16 -11.796 4.000 14.933 -12.625 4.000 14.547 -15.037 4.000 21.029
3 16 -4.750 4.000 10.000 5.453 4.000 12.625 -4.830 4.000 9.088
3 16 -4.750 4.000 10.000 -4.830 4.000 10.912 5.453 4.000 12.625
3 16 -4.830 4.000 10.912 5.978 4.000 13.375 5.453 4.000 12.625
3 16 -4.830 4.000 10.912 -5.067 4.000 11.796 5.978 4.000 13.375
3 16 -5.067 4.000 11.796 6.625 4.000 14.022 5.978 4.000 13.375
3 16 -5.067 4.000 11.796 7.375 4.000 14.547 6.625 4.000 14.022
3 16 -21.029 4.000 15.037 -14.547 4.000 12.625 -14.933 4.000 11.796
3 16 -21.029 4.000 15.037 -20.200 4.000 16.555 -14.547 4.000 12.625
3 16 -20.200 4.000 16.555 -14.022 4.000 13.375 -14.547 4.000 12.625
3 16 -20.200 4.000 16.555 -19.163 4.000 17.940 -14.022 4.000 13.375
3 16 -19.163 4.000 17.940 -13.375 4.000 14.022 -14.022 4.000 13.375
3 16 -19.163 4.000 17.940 -17.940 4.000 19.163 -13.375 4.000 14.022
3 16 -17.940 4.000 19.163 -12.625 4.000 14.547 -13.375 4.000 14.022
3 16 -17.940 4.000 19.163 -16.555 4.000 20.200 -12.625 4.000 14.547
3 16 -16.555 4.000 20.200 -15.037 4.000 21.029 -12.625 4.000 14.547
3 16 -21.029 4.000 4.963 -14.933 4.000 8.204 -14.547 4.000 7.375
3 16 -21.029 4.000 4.963 -21.634 4.000 6.584 -14.933 4.000 8.204
3 16 -21.634 4.000 6.584 -15.170 4.000 9.088 -14.933 4.000 8.204
3 16 -21.634 4.000 6.584 -22.002 4.000 8.274 -15.170 4.000 9.088
3 16 -22.002 4.000 8.274 -15.250 4.000 10.000 -15.170 4.000 9.088
3 16 -22.002 4.000 8.274 -22.125 4.000 10.000 -15.250 4.000 10.000
3 16 -22.125 4.000 10.000 -15.170 4.000 10.912 -15.250 4.000 10.000
3 16 -22.125 4.000 10.000 -22.002 4.000 11.726 -15.170 4.000 10.912
3 16 -22.002 4.000 11.726 -14.933 4.000 11.796 -15.170 4.000 10.912
3 16 -22.002 4.000 11.726 -21.634 4.000 13.416 -14.933 4.000 11.796
3 16 -21.634 4.000 13.416 -21.029 4.000 15.037 -14.933 4.000 11.796
3 16 -10.912 4.000 4.830 -11.726 4.000 -2.002 -11.796 4.000 5.067
3 16 -13.416 4.000 -1.634 -11.796 4.000 5.067 -11.726 4.000 -2.002
3 16 -13.416 4.000 -1.634 -15.037 4.000 -1.029 -11.796 4.000 5.067
3 16 -15.037 4.000 -1.029 -12.625 4.000 5.453 -11.796 4.000 5.067
3 16 -15.037 4.000 -1.029 -16.555 4.000 -0.200 -12.625 4.000 5.453
3 16 -16.555 4.000 -0.200 -13.375 4.000 5.978 -12.625 4.000 5.453
3 16 -16.555 4.000 -0.200 -17.940 4.000 0.837 -13.375 4.000 5.978
3 16 -17.940 4.000 0.837 -14.022 4.000 6.625 -13.375 4.000 5.978
3 16 -17.940 4.000 0.837 -19.163 4.000 2.060 -14.022 4.000 6.625
3 16 -19.163 4.000 2.060 -14.547 4.000 7.375 -14.022 4.000 6.625
3 16 -19.163 4.000 2.060 -20.200 4.000 3.445 -14.547 4.000 7.375
3 16 -20.200 4.000 3.445 -21.029 4.000 4.963 -14.547 4.000 7.375
3 16 10.912 4.000 4.830 -10.000 4.000 -2.125 10.000 4.000 4.750
3 16 10.912 4.000 4.830 11.796 4.000 5.067 -10.000 4.000 -2.125
3 16 11.796 4.000 5.067 25.067 4.000 8.204 -10.000 4.000 -2.125
3 16 11.796 4.000 5.067 24.830 4.000 9.088 25.067 4.000 8.204
3 16 -10.000 4.000 4.750 -11.726 4.000 -2.002 -10.912 4.000 4.830
3 16 -10.000 4.000 4.750 -9.088 4.000 4.830 -11.726 4.000 -2.002
3 16 -9.088 4.000 4.830 -8.204 4.000 5.067 -11.726 4.000 -2.002
3 16 5.067 4.000 11.796 -7.375 4.000 5.453 5.453 4.000 12.625
3 16 5.067 4.000 11.796 4.830 4.000 10.912 -7.375 4.000 5.453
3 16 4.830 4.000 10.912 -8.204 4.000 5.067 -7.375 4.000 5.453
3 16 4.830 4.000 10.912 4.750 4.000 10.000 -8.204 4.000 5.067
3 16 4.750 4.000 10.000 -11.726 4.000 -2.002 -8.204 4.000 5.067
3 16 4.750 4.000 10.000 4.830 4.000 9.088 -11.726 4.000 -2.002
3 16 4.830 4.000 9.088 5.067 4.000 8.204 -11.726 4.000 -2.002
3 16 10.000 4.000 15.250 10.912 0.000 15.170 10.000 0.000 15.250
3 16 10.000 4.000 15.250 10.912 4.000 15.170 10.912 0.000 15.170
3 16 10.912 4.000 15.170 11.796 0.000 14.933 10.912 0.000 15.170
3 16 10.912 4.000 15.170 11.796 4.000 14.933 11.796 0.000 14.933
3 16 11.796 4.000 14.933 12.625 0.000 14.547 11.796 0.000 14.933
3 16 11.796 4.000 14.933 12.625 4.000 14.547 12.625 0.000 14.547
3 16 12.625 4.000 14.547 13.375 0.000 14.022 12.625 0.000 14.547
3 16 12.625 4.000 14.547 13.375 4.000 14.022 13.375 0.000 14.022
3 16 13.375 4.000 14.022 14.022 0.000 13.375 13.375 0.000 14.022
3 16 13.375 4.000 14.022 14.022 4.000 13.375 14.022 0.000 13.375
3 16 14.022 4.000 13.375 14.547 0.000 12.625 14.022 0.000 13.375
3 16 14.022 4.000 13.375 14.547 4.000 12.625 14.547 0.000 12.625
3 16 14.547 4.000 12.625 14.933 0.000 11.796 14.547 0.000 12.625
3 16 14.547 4.000 12.625 14.933 4.000 11.796 14.933 0.000 11.796
3 16 14.933 4.000 11.796 15.170 0.000 10.912 14.933 0.000 11.796
3 16 14.933 4.000 11.796 15.170 4.000 10.912 15.170 0.000 10.912
3 16 15.170 4.000 10.912 15.250 0.000 10.000 15.170 0.000 10.912
3 16 15.170 4.000 10.912 15.250 4.000 10.000 15.250 0.000 10.000
3 16 15.250 4.000 10.000 15.170 0.000 9.088 15.250 0.000 10.000
3 16 15.250 4.000 10.000 15.170 4.000 9.088 15.170 0.000 9.088
3 16 15.170 4.000 9.088 14.933 0.000 8.204 15.170 0.000 9.088
3 16 15.170 4.000 9.088 14.933 4.000 8.204 14.933 0.000 8.204
3 16 14.933 4.000 8.204 14.547 0.000 7.375 14.933 0.000 8.204
3 16 14.933 4.000 8.204 14.547 4.000 7.375 14.547 0.000 7.375
3 16 14.547 4.000 7.375 14.022 0.000 6.625 14.547 0.000 7.375
3 16 14.547 4.000 7.375 14.022 4.000 6.625 14.022 0.000 6.625
3 16 14.022 4.000 6.625 13.375 0.000 5.978 14.022 0.000 6.625
3 16 14.022 4.000 6.625 13.375 4.000 5.978 13.375 0.000 5.978
3 16 13.375 4.000 5.978 12.625 0.000 5.453 13.375 0.000 5.978
3 16 13.375 4.000 5.978 12.625 4.000 5.453 12.625 0.000 5.453
3 16 12.625 4.000 5.453 11.796 0.000 5.067 12.625 0.000 5.453
3 16 12.625 4.000 5.453 11.796 4.000 5.067 11.796 0.000 5.067
3 16 11.796 4.000 5.067 10.912 0.000 4.830 11.796 0.000 5.067
3 16 11.796 4.000 5.067 10.912 4.000 4.830 10.912 0.000 4.830
3 16 10.912 4.000 4.830 10.000 0.000 4.750 10.912 0.000 4.830
3 16 10.912 4.000 4.830 10.000 4.000 4.750 10.000 0.000 4.750
3 16 10.000 4.000 4.750 9.088 0.000 4.830 10.000 0.000 4.750
3 16 10.000 4.000 4.750 9.088 4.000 4.830 9.088 0.000 4.830
3 16 9.088 4.000 4.830 8.204 0.000 5.067 9.088 0.000 4.830
3 16 9.088 4.000 4.830 8.204 4.000 5.067 8.204 0.000 5.067
3 16 8.204 4.000 5.067 7.375 0.000 5.453 8.204 0.000 5.067
3 16 8.204 4.000 5.067 7.375 4.000 5.453 7.375 0.000 5.453
3 16 7.375 4.000 5.453 6.625 0.000 5.978 7.375 0.000 5.453
3 16 7.375 4.000 5.453 6.625 4.000 5.978 6.625 0.000 5.978
3 16 6.625 4.000 5.978 5.978 0.000 6.625 6.625 0.000 5.978
3 16 6.625 4.000 5.978 5.978 4.000 6.625 5.978 0.000 6.625
3 16 5.978 4.000 6.625 5.453 0.000 7.375 5.978 0.000 6.625
3 16 5.978 4.000 6.625 5.453 4.000 7.375 5.453 0.000 7.375
3 16 5.453 4.000 7.375 5.067 0.000 8.204 5.453 0.000 7.375
3 16 5.453 4.000 7.375 5.067 4.000 8.204 5.067 0.000 8.204
3 16 5.067 4.000 8.204 4.830 0.000 9.088 5.067 0.000 8.204
3 16 5.067 4.000 8.204 4.830 4.000 9.088 4.830 0.000 9.088
3 16 4.830 4.000 9.088 4.750 0.000 10.000 4.830 0.000 9.088
3 16 4.830 4.000 9.088 4.750 4.000 10.000 4.750 0.000 10.000
3 16 4.750 4.000 10.000 4.830 0.000 10.912 4.750 0.000 10.000
3 16 4.750 4.000 10.000 4.830 4.000 10.912 4.830 0.000 10.912
3 16 4.830 4.000 10.912 5.067 0.000 11.796 4.830 0.000 10.912
3 16 4.830 4.000 10.912 5.067 4.000 11.796 5.067 0.000 11.796
3 16 5.067 4.000 11.796 5.453 0.000 12.625 5.067 0.000 11.796
3 16 5.067 4.000 11.796 5.453 4.000 12.625 5.453 0.000 12.625
3 16 5.453 4.000 12.625 5.978 0.000 13.375 5.453 0.000 12.625
3 16 5.453 4.000 12.625 5.978 4.000 13.375 5.978 0.000 13.375
3 16 5.978 4.000 13.375 6.625 0.000 14.022 5.978 0.000 13.375
3 16 5.978 4.000 13.375 6.625 4.000 14.022 6.625 0.000 14.022
3 16 6.625 4.000 14.022 7.375 0.000 14.547 6.625 0.000 14.022
3 16 6.625 4.000 14.022 7.375 4.000 14.547 7.375 0.000 14.547
3 16 7.375 4.000 14.547 8.204 0.000 14.933 7.375 0.000 14.547
3 16 7.375 4.000 14.547 8.204 4.000 14.933 8.204 0.000 14.933
3 16 8.204 4.000 14.933 9.088 0.000 15.170 8.204 0.000 14.933
3 16 8.204 4.000 14.933 9.088 4.000 15.170 9.088 0.000 15.170
3 16 9.088 4.000 15.170 10.000 0.000 15.250 9.088 0.000 15.170
3 16 9.088 4.000 15.170 10.000 4.000 15.250 10.000 0.000 15.250
3 16 -10.000 4.000 22.125 -11.726 4.000 22.002 -10.000 0.000 22.125
3 16 -11.726 4.000 22.002 -11.726 0.000 22.002 -10.000 0.000 22.125
3 16 -11.726 4.000 22.002 -13.416 4.000 21.634 -11.726 0.000 22.002
3 16 -13.416 4.000 21.634 -13.416 0.000 21.634 -11.726 0.000 22.002
3 16 -13.416 4.000 21.634 -15.037 4.000 21.029 -13.416 0.000 21.634
3 16 -15.037 4.000 21.029 -15.037 0.000 21.029 -13.416 0.000 21.634
3 16 -15.037 4.000 21.029 -16.555 4.000 20.200 -15.037 0.000 21.029
3 16 -16.555 4.000 20.200 -16.555 0.000 20.200 -15.037 0.000 21.029
3 16 -16.555 4.000 20.200 -17.940 4.000 19.163 -16.555 0.000 20.200
3 16 -17.940 4.000 19.163 -17.940 0.000 19.163 -16.555 0.000 20.200
3 16 -17.940 4.000 19.163 -19.163 4.000 17.940 -17.940 0.000 19.163
3 16 -19.163 4.000 17.940 -19.163 0.000 17.940 -17.940 0.000 19.163
3 16 -19.163 4.000 17.940 -20.200 4.000 16.555 -19.163 0.000 17.940
3 16 -20.200 4.000 16.555 -20.200 0.000 16.555 -19.163 0.000 17.940
3 16 -20.200 4.000 16.555 -21.029 4.000 15.037 -20.200 0.000 16.555
3 16 -21.029 4.000 15.037 -21.029 0.000 15.037 -20.200 0.000 16.555
3 16 -21.029 4.000 15.037 -21.634 4.000 13.416 -21.029 0.000 15.037
3 16 -21.634 4.000 13.416 -21.634 0.000 13.416 -21.029 0.000 15.037
3 16 -21.634 4.000 13.416 -22.002 4.000 11.726 -21.634 0.000 13.416
3 16 -22.002 4.000 11.726 -22.002 0.000 11.726 -21.634 0.000 13.416
3 16 -22.002 4.000 11.726 -22.125 4.000 10.000 -22.002 0.000 11.726
3 16 -22.125 4.000 10.000 -22.125 0.000 10.000 -22.002 0.000 11.726
3 16 -22.125 4.000 10.000 -22.002 4.000 8.274 -22.125 0.000 10.000
3 16 -22.002 4.000 8.274 -22.002 0.000 8.274 -22.125 0.000 10.000
3 16 -22.002 4.000 8.274 -21.634 4.000 6.584 -22.002 0.000 8.274
3 16 -21.634 4.000 6.584 -21.634 0.000 6.584 -22.002 0.000 8.274
3 16 -21.634 4.000 6.584 -21.029 4.000 4.963 -21.634 0.000 6.584
3 16 -21.029 4.000 4.963 -21.029 0.000 4.963 -21.634 0.000 6.584
3 16 -21.029 4.000 4.963 -20.200 4.000 3.445 -21.029 0.000 4.963
3 16 -20.200 4.000 3.445 -20.200 0.000 3.445 -21.029 0.000 4.963
3 16 -20.200 4.000 3.445 -19.163 4.000 2.060 -20.200 0.000 3.445
3 16 -19.163 4.000 2.060 -19.163 0.000 2.060 -20.200 0.000 3.445
3 16 -19.163 4.000 2.060 -17.940 4.000 0.837 -19.163 0.000 2.060
3 16 -17.940 4.000 0.837 -17.940 0.000 0.837 -19.163 0.000 2.060
3 16 -17.940 4.000 0.837 -16.555 4.000 -0.200 -17.940 0.000 0.837
3 16 -16.555 4.000 -0.200 -16.555 0.000 -0.200 -17.940 0.000 0.837
3 16 -16.555 4.000 -0.200 -15.037 4.000 -1.029 -16.555 0.000 -0.200
3 16 -15.037 4.000 -1.029 -15.037 0.000 -1.029 -16.555 0.000 -0.200
3 16 -15.037 4.000 -1.029 -13.416 4.000 -1.634 -15.037 0.000 -1.029
3 16 -13.416 4.000 -1.634 -13.416 0.000 -1.634 -15.037 0.000 -1.029
3 16 -13.416 4.000 -1.634 -11.726 4.000 -2.002 -13.416 0.000 -1.634
3 16 -11.726 4.000 -2.002 -11.726 0.000 -2.002 -13.416 0.000 -1.634
3 16 -11.726 4.000 -2.002 -10.000 4.000 -2.125 -11.726 0.000 -2.002
3 16 -10.000 4.000 -2.125 -10.000 0.000 -2.125 -11.726 0.000 -2.002
3 16 -10.000 4.000 -2.125 30.000 0.000 -2.125 -10.000 0.000 -2.125
3 16 -10.000 4.000 -2.125 30.000 4.000 -2.125 30.000 0.000 -2.125
3 16 30.000 4.000 -2.125 31.726 4.000 -2.002 30.000 0.000 -2.125
3 16 31.726 4.000 -2.002 31.726 0.000 -2.002 30.000 0.000 -2.125
3 16 31.726 4.000 -2.002 33.416 4.000 -1.634 31.726 0.000 -2.002
3 16 33.416 4.000 -1.634 33.416 0.000 -1.634 31.726 0.000 -2.002
3 16 33.416 4.000 -1.634 35.037 4.000 -1.029 33.416 0.000 -1.634
3 16 35.037 4.000 -1.029 35.037 0.000 -1.029 33.416 0.000 -1.634
3 16 35.037 4.000 -1.029 36.555 4.000 -0.200 35.037 0.000 -1.029
3 16 36.555 4.000 -0.200 36.555 0.000 -0.200 35.037 0.000 -1.029
3 16 36.555 4.000 -0.200 37.940 4.000 0.837 36.555 0.000 -0.200
3 16 37.940 4.000 0.837 37.940 0.000 0.837 36.555 0.000 -0.200
3 16 37.940 4.000 0.837 39.163 4.000 2.060 37.940 0.000 0.837
3 16 39.163 4.000 2.060 39.163 0.000 2.060 37.940 0.000 0.837
3 16 39.163 4.000 2.060 40.200 4.000 3.445 39.163 0.000 2.060
3 16 40.200 4.000 3.445 40.200 0.000 3.445 39.163 0.000 2.060
3 16 40.200 4.000 3.445 41.029 4.000 4.963 40.200 0.000 3.445
3 16 41.029 4.000 4.963 41.029 0.000 4.963 40.200 0.000 3.445
3 16 41.029 4.000 4.963 41.634 4.000 6.584 41.029 0.000 4.963
3 16 41.634 4.000 6.584 41.634 0.000 6.584 41.029 0.000 4.963
3 16 41.634 4.000 6.584 42.002 4.000 8.274 41.634 0.000 6.584
3 16 42.002 4.000 8.274 42.002 0.000 8.274 41.634 0.000 6.584
3 16 42.002 4.000 8.274 42.125 4.000 10.000 42.002 0.000 8.274
3 16 42.125 4.000 10.000 42.125 0.000 10.000 42.002 0.000 8.274
3 16 42.125 4.000 10.000 42.002 4.000 11.726 42.125 0.000 10.000
3 16 42.002 4.000 11.726 42.002 0.000 11.726 42.125 0.000 10.000
3 16 42.002 4.000 11.726 41.634 4.000 13.416 42.002 0.000 11.726
3 16 41.634 4.000 13.416 41.634 0.000 13.416 42.002 0.000 11.726
3 16 41.634 4.000 13.416 41.029 4.000 15.037 41.634 0.000 13.416
3 16 41.029 4.000 15.037 41.029 0.000 15.037 41.634 0.000 13.416
3 16 41.029 4.000 15.037 40.200 4.000 16.555 41.029 0.000 15.037
3 16 40.200 4.000 16.555 40.200 0.000 16.555 41.029 0.000 15.037
3 16 40.200 4.000 16.555 39.163 4.000 17.940 40.200 0.000 16.555
3 16 39.163 4.000 17.940 39.163 0.000 17.940 40.200 0.000 16.555
3 16 39.163 4.000 17.940 37.940 4.000 19.163 39.163 0.000 17.940
3 16 37.940 4.000 19.163 37.940 0.000 19.163 39.163 0.000 17.940
3 16 37.940 4.000 19.163 36.555 4.000 20.200 37.940 0.000 19.163
3 16 36.555 4.000 20.200 36.555 0.000 20.200 37.940 0.000 19.163
3 16 36.555 4.000 20.200 35.037 4.000 21.029 36.555 0.000 20.200
3 16 35.037 4.000 21.029 35.037 0.000 21.029 36.555 0.000 20.200
3 16 35.037 4.000 21.029 33.416 4.000 21.634 35.037 0.000 21.029
3 16 33.416 4.000 21.634 33.416 0.000 21.634 35.037 0.000 21.029
3 16 33.416 4.000 21.634 31.726 4.000 22.002 33.416 0.000 21.634
3 16 31.726 4.000 22.002 31.726 0.000 22.002 33.416 0.000 21.634
3 16 31.726 4.000 22.002 30.000 4.000 22.125 31.726 0.000 22.002
3 16 30.000 4.000 22.125 30.000 0.000 22.125 31.726 0.000 22.002
3 16 30.000 4.000 22.125 -10.000 0.000 22.125 30.000 0.000 22.125
3 16 30.000 4.000 22.125 -10.000 4.000 22.125 -10.000 0.000 22.125
3 16 -10.000 4.000 15.250 -9.088 0.000 15.170 -10.000 0.000 15.250
3 16 -10.000 4.000 15.250 -9.088 4.000 15.170 -9.088 0.000 15.170
3 16 -9.088 4.000 15.170 -8.204 0.000 14.933 -9.088 0.000 15.170
3 16 -9.088 4.000 15.170 -8.204 4.000 14.933 -8.204 0.000 14.933
3 16 -8.204 4.000 14.933 -7.375 0.000 14.547 -8.204 0.000 14.933
3 16 -8.204 4.000 14.933 -7.375 4.000 14.547 -7.375 0.000 14.547
3 16 -7.375 4.000 14.547 -6.625 0.000 14.022 -7.375 0.000 14.547
3 16 -7.375 4.000 14.547 -6.625 4.000 14.022 -6.625 0.000 14.022
3 16 -6.625 4.000 14.022 -5.978 0.000 13.375 -6.625 0.000 14.022
3 16 -6.625 4.000 14.022 -5.978 4.000 13.375 -5.978 0.000 13.375
3 16 -5.978 4.000 13.375 -5.453 0.000 12.625 -5.978 0.000 13.375
3 16 -5.978 4.000 13.375 -5.453 4.000 12.625 -5.453 0.000 12.625
3 16 -5.453 4.000 12.625 -5.067 0.000 11.796 -5.453 0.000 12.625
3 16 -5.453 4.000 12.625 -5.067 4.000 11.796 -5.067 0.000 11.796
3 16 -5.067 4.000 11.796 -4.830 0.000 10.912 -5.067 0.000 11.796
3 16 -5.067 4.000 11.796 -4.830 4.000 10.912 -4.830 0.000 10.912
3 16 -4.830 4.000 10.912 -4.750 0.000 10.000 -4.830 0.000 10.912
3 16 -4.830 4.000 10.912 -4.750 4.000 10.000 -4.750 0.000 10.000
3 16 -4.750 4.000 10.000 -4.830 0.000 9.088 -4.750 0.000 10.000
3 16 -4.750 4.000 10.000 -4.830 4.000 9.088 -4.830 0.000 9.088
3 16 -4.830 4.000 9.088 -5.067 0.000 8.204 -4.830 0.000 9.088
3 16 -4.830 4.000 9.088 -5.067 4.000 8.204 -5.067 0.000 8.204
3 16 -5.067 4.000 8.204 -5.453 0.000 7.375 -5.067 0.000 8.204
3 16 -5.067 4.000 8.204 -5.453 4.000 7.375 -5.453 0.000 7.375
3 16 -5.453 4.000 7.375 -5.978 0.000 6.625 -5.453 0.000 7.375
3 16 -5.453 4.000 7.375 -5.978 4.000 6.625 -5.978 0.000 6.625
3 16 -5.978 4.000 6.625 -6.625 0.000 5.978 -5.978 0.000 6.625
3 16 -5.978 4.000 6.625 -6.625 4.000 5.978 -6.625 0.000 5.978
3 16 -6.625 4.000 5.978 -7.375 0.000 5.453 -6.625 0.000 5.978
3 16 -6.625 4.000 5.978 -7.375 4.000 5.453 -7.375 0.000 5.453
3 16 -7.375 4.000 5.453 -8.204 0.000 5.067 -7.375 0.000 5.453
3 16 -7.375 4.000 5.453 -8.204 4.000 5.067 -8.204 0.000 5.067
3 16 -8.204 4.000 5.067 -9.088 0.000 4.830 -8.204 0.000 5.067
3 16 -8.204 4.000 5.067 -9.088 4.000 4.830 -9.088 0.000 4.830
3 16 -9.088 4.000 4.830 -10.000 0.000 4.750 -9.088 0.000 4.830
3 16 -9.088 4.000 4.830 -10.000 4.000 4.750 -10.000 0.000 4.750
3 16 -10.000 4.000 4.750 -10.912 0.000 4.830 -10.000 0.000 4.750
3 16 -10.000 4.000 4.750 -10.912 4.000 4.830 -10.912 0.000 4.830
3 16 -10.912 4.000 4.830 -11.796 0.000 5.067 -10.912 0.000 4.830
3 16 -10.912 4.000 4.830 -11.796 4.000 5.067 -11.796 0.000 5.067
3 16 -11.796 4.000 5.067 -12.625 0.000 5.453 -11.796 0.000 5.067
3 16 -11.796 4.000 5.067 -12.625 4.000 5.453 -12.625 0.000 5.453
3 16 -12.625 4.000 5.453 -13.375 0.000 5.978 -12.625 0.000 5.453
3 16 -12.625 4.000 5.453 -13.375 4.000 5.978 -13.375 0.000 5.978
3 16 -13.375 4.000 5.978 -14.022 0.000 6.625 -13.375 0.000 5.978
3 16 -13.375 4.000 5.978 -14.022 4.000 6.625 -14.022 0.000 6.625
3 16 -14.022 4.000 6.625 -14.547 0.000 7.375 -14.022 0.000 6.625
3 16 -14.022 4.000 6.625 -14.547 4.000 7.375 -14.547 0.000 7.375
3 16 -14.547 4.000 7.375 -14.933 0.000 8.204 -14.547 0.000 7.375
3 16 -14.547 4.000 7.375 -14.933 4.000 8.204 -14.933 0.000 8.204
3 16 -14.933 4.000 8.204 -15.170 0.000 9.088 -14.933 0.000 8.204
3 16 -14.933 4.000 8.204 -15.170 4.000 9.088 -15.170 0.000 9.088
3 16 -15.170 4.000 9.088 -15.250 0.000 10.000 -15.170 0.000 9.088
3 16 -15.170 4.000 9.088 -15.250 4.000 10.000 -15.250 0.000 10.000
3 16 -15.250 4.000 10.000 -15.170 0.000 10.912 -15.250 0.000 10.000
3 16 -15.250 4.000 10.000 -15.170 4.000 10.912 -15.170 0.000 10.912
3 16 -15.170 4.000 10.912 -14.933 0.000 11.796 -15.170 0.000 10.912
3 16 -15.170 4.000 10.912 -14.933 4.000 11.796 -14.933 0.000 11.796
3 16 -14.933 4.000 11.796 -14.547 0.000 12.625 -14.933 0.000 11.796
3 16 -14.933 4.000 11.796 -14.547 4.000 12.625 -14.547 0.000 12.625
3 16 -14.547 4.000 12.625 -14.022 0.000 13.375 -14.547 0.000 12.625
3 16 -14.547 4.000 12.625 -14.022 4.000 13.375 -14.022 0.000 13.375
3 16 -14.022 4.000 13.375 -13.375 0.000 14.022 -14.022 0.000 13.375
3 16 -14.022 4.000 13.375 -13.375 4.000 14.022 -13.375 0.000 14.022
3 16 -13.375 4.000 14.022 -12.625 0.000 14.547 -13.375 0.000 14.022
3 16 -13.375 4.000 14.022 -12.625 4.000 14.547 -12.625 0.000 14.547
3 16 -12.625 4.000 14.547 -11.796 0.000 14.933 -12.625 0.000 14.547
3 16 -12.625 4.000 14.547 -11.796 4.000 14.933 -11.796 0.000 14.933
3 16 -11.796 4.000 14.933 -10.912 0.000 15.170 -11.796 0.000 14.933
3 16 -11.796 4.000 14.933 -10.912 4.000 15.170 -10.912 0.000 15.170
3 16 -10.912 4.000 15.170 -10.000 0.000 15.250 -10.912 0.000 15.170
3 16 -10.912 4.000 15.170 -10.000 4.000 15.250 -10.000 0.000 15.250
3 16 30.000 4.000 15.250 30.912 0.000 15.170 30.000 0.000 15.250
3 16 30.000 4.000 15.250 30.912 4.000 15.170 30.912 0.000 15.170
3 16 30.912 4.000 15.170 31.796 0.000 14.933 30.912 0.000 15.170
3 16 30.912 4.000 15.170 31.796 4.000 14.933 31.796 0.000 14.933
3 16 31.796 4.000 14.933 32.625 0.000 14.547 31.796 0.000 14.933
3 16 31.796 4.000 14.933 32.625 4.000 14.547 32.625 0.000 14.547
3 16 32.625 4.000 14.547 33.375 0.000 14.022 32.625 0.000 14.547
3 16 32.625 4.000 14.547 33.375 4.000 14.022 33.375 0.000 14.022
3 16 33.375 4.000 14.022 34.022 0.000 13.375 33.375 0.000 14.022
3 16 33.375 4.000 14.022 34.022 4.000 13.375 34.022 0.000 13.375
3 16 34.022 4.000 13.375 34.547 0.000 12.625 34.022 0.000 13.375
3 16 34.022 4.000 13.375 34.547 4.000 12.625 34.547 0.000 12.625
3 16 34.547 4.000 12.625 34.933 0.000 11.796 34.547 0.000 12.625
3 16 34.547 4.000 12.625 34.933 4.000 11.796 34.933 0.000 11.796
3 16 34.933 4.000 11.796 35.170 0.000 10.912 34.933 0.000 11.796
3 16 34.933 4.000 11.796 35.170 4.000 10.912 35.170 0.000 10.912
3 16 35.170 4.000 10.912 35.250 0.000 10.000 35.170 0.000 10.912
3 16 35.170 4.000 10.912 35.250 4.000 10.000 35.250 0.000 10.000
3 16 35.250 4.000 10.000 35.170 0.000 9.088 35.250 0.000 10.000
3 16 35.250 4.000 10.000 35.170 4.000 9.088 35.170 0.000 9.088
3 16 35.170 4.000 9.088 34.933 0.000 8.204 35.170 0.000 9.088
3 16 35.170 4.000 9.088 34.933 4.000 8.204 34.933 0.000 8.204
3 16 34.933 4.000 8.204 34.547 0.000 7.375 34.933 0.000 8.204
3 16 34.933 4.000 8.204 34.547 4.000 7.375 34.547 0.000 7.375
3 16 34.547 4.000 7.375 34.022 0.000 6.625 34.547 0.000 7.375
3 16 34.547 4.000 7.375 34.022 4.000 6.625 34.022 0.000 6.625
3 16 34.022 4.000 6.625 33.375 0.000 5.978 34.022 0.000 6.625
3 16 34.022 4.000 6.625 33.375 4.000 5.978 33.375 0.000 5.978
3 16 33.375 4.000 5.978 32.625 0.000 5.453 33.375 0.000 5.978
3 16 33.375 4.000 5.978 32.625 4.000 5.453 32.625 0.000 5.453
3 16 32.625 4.000 5.453 31.796 0.000 5.067 32.625 0.000 5.453
3 16 32.625 4.000 5.453 31.796 4.000 5.067 31.796 0.000 5.067
3 16 31.796 4.000 5.067 30.912 0.000 4.830 31.796 0.000 5.067
3 16 31.796 4.000 5.067 30.912 4.000 4.830 30.912 0.000 4.830
3 16 30.912 4.000 4.830 30.000 0.000 4.750 30.912 0.000 4.830
3 16 30.912 4.000 4.830 30.000 4.000 4.750 30.000 0.000 4.750
3 16 30.000 4.000 4.750 29.088 0.000 4.830 30.000 0.000 4.750
3 16 30.000 4.000 4.750 29.088 4.000 4.830 29.088 0.000 4.830
3 16 29.088 4.000 4.830 28.204 0.000 5.067 29.088 0.000 4.830
3 16 29.088 4.000 4.830 28.204 4.000 5.067 28.204 0.000 5.067
3 16 28.204 4.000 5.067 27.375 0.000 5.453 28.204 0.000 5.067
3 16 28.204 4.000 5.067 27.375 4.000 5.453 27.375 0.000 5.453
3 16 27.375 4.000 5.453 26.625 0.000 5.978 27.375 0.000 5.453
3 16 27.375 4.000 5.453 26.625 4.000 5.978 26.625 0.000 5.978
3 16 26.625 4.000 5.978 25.978 0.000 6.625 26.625 0.000 5.978
3 16 26.625 4.000 5.978 25.978 4.000 6.625 25.978 0.000 6.625
3 16 25.978 4.000 6.625 25.453 0.000 7.375 25.978 0.000 6.625
3 16 25.978 4.000 6.625 25.453 4.000 7.375 25.453 0.000 7.375
3 16 25.453 4.000 7.375 25.067 0.000 8.204 25.453 0.000 7.375
3 16 25.453 4.000 7.375 25.067 4.000 8.204 25.067 0.000 8.204
3 16 25.067 4.000 8.204 24.830 0.000 9.088 25.067 0.000 8.204
3 16 25.067 4.000 8.204 24.830 4.000 9.088 24.830 0.000 9.088
3 16 24.830 4.000 9.088 24.750 0.000 10.000 24.830 0.000 9.088
3 16 24.830 4.000 9.088 24.750 4.000 10.000 24.750 0.000 10.000
3 16 24.750 4.000 10.000 24.830 0.000 10.912 24.750 0.000 10.000
3 16 24.750 4.000 10.000 24.830 4.000 10.912 24.830 0.000 10.912
3 16 24.830 4.000 10.912 25.067 0.000 11.796 24.830 0.000 10.912
3 16 24.830 4.000 10.912 25.067 4.000 11.796 25.067 0.000 11.796
3 16 25.067 4.000 11.796 25.453 0.000 12.625 25.067 0.000 11.796
3 16 25.067 4.000 11.796 25.453 4.000 12.625 25.453 0.000 12.625
3 16 25.453 4.000 12.625 25.978 0.000 13.375 25.453 0.000 12.625
3 16 25.453 4.000 12.625 25.978 4.000 13.375 25.978 0.000 13.375
3 16 25.978 4.000 13.375 26.625 0.000 14.022 25.978 0.000 13.375
3 16 25.978 4.000 13.375 26.625 4.000 14.022 26.625 0.000 14.022
3 16 26.625 4.000 14.022 27.375 0.000 14.547 26.625 0.000 14.022
3 16 26.625 4.000 14.022 27.375 4.000 14.547 27.375 0.000 14.547
3 16 27.375 4.000 14.547 28.204 0.000 14.933 27.375 0.000 14.547
3 16 27.375 4.000 14.547 28.204 4.000 14.933 28.204 0.000 14.933
3 16 28.204 4.000 14.933 29.088 0.000 15.170 28.204 0.000 14.933
3 16 28.204 4.000 14.933 29.088 4.000 15.170 29.088 0.000 15.170
3 16 29.088 4.000 15.170 30.000 0.000 15.250 29.088 0.000 15.170
3 16 29.088 4.000 15.170 30.000 4.000 15.250 30.000 0.000 15.250
3 16 -10.000 0.000 22.125 25.453 0.000 12.625 25.978 0.000 13.375
3 16 -10.000 0.000 22.125 25.067 0.000 11.796 25.453 0.000 12.625
3 16 40.200 0.000 3.445 41.029 0.000 4.963 34.547 0.000 7.375
3 16 41.029 0.000 4.963 34.933 0.000 8.204 34.547 0.000 7.375
3 16 41.029 0.000 4.963 41.634 0.000 6.584 34.933 0.000 8.204
3 16 41.634 0.000 6.584 35.170 0.000 9.088 34.933 0.000 8.204
3 16 41.634 0.000 6.584 42.002 0.000 8.274 35.170 0.000 9.088
3 16 42.002 0.000 8.274 35.250 0.000 10.000 35.170 0.000 9.088
3 16 42.002 0.000 8.274 42.125 0.000 10.000 35.250 0.000 10.000
3 16 42.125 0.000 10.000 35.170 0.000 10.912 35.250 0.000 10.000
3 16 42.125 0.000 10.000 42.002 0.000 11.726 35.170 0.000 10.912
3 16 42.002 0.000 11.726 34.933 0.000 11.796 35.170 0.000 10.912
3 16 34.547 0.000 7.375 39.163 0.000 2.060 40.200 0.000 3.445
3 16 34.547 0.000 7.375 34.022 0.000 6.625 39.163 0.000 2.060
3 16 34.022 0.000 6.625 37.940 0.000 0.837 39.163 0.000 2.060
3 16 34.022 0.000 6.625 33.375 0.000 5.978 37.940 0.000 0.837
3 16 33.375 0.000 5.978 36.555 0.000 -0.200 37.940 0.000 0.837
3 16 33.375 0.000 5.978 32.625 0.000 5.453 36.555 0.000 -0.200
3 16 32.625 0.000 5.453 35.037 0.000 -1.029 36.555 0.000 -0.200
3 16 32.625 0.000 5.453 31.796 0.000 5.067 35.037 0.000 -1.029
3 16 31.796 0.000 5.067 33.416 0.000 -1.634 35.037 0.000 -1.029
3 16 14.547 0.000 7.375 14.022 0.000 6.625 30.000 0.000 -2.125
3 16 13.375 0.000 5.978 30.000 0.000 -2.125 14.022 0.000 6.625
3 16 13.375 0.000 5.978 12.625 0.000 5.453 30.000 0.000 -2.125
3 16 12.625 0.000 5.453 11.796 0.000 5.067 30.000 0.000 -2.125
3 16 -5.067 0.000 11.796 -4.830 0.000 10.912 7.375 0.000 5.453
3 16 41.634 0.000 13.416 34.933 0.000 11.796 42.002 0.000 11.726
3 16 41.634 0.000 13.416 41.029 0.000 15.037 34.933 0.000 11.796
3 16 41.029 0.000 15.037 34.547 0.000 12.625 34.933 0.000 11.796
3 16 41.029 0.000 15.037 40.200 0.000 16.555 34.547 0.000 12.625
3 16 40.200 0.000 16.555 34.022 0.000 13.375 34.547 0.000 12.625
3 16 40.200 0.000 16.555 39.163 0.000 17.940 34.022 0.000 13.375
3 16 39.163 0.000 17.940 33.375 0.000 14.022 34.022 0.000 13.375
3 16 39.163 0.000 17.940 37.940 0.000 19.163 33.375 0.000 14.022
3 16 37.940 0.000 19.163 32.625 0.000 14.547 33.375 0.000 14.022
3 16 6.625 0.000 5.978 -5.067 0.000 11.796 7.375 0.000 5.453
3 16 6.625 0.000 5.978 5.978 0.000 6.625 -5.067 0.000 11.796
3 16 5.978 0.000 6.625 -5.453 0.000 12.625 -5.067 0.000 11.796
3 16 5.978 0.000 6.625 5.453 0.000 7.375 -5.453 0.000 12.625
3 16 5.453 0.000 7.375 -5.978 0.000 13.375 -5.453 0.000 12.625
3 16 -10.000 0.000 -2.125 10.000 0.000 4.750 9.088 0.000 4.830
3 16 -10.000 0.000 -2.125 30.000 0.000 -2.125 10.000 0.000 4.750
3 16 30.000 0.000 -2.125 10.912 0.000 4.830 10.000 0.000 4.750
3 16 30.000 0.000 -2.125 11.796 0.000 5.067 10.912 0.000 4.830
3 16 31.796 0.000 5.067 31.726 0.000 -2.002 33.416 0.000 -1.634
3 16 31.796 0.000 5.067 30.912 0.000 4.830 31.726 0.000 -2.002
3 16 30.912 0.000 4.830 30.000 0.000 -2.125 31.726 0.000 -2.002
3 16 30.912 0.000 4.830 30.000 0.000 4.750 30.000 0.000 -2.125
3 16 30.000 0.000 4.750 29.088 0.000 4.830 30.000 0.000 -2.125
3 16 36.555 0.000 20.200 32.625 0.000 14.547 37.940 0.000 19.163
3 16 36.555 0.000 20.200 35.037 0.000 21.029 32.625 0.000 14.547
3 16 35.037 0.000 21.029 31.796 0.000 14.933 32.625 0.000 14.547
3 16 35.037 0.000 21.029 33.416 0.000 21.634 31.796 0.000 14.933
3 16 33.416 0.000 21.634 30.912 0.000 15.170 31.796 0.000 14.933
3 16 33.416 0.000 21.634 31.726 0.000 22.002 30.912 0.000 15.170
3 16 31.726 0.000 22.002 30.000 0.000 15.250 30.912 0.000 15.170
3 16 31.726 0.000 22.002 30.000 0.000 22.125 30.000 0.000 15.250
3 16 30.000 0.000 22.125 29.088 0.000 15.170 30.000 0.000 15.250
3 16 6.625 0.000 14.022 -10.000 0.000 22.125 5.978 0.000 13.375
3 16 6.625 0.000 14.022 7.375 0.000 14.547 -10.000 0.000 22.125
3 16 14.022 0.000 13.375 25.067 0.000 11.796 13.375 0.000 14.022
3 16 14.547 0.000 12.625 25.067 0.000 11.796 14.022 0.000 13.375
3 16 14.547 0.000 12.625 14.933 0.000 11.796 25.067 0.000 11.796
3 16 14.933 0.000 11.796 15.170 0.000 10.912 25.067 0.000 11.796
3 16 25.067 0.000 8.204 15.170 0.000 9.088 25.453 0.000 7.375
3 16 25.067 0.000 8.204 24.830 0.000 9.088 15.170 0.000 9.088
3 16 24.830 0.000 9.088 15.250 0.000 10.000 15.170 0.000 9.088
3 16 24.830 0.000 9.088 24.750 0.000 10.000 15.250 0.000 10.000
3 16 24.750 0.000 10.000 15.170 0.000 10.912 15.250 0.000 10.000
3 16 24.750 0.000 10.000 24.830 0.000 10.912 15.170 0.000 10.912
3 16 24.830 0.000 10.912 25.067 0.000 11.796 15.170 0.000 10.912
3 16 28.204 0.000 5.067 30.000 0.000 -2.125 29.088 0.000 4.830
3 16 28.204 0.000 5.067 27.375 0.000 5.453 30.000 0.000 -2.125
3 16 27.375 0.000 5.453 14.547 0.000 7.375 30.000 0.000 -2.125
3 16 27.375 0.000 5.453 26.625 0.000 5.978 14.547 0.000 7.375
3 16 26.625 0.000 5.978 25.978 0.000 6.625 14.547 0.000 7.375
3 16 15.170 0.000 9.088 25.978 0.000 6.625 25.453 0.000 7.375
3 16 15.170 0.000 9.088 14.933 0.000 8.204 25.978 0.000 6.625
3 16 14.933 0.000 8.204 14.547 0.000 7.375 25.978 0.000 6.625
3 16 26.625 0.000 14.022 -10.000 0.000 22.125 25.978 0.000 13.375
3 16 26.625 0.000 14.022 27.375 0.000 14.547 -10.000 0.000 22.125
3 16 27.375 0.000 14.547 30.000 0.000 22.125 -10.000 0.000 22.125
3 16 27.375 0.000 14.547 28.204 0.000 14.933 30.000 0.000 22.125
3 16 28.204 0.000 14.933 29.088 0.000 15.170 30.000 0.000 22.125
3 16 -4.750 0.000 10.000 7.375 0.000 5.453 -4.830 0.000 10.912
3 16 -4.750 0.000 10.000 -4.830 0.000 9.088 7.375 0.000 5.453
3 16 -4.830 0.000 9.088 8.204 0.000 5.067 7.375 0.000 5.453
3 16 -4.830 0.000 9.088 -5.067 0.000 8.204 8.204 0.000 5.067
3 16 -5.067 0.000 8.204 9.088 0.000 4.830 8.204 0.000 5.067
3 16 -5.067 0.000 8.204 -5.453 0.000 7.375 9.088 0.000 4.830
3 16 -9.088 0.000 4.830 -10.000 0.000 -2.125 -8.204 0.000 5.067
3 16 -9.088 0.000 4.830 -10.000 0.000 4.750 -10.000 0.000 -2.125
3 16 -10.000 0.000 4.750 -11.726 0.000 -2.002 -10.000 0.000 -2.125
3 16 -10.000 0.000 4.750 -10.912 0.000 4.830 -11.726 0.000 -2.002
3 16 -10.912 0.000 4.830 -13.416 0.000 -1.634 -11.726 0.000 -2.002
3 16 -10.912 0.000 4.830 -11.796 0.000 5.067 -13.416 0.000 -1.634
3 16 -11.796 0.000 5.067 -15.037 0.000 -1.029 -13.416 0.000 -1.634
3 16 -11.796 0.000 5.067 -12.625 0.000 5.453 -15.037 0.000 -1.029
3 16 -7.375 0.000 14.547 5.453 0.000 7.375 5.067 0.000 8.204
3 16 -7.375 0.000 14.547 -6.625 0.000 14.022 5.453 0.000 7.375
3 16 -6.625 0.000 14.022 -5.978 0.000 13.375 5.453 0.000 7.375
3 16 -10.912 0.000 15.170 -11.726 0.000 22.002 -11.796 0.000 14.933
3 16 -10.912 0.000 15.170 -10.000 0.000 15.250 -11.726 0.000 22.002
3 16 -10.000 0.000 15.250 -9.088 0.000 15.170 -11.726 0.000 22.002
3 16 -5.978 0.000 6.625 9.088 0.000 4.830 -5.453 0.000 7.375
3 16 -5.978 0.000 6.625 -6.625 0.000 5.978 9.088 0.000 4.830
3 16 -6.625 0.000 5.978 -10.000 0.000 -2.125 9.088 0.000 4.830
3 16 -6.625 0.000 5.978 -7.375 0.000 5.453 -10.000 0.000 -2.125
3 16 -7.375 0.000 5.453 -8.204 0.000 5.067 -10.000 0.000 -2.125
3 16 -21.029 0.000 4.963 -14.547 0.000 7.375 -14.933 0.000 8.204
3 16 -21.029 0.000 4.963 -20.200 0.000 3.445 -14.547 0.000 7.375
3 16 -20.200 0.000 3.445 -14.022 0.000 6.625 -14.547 0.000 7.375
3 16 -20.200 0.000 3.445 -19.163 0.000 2.060 -14.022 0.000 6.625
3 16 -19.163 0.000 2.060 -13.375 0.000 5.978 -14.022 0.000 6.625
3 16 -19.163 0.000 2.060 -17.940 0.000 0.837 -13.375 0.000 5.978
3 16 -17.940 0.000 0.837 -12.625 0.000 5.453 -13.375 0.000 5.978
3 16 -17.940 0.000 0.837 -16.555 0.000 -0.200 -12.625 0.000 5.453
3 16 -16.555 0.000 -0.200 -15.037 0.000 -1.029 -12.625 0.000 5.453
3 16 -21.029 0.000 15.037 -14.933 0.000 11.796 -14.547 0.000 12.625
3 16 -21.029 0.000 15.037 -21.634 0.000 13.416 -14.933 0.000 11.796
3 16 -21.634 0.000 13.416 -15.170 0.000 10.912 -14.933 0.000 11.796
3 16 -21.634 0.000 13.416 -22.002 0.000 11.726 -15.170 0.000 10.912
3 16 -22.002 0.000 11.726 -15.250 0.000 10.000 -15.170 0.000 10.912
3 16 -22.002 0.000 11.726 -22.125 0.000 10.000 -15.250 0.000 10.000
3 16 -22.125 0.000 10.000 -15.170 0.000 9.088 -15.250 0.000 10.000
3 16 -22.125 0.000 10.000 -22.002 0.000 8.274 -15.170 0.000 9.088
3 16 -22.002 0.000 8.274 -14.933 0.000 8.204 -15.170 0.000 9.088
3 16 -22.002 0.000 8.274 -21.634 0.000 6.584 -14.933 0.000 8.204
3 16 -21.634 0.000 6.584 -21.029 0.000 4.963 -14.933 0.000 8.204
3 16 4.830 0.000 9.088 -7.375 0.000 14.547 5.067 0.000 8.204
3 16 4.830 0.000 9.088 4.750 0.000 10.000 -7.375 0.000 14.547
3 16 4.750 0.000 10.000 -8.204 0.000 14.933 -7.375 0.000 14.547
3 16 4.750 0.000 10.000 4.830 0.000 10.912 -8.204 0.000 14.933
3 16 4.830 0.000 10.912 5.067 0.000 11.796 -8.204 0.000 14.933
3 16 -10.000 0.000 22.125 5.453 0.000 12.625 5.978 0.000 13.375
3 16 -10.000 0.000 22.125 -11.726 0.000 22.002 5.453 0.000 12.625
3 16 -11.726 0.000 22.002 5.067 0.000 11.796 5.453 0.000 12.625
3 16 -11.726 0.000 22.002 -9.088 0.000 15.170 5.067 0.000 11.796
3 16 -9.088 0.000 15.170 -8.204 0.000 14.933 5.067 0.000 11.796
3 16 8.204 0.000 14.933 -10.000 0.000 22.125 7.375 0.000 14.547
3 16 8.204 0.000 14.933 9.088 0.000 15.170 -10.000 0.000 22.125
3 16 9.088 0.000 15.170 10.000 0.000 15.250 -10.000 0.000 22.125
3 16 10.912 0.000 15.170 -10.000 0.000 22.125 10.000 0.000 15.250
3 16 10.912 0.000 15.170 11.796 0.000 14.933 -10.000 0.000 22.125
3 16 11.796 0.000 14.933 25.067 0.000 11.796 -10.000 0.000 22.125
3 16 11.796 0.000 14.933 12.625 0.000 14.547 25.067 0.000 11.796
3 16 12.625 0.000 14.547 13.375 0.000 14.022 25.067 0.000 11.796
3 16 -13.416 0.000 21.634 -11.796 0.000 14.933 -11.726 0.000 22.002
3 16 -13.416 0.000 21.634 -15.037 0.000 21.029 -11.796 0.000 14.933
3 16 -15.037 0.000 21.029 -12.625 0.000 14.547 -11.796 0.000 14.933
3 16 -15.037 0.000 21.029 -16.555 0.000 20.200 -12.625 0.000 14.547
3 16 -16.555 0.000 20.200 -13.375 0.000 14.022 -12.625 0.000 14.547
3 16 -16.555 0.000 20.200 -17.940 0.000 19.163 -13.375 0.000 14.022
3 16 -17.940 0.000 19.163 -14.022 0.000 13.375 -13.375 0.000 14.022
3 16 -17.940 0.000 19.163 -19.163 0.000 17.940 -14.022 0.000 13.375
3 16 -19.163 0.000 17.940 -14.547 0.000 12.625 -14.022 0.000 13.375
3 16 -19.163 0.000 17.940 -20.200 0.000 16.555 -14.547 0.000 12.625
3 16 -20.200 0.000 16.555 -21.029 0.000 15.037 -14.547 0.000 12.625
2 24 -21.634 4.000 6.584 -22.002 4.000 8.274
2 24 -19.163 4.000 2.060 -20.200 4.000 3.445
2 24 -5.453 0.000 12.625 -5.978 0.000 13.375
2 24 -12.625 0.000 5.453 -13.375 0.000 5.978
2 24 -14.933 0.000 8.204 -15.170 0.000 9.088
2 24 30.912 0.000 15.170 30.000 0.000 15.250
2 24 29.088 0.000 4.830 28.204 0.000 5.067
2 24 26.625 4.000 14.022 25.978 4.000 13.375
2 24 12.625 0.000 5.453 11.796 0.000 5.067
2 24 5.453 0.000 12.625 5.067 0.000 11.796
2 24 5.978 0.000 13.375 5.453 0.000 12.625
2 24 5.453 4.000 7.375 5.067 4.000 8.204
2 24 -10.000 4.000 15.250 -10.912 4.000 15.170
2 24 -19.163 4.000 17.940 -20.200 4.000 16.555
2 24 -17.940 4.000 19.163 -19.163 4.000 17.940
2 24 -10.912 0.000 15.170 -11.796 0.000 14.933
2 24 30.000 0.000 15.250 29.088 0.000 15.170
2 24 40.200 4.000 16.555 39.163 4.000 17.940
2 24 10.000 0.000 4.750 9.088 0.000 4.830
2 24 13.375 4.000 5.978 12.625 4.000 5.453
2 24 32.625 0.000 5.453 31.796 0.000 5.067
2 24 33.416 4.000 -1.634 31.726 4.000 -2.002
2 24 42.002 0.000 11.726 41.634 0.000 13.416
2 24 24.830 4.000 9.088 24.750 4.000 10.000
2 24 15.250 0.000 10.000 15.170 0.000 9.088
2 24 25.067 4.000 11.796 24.830 4.000 10.912
2 24 35.250 0.000 10.000 35.170 0.000 9.088
2 24 34.933 4.000 11.796 34.547 4.000 12.625
2 24 8.204 0.000 14.933 7.375 0.000 14.547
2 24 -4.830 0.000 9.088 -5.067 0.000 8.204
2 24 15.170 4.000 10.912 14.933 4.000 11.796
2 24 27.375 4.000 14.547 26.625 4.000 14.022
2 24 14.022 0.000 6.625 13.375 0.000 5.978
2 24 24.830 0.000 10.912 24.750 0.000 10.000
2 24 31.796 4.000 5.067 30.912 4.000 4.830
2 24 5.067 4.000 11.796 4.830 4.000 10.912
2 24 24.830 0.000 9.088 24.750 0.000 10.000
2 24 4.830 0.000 10.912 4.750 0.000 10.000
2 24 -5.453 0.000 7.375 -5.978 0.000 6.625
2 24 -5.978 0.000 6.625 -6.625 0.000 5.978
2 24 -7.375 4.000 5.453 -8.204 4.000 5.067
2 24 15.250 0.000 10.000 15.170 0.000 10.912
2 24 7.375 0.000 14.547 6.625 0.000 14.022
2 24 41.634 0.000 13.416 41.029 0.000 15.037
2 24 41.634 4.000 13.416 41.029 4.000 15.037
2 24 15.250 4.000 10.000 15.170 4.000 10.912
2 24 -5.978 4.000 6.625 -6.625 4.000 5.978
2 24 7.375 4.000 14.547 6.625 4.000 14.022
2 24 5.067 0.000 11.796 4.830 0.000 10.912
2 24 35.170 0.000 10.912 34.933 0.000 11.796
2 24 31.796 0.000 5.067 30.912 0.000 4.830
2 24 28.204 0.000 14.933 27.375 0.000 14.547
2 24 35.170 4.000 10.912 34.933 4.000 11.796
2 24 12.625 4.000 5.453 11.796 4.000 5.067
2 24 5.978 4.000 13.375 5.453 4.000 12.625
2 24 5.453 4.000 12.625 5.067 4.000 11.796
2 24 -9.088 4.000 4.830 -10.000 4.000 4.750
2 24 30.912 0.000 4.830 30.000 0.000 4.750
2 24 41.029 4.000 15.037 40.200 4.000 16.555
2 24 30.000 0.000 -2.125 -10.000 0.000 -2.125
2 24 42.002 4.000 11.726 41.634 4.000 13.416
2 24 15.170 0.000 9.088 14.933 0.000 8.204
2 24 35.250 4.000 10.000 35.170 4.000 10.912
2 24 14.547 0.000 7.375 14.022 0.000 6.625
2 24 -6.625 4.000 5.978 -7.375 4.000 5.453
2 24 -5.453 4.000 7.375 -5.978 4.000 6.625
2 24 4.830 4.000 10.912 4.750 4.000 10.000
2 24 30.000 4.000 4.750 29.088 4.000 4.830
2 24 -10.912 4.000 15.170 -11.796 4.000 14.933
2 24 5.067 0.000 8.204 4.830 0.000 9.088
2 24 -11.726 0.000 -2.002 -13.416 0.000 -1.634
2 24 -14.547 0.000 12.625 -14.933 0.000 11.796
2 24 30.000 4.000 15.250 29.088 4.000 15.170
2 24 42.125 4.000 10.000 42.002 4.000 11.726
2 24 35.250 4.000 10.000 35.170 4.000 9.088
2 24 14.547 4.000 12.625 14.022 4.000 13.375
2 24 -5.067 4.000 11.796 -5.453 4.000 12.625
2 24 -9.088 4.000 15.170 -10.000 4.000 15.250
2 24 -15.170 4.000 9.088 -15.250 4.000 10.000
2 24 -11.796 4.000 5.067 -12.625 4.000 5.453
2 24 -4.830 0.000 10.912 -5.067 0.000 11.796
2 24 -10.912 0.000 4.830 -11.796 0.000 5.067
2 24 34.547 0.000 12.625 34.022 0.000 13.375
2 24 42.125 4.000 10.000 42.002 4.000 8.274
2 24 37.940 0.000 0.837 36.555 0.000 -0.200
2 24 35.170 4.000 9.088 34.933 4.000 8.204
2 24 34.547 0.000 7.375 34.022 0.000 6.625
2 24 34.933 0.000 8.204 34.547 0.000 7.375
2 24 -4.750 4.000 10.000 -4.830 4.000 10.912
2 24 -10.000 4.000 4.750 -10.912 4.000 4.830
2 24 9.088 0.000 15.170 8.204 0.000 14.933
2 24 -11.796 4.000 14.933 -12.625 4.000 14.547
2 24 30.912 4.000 15.170 30.000 4.000 15.250
2 24 -5.453 4.000 12.625 -5.978 4.000 13.375
2 24 29.088 4.000 4.830 28.204 4.000 5.067
2 24 -8.204 4.000 14.933 -9.088 4.000 15.170
2 24 -14.933 4.000 8.204 -15.170 4.000 9.088
2 24 -12.625 4.000 5.453 -13.375 4.000 5.978
2 24 14.547 0.000 12.625 14.022 0.000 13.375
2 24 9.088 0.000 4.830 8.204 0.000 5.067
2 24 -21.029 0.000 15.037 -21.634 0.000 13.416
2 24 -16.555 4.000 -0.200 -17.940 4.000 0.837
2 24 -15.037 0.000 21.029 -16.555 0.000 20.200
2 24 -15.037 0.000 -1.029 -16.555 0.000 -0.200
2 24 14.022 4.000 6.625 13.375 4.000 5.978
2 24 36.555 0.000 -0.200 35.037 0.000 -1.029
2 24 31.726 4.000 22.002 30.000 4.000 22.125
2 24 13.375 4.000 14.022 12.625 4.000 14.547
2 24 -20.200 4.000 3.445 -21.029 4.000 4.963
2 24 31.796 4.000 14.933 30.912 4.000 15.170
2 24 7.375 0.000 5.453 6.625 0.000 5.978
2 24 -22.002 0.000 8.274 -22.125 0.000 10.000
2 24 -14.022 0.000 6.625 -14.547 0.000 7.375
2 24 24.830 4.000 10.912 24.750 4.000 10.000
2 24 14.547 4.000 7.375 14.022 4.000 6.625
2 24 14.933 4.000 8.204 14.547 4.000 7.375
2 24 35.037 4.000 -1.029 33.416 4.000 -1.634
2 24 26.625 0.000 14.022 25.978 0.000 13.375
2 24 25.978 4.000 6.625 25.453 4.000 7.375
2 24 -15.037 4.000 21.029 -16.555 4.000 20.200
2 24 10.000 0.000 15.250 9.088 0.000 15.170
2 24 -13.416 0.000 -1.634 -15.037 0.000 -1.029
2 24 -7.375 4.000 14.547 -8.204 4.000 14.933
2 24 34.022 4.000 13.375 33.375 4.000 14.022
2 24 39.163 4.000 17.940 37.940 4.000 19.163
2 24 30.000 4.000 22.125 -10.000 4.000 22.125
2 24 14.022 4.000 13.375 13.375 4.000 14.022
2 24 -5.978 4.000 13.375 -6.625 4.000 14.022
2 24 6.625 4.000 5.978 5.978 4.000 6.625
2 24 26.625 4.000 5.978 25.978 4.000 6.625
2 24 -14.547 4.000 7.375 -14.933 4.000 8.204
2 24 -13.375 4.000 5.978 -14.022 4.000 6.625
2 24 -17.940 4.000 0.837 -19.163 4.000 2.060
2 24 10.912 0.000 15.170 10.000 0.000 15.250
2 24 42.002 4.000 8.274 41.634 4.000 6.584
2 24 33.375 4.000 14.022 32.625 4.000 14.547
2 24 -21.634 0.000 6.584 -22.002 0.000 8.274
2 24 -19.163 0.000 2.060 -20.200 0.000 3.445
2 24 41.634 4.000 6.584 41.029 4.000 4.963
2 24 34.933 4.000 8.204 34.547 4.000 7.375
2 24 34.547 4.000 7.375 34.022 4.000 6.625
2 24 39.163 0.000 2.060 37.940 0.000 0.837
2 24 27.375 4.000 5.453 26.625 4.000 5.978
2 24 12.625 4.000 14.547 11.796 4.000 14.933
2 24 14.022 0.000 13.375 13.375 0.000 14.022
2 24 6.625 0.000 5.978 5.978 0.000 6.625
2 24 -17.940 0.000 0.837 -19.163 0.000 2.060
2 24 39.163 0.000 17.940 37.940 0.000 19.163
2 24 30.000 0.000 22.125 -10.000 0.000 22.125
2 24 -7.375 0.000 14.547 -8.204 0.000 14.933
2 24 -5.978 0.000 13.375 -6.625 0.000 14.022
2 24 -13.375 0.000 5.978 -14.022 0.000 6.625
2 24 -14.547 0.000 7.375 -14.933 0.000 8.204
2 24 34.022 0.000 13.375 33.375 0.000 14.022
2 24 26.625 0.000 5.978 25.978 0.000 6.625
2 24 41.029 4.000 4.963 40.200 4.000 3.445
2 24 40.200 4.000 3.445 39.163 4.000 2.060
2 24 34.022 4.000 6.625 33.375 4.000 5.978
2 24 39.163 4.000 2.060 37.940 4.000 0.837
2 24 40.200 0.000 3.445 39.163 0.000 2.060
2 24 33.375 4.000 5.978 32.625 4.000 5.453
2 24 25.978 4.000 13.375 25.453 4.000 12.625
2 24 25.453 4.000 12.625 25.067 4.000 11.796
2 24 42.125 0.000 10.000 42.002 0.000 8.274
2 24 33.416 4.000 21.634 31.726 4.000 22.002
2 24 31.796 0.000 14.933 30.912 0.000 15.170
2 24 35.037 4.000 21.029 33.416 4.000 21.634
2 24 36.555 4.000 20.200 35.037 4.000 21.029
2 24 37.940 0.000 19.163 36.555 0.000 20.200
2 24 32.625 4.000 14.547 31.796 4.000 14.933
2 24 12.625 0.000 14.547 11.796 0.000 14.933
2 24 13.375 0.000 14.022 12.625 0.000 14.547
2 24 27.375 0.000 5.453 26.625 0.000 5.978
2 24 35.170 0.000 9.088 34.933 0.000 8.204
2 24 33.375 0.000 14.022 32.625 0.000 14.547
2 24 37.940 4.000 19.163 36.555 4.000 20.200
2 24 -21.029 0.000 4.963 -21.634 0.000 6.584
2 24 -20.200 0.000 3.445 -21.029 0.000 4.963
2 24 28.204 0.000 5.067 27.375 0.000 5.453
2 24 -6.625 4.000 14.022 -7.375 4.000 14.547
2 24 -22.002 4.000 8.274 -22.125 4.000 10.000
2 24 -14.022 4.000 6.625 -14.547 4.000 7.375
2 24 5.978 0.000 6.625 5.453 0.000 7.375
2 24 -11.726 0.000 22.002 -13.416 0.000 21.634
2 24 34.547 4.000 12.625 34.022 4.000 13.375
2 24 -4.830 4.000 10.912 -5.067 4.000 11.796
2 24 -10.912 4.000 4.830 -11.796 4.000 5.067
2 24 -14.933 0.000 11.796 -15.170 0.000 10.912
2 24 14.933 0.000 11.796 14.547 0.000 12.625
2 24 25.067 0.000 11.796 24.830 0.000 10.912
2 24 33.375 0.000 5.978 32.625 0.000 5.453
2 24 25.453 0.000 12.625 25.067 0.000 11.796
2 24 29.088 4.000 15.170 28.204 4.000 14.933
2 24 -8.204 4.000 5.067 -9.088 4.000 4.830
2 24 -7.375 0.000 5.453 -8.204 0.000 5.067
2 24 11.796 4.000 14.933 10.912 4.000 15.170
2 24 -16.555 0.000 -0.200 -17.940 0.000 0.837
2 24 -6.625 0.000 5.978 -7.375 0.000 5.453
2 24 15.170 4.000 9.088 14.933 4.000 8.204
2 24 14.933 0.000 8.204 14.547 0.000 7.375
2 24 35.037 0.000 -1.029 33.416 0.000 -1.634
2 24 -10.000 4.000 -2.125 -11.726 4.000 -2.002
2 24 -4.750 4.000 10.000 -4.830 4.000 9.088
2 24 10.912 4.000 4.830 10.000 4.000 4.750
2 24 15.250 4.000 10.000 15.170 4.000 9.088
2 24 13.375 0.000 5.978 12.625 0.000 5.453
2 24 8.204 4.000 14.933 7.375 4.000 14.547
2 24 31.726 0.000 -2.002 30.000 0.000 -2.125
2 24 -5.067 0.000 8.204 -5.453 0.000 7.375
2 24 4.830 4.000 9.088 4.750 4.000 10.000
2 24 25.453 4.000 7.375 25.067 4.000 8.204
2 24 -14.022 4.000 13.375 -14.547 4.000 12.625
2 24 -10.000 0.000 -2.125 -11.726 0.000 -2.002
2 24 -13.375 4.000 14.022 -14.022 4.000 13.375
2 24 10.912 0.000 4.830 10.000 0.000 4.750
2 24 -4.750 0.000 10.000 -4.830 0.000 9.088
2 24 10.000 4.000 4.750 9.088 4.000 4.830
2 24 -12.625 0.000 14.547 -13.375 0.000 14.022
2 24 14.933 4.000 11.796 14.547 4.000 12.625
2 24 -13.375 0.000 14.022 -14.022 0.000 13.375
2 24 25.453 0.000 7.375 25.067 0.000 8.204
2 24 -5.067 4.000 8.204 -5.453 4.000 7.375
2 24 31.726 4.000 -2.002 30.000 4.000 -2.125
2 24 25.067 4.000 8.204 24.830 4.000 9.088
2 24 9.088 4.000 4.830 8.204 4.000 5.067
2 24 -21.029 4.000 15.037 -21.634 4.000 13.416
2 24 10.912 4.000 15.170 10.000 4.000 15.250
2 24 -16.555 0.000 20.200 -17.940 0.000 19.163
2 24 -17.940 0.000 19.163 -19.163 0.000 17.940
2 24 -19.163 0.000 17.940 -20.200 0.000 16.555
2 24 -21.634 4.000 13.416 -22.002 4.000 11.726
2 24 5.453 0.000 7.375 5.067 0.000 8.204
2 24 -10.000 0.000 15.250 -10.912 0.000 15.170
2 24 -4.830 4.000 9.088 -5.067 4.000 8.204
2 24 -13.416 4.000 21.634 -15.037 4.000 21.029
2 24 40.200 0.000 16.555 39.163 0.000 17.940
2 24 -12.625 4.000 14.547 -13.375 4.000 14.022
2 24 -11.726 4.000 -2.002 -13.416 4.000 -1.634
2 24 41.029 0.000 15.037 40.200 0.000 16.555
2 24 -9.088 0.000 15.170 -10.000 0.000 15.250
2 24 -5.067 0.000 11.796 -5.453 0.000 12.625
2 24 -11.796 0.000 5.067 -12.625 0.000 5.453
2 24 -15.170 0.000 9.088 -15.250 0.000 10.000
2 24 10.000 4.000 15.250 9.088 4.000 15.170
2 24 -15.170 4.000 10.912 -15.250 4.000 10.000
2 24 -4.750 0.000 10.000 -4.830 0.000 10.912
2 24 -10.000 0.000 4.750 -10.912 0.000 4.830
2 24 -13.416 4.000 -1.634 -15.037 4.000 -1.029
2 24 -11.796 0.000 14.933 -12.625 0.000 14.547
2 24 7.375 4.000 5.453 6.625 4.000 5.978
2 24 -22.002 0.000 11.726 -22.125 0.000 10.000
2 24 8.204 4.000 5.067 7.375 4.000 5.453
2 24 -10.000 4.000 22.125 -11.726 4.000 22.002
2 24 -13.416 0.000 21.634 -15.037 0.000 21.029
2 24 -21.634 0.000 13.416 -22.002 0.000 11.726
2 24 -14.933 4.000 11.796 -15.170 4.000 10.912
2 24 -14.022 0.000 13.375 -14.547 0.000 12.625
2 24 28.204 4.000 5.067 27.375 4.000 5.453
2 24 -21.029 4.000 4.963 -21.634 4.000 6.584
2 24 8.204 0.000 5.067 7.375 0.000 5.453
2 24 -10.000 0.000 22.125 -11.726 0.000 22.002
2 24 25.067 0.000 8.204 24.830 0.000 9.088
2 24 30.000 4.000 -2.125 -10.000 4.000 -2.125
2 24 5.978 4.000 6.625 5.453 4.000 7.375
2 24 -11.726 4.000 22.002 -13.416 4.000 21.634
2 24 -20.200 0.000 16.555 -21.029 0.000 15.037
2 24 25.978 0.000 6.625 25.453 0.000 7.375
2 24 -22.002 4.000 11.726 -22.125 4.000 10.000
2 24 6.625 4.000 14.022 5.978 4.000 13.375
2 24 33.416 0.000 -1.634 31.726 0.000 -2.002
2 24 -20.200 4.000 16.555 -21.029 4.000 15.037
2 24 -16.555 4.000 20.200 -17.940 4.000 19.163
2 24 30.000 0.000 4.750 29.088 0.000 4.830
2 24 37.940 4.000 0.837 36.555 4.000 -0.200
2 24 36.555 4.000 -0.200 35.037 4.000 -1.029
2 24 32.625 4.000 5.453 31.796 4.000 5.067
2 24 -14.547 4.000 12.625 -14.933 4.000 11.796
2 24 5.067 4.000 8.204 4.830 4.000 9.088
2 24 -9.088 0.000 4.830 -10.000 0.000 4.750
2 24 42.125 0.000 10.000 42.002 0.000 11.726
2 24 30.912 4.000 4.830 30.000 4.000 4.750
2 24 -15.037 4.000 -1.029 -16.555 4.000 -0.200
2 24 -15.170 0.000 10.912 -15.250 0.000 10.000
2 24 34.933 0.000 11.796 34.547 0.000 12.625
2 24 15.170 0.000 10.912 14.933 0.000 11.796
2 24 4.830 0.000 9.088 4.750 0.000 10.000
2 24 -8.204 0.000 5.067 -9.088 0.000 4.830
2 24 29.088 0.000 15.170 28.204 0.000 14.933
2 24 6.625 0.000 14.022 5.978 0.000 13.375
2 24 11.796 0.000 5.067 10.912 0.000 4.830
2 24 35.250 0.000 10.000 35.170 0.000 10.912
2 24 31.726 0.000 22.002 30.000 0.000 22.125
2 24 27.375 0.000 14.547 26.625 0.000 14.022
2 24 25.978 0.000 13.375 25.453 0.000 12.625
2 24 41.634 0.000 6.584 41.029 0.000 4.963
2 24 42.002 0.000 8.274 41.634 0.000 6.584
2 24 41.029 0.000 4.963 40.200 0.000 3.445
2 24 34.022 0.000 6.625 33.375 0.000 5.978
2 24 36.555 0.000 20.200 35.037 0.000 21.029
2 24 35.037 0.000 21.029 33.416 0.000 21.634
2 24 33.416 0.000 21.634 31.726 0.000 22.002
2 24 32.625 0.000 14.547 31.796 0.000 14.933
