0 FILE MX07-0004.dat
0 Servo Bearing Beam - 5 Hole
0 Name:  MX07-0004.dat
0 Author:  
0 BL_Item_No 07-0004
0 BFC CERTIFY CCW
3 16 -20.000 0.000 2.000 -20.000 0.000 -1.488 -48.000 0.000 2.000
3 16 25.051 0.000 -9.127 12.513 0.000 -14.352 25.278 0.000 -8.281
3 16 25.051 0.000 -9.127 24.975 0.000 -10.000 12.513 0.000 -14.352
3 16 24.975 0.000 -10.000 11.719 0.000 -14.722 12.513 0.000 -14.352
3 16 13.230 0.000 -13.849 25.278 0.000 -8.281 12.513 0.000 -14.352
3 16 13.230 0.000 -13.849 13.849 0.000 -13.230 25.278 0.000 -8.281
3 16 13.849 0.000 -13.230 14.352 0.000 -12.513 25.278 0.000 -8.281
3 16 27.488 0.000 -5.648 15.025 0.000 -10.000 28.281 0.000 -5.278
3 16 27.488 0.000 -5.648 26.770 0.000 -6.151 15.025 0.000 -10.000
3 16 14.722 0.000 -11.719 25.278 0.000 -8.281 14.352 0.000 -12.513
3 16 14.722 0.000 -11.719 14.949 0.000 -10.873 25.278 0.000 -8.281
3 16 14.949 0.000 -10.873 25.648 0.000 -7.488 25.278 0.000 -8.281
3 16 14.949 0.000 -10.873 15.025 0.000 -10.000 25.648 0.000 -7.488
3 16 15.025 0.000 -10.000 26.151 0.000 -6.770 25.648 0.000 -7.488
3 16 15.025 0.000 -10.000 26.770 0.000 -6.151 26.151 0.000 -6.770
3 16 5.278 0.000 -8.281 -4.975 0.000 -10.000 5.648 0.000 -7.488
3 16 -14.722 0.000 -11.719 -20.000 0.000 -22.000 -14.949 0.000 -10.873
3 16 -20.000 0.000 -22.000 -15.025 0.000 -10.000 -14.949 0.000 -10.873
3 16 8.281 0.000 -5.278 7.487 0.000 -5.648 -4.975 0.000 -10.000
3 16 -6.770 0.000 -6.151 35.713 0.000 -0.807 -6.151 0.000 -6.770
3 16 -6.770 0.000 -13.849 28.000 0.000 -22.000 -7.487 0.000 -14.352
3 16 6.770 0.000 -6.151 -4.975 0.000 -10.000 7.487 0.000 -5.648
3 16 6.770 0.000 -6.151 6.151 0.000 -6.770 -4.975 0.000 -10.000
3 16 6.151 0.000 -6.770 5.648 0.000 -7.488 -4.975 0.000 -10.000
3 16 30.873 0.000 -5.051 35.713 0.000 -0.807 31.719 0.000 -5.278
3 16 13.230 0.000 -6.151 35.713 0.000 -0.807 13.849 0.000 -6.770
3 16 -14.722 0.000 -8.281 -20.000 0.000 -1.488 -14.352 0.000 -7.488
3 16 -14.722 0.000 -8.281 -14.949 0.000 -9.127 -20.000 0.000 -1.488
3 16 -14.949 0.000 -9.127 -15.025 0.000 -10.000 -20.000 0.000 -1.488
3 16 37.193 0.000 -17.713 33.230 0.000 -13.849 38.392 0.000 -16.000
3 16 -14.352 0.000 -12.513 -20.000 0.000 -22.000 -14.722 0.000 -11.719
3 16 -14.352 0.000 -12.513 -13.849 0.000 -13.230 -20.000 0.000 -22.000
3 16 -13.849 0.000 -13.230 -13.230 0.000 -13.849 -20.000 0.000 -22.000
3 16 -12.513 0.000 -14.352 -20.000 0.000 -22.000 -13.230 0.000 -13.849
3 16 -12.513 0.000 -14.352 -11.719 0.000 -14.722 -20.000 0.000 -22.000
3 16 -11.719 0.000 -14.722 -10.873 0.000 -14.949 -20.000 0.000 -22.000
3 16 -6.151 0.000 -13.230 28.000 0.000 -22.000 -6.770 0.000 -13.849
3 16 -6.151 0.000 -13.230 -5.648 0.000 -12.513 28.000 0.000 -22.000
3 16 -5.648 0.000 -12.513 -5.278 0.000 -11.719 28.000 0.000 -22.000
3 16 33.849 0.000 -6.770 37.193 0.000 -2.287 38.392 0.000 -4.000
3 16 33.849 0.000 -6.770 33.230 0.000 -6.151 37.193 0.000 -2.287
3 16 33.230 0.000 -6.151 35.713 0.000 -0.807 37.193 0.000 -2.287
3 16 33.230 0.000 -6.151 32.513 0.000 -5.648 35.713 0.000 -0.807
3 16 32.513 0.000 -5.648 31.719 0.000 -5.278 35.713 0.000 -0.807
3 16 -10.000 0.000 -15.025 -20.000 0.000 -22.000 -10.873 0.000 -14.949
3 16 -10.000 0.000 -15.025 -9.127 0.000 -14.949 -20.000 0.000 -22.000
3 16 -9.127 0.000 -14.949 28.000 0.000 -22.000 -20.000 0.000 -22.000
3 16 -9.127 0.000 -14.949 -8.281 0.000 -14.722 28.000 0.000 -22.000
3 16 -8.281 0.000 -14.722 -7.487 0.000 -14.352 28.000 0.000 -22.000
3 16 10.873 0.000 -14.949 25.278 0.000 -11.719 25.648 0.000 -12.513
3 16 10.873 0.000 -14.949 11.719 0.000 -14.722 25.278 0.000 -11.719
3 16 11.719 0.000 -14.722 25.051 0.000 -10.873 25.278 0.000 -11.719
3 16 11.719 0.000 -14.722 24.975 0.000 -10.000 25.051 0.000 -10.873
3 16 6.770 0.000 -13.849 -5.278 0.000 -11.719 6.151 0.000 -13.230
3 16 37.193 0.000 -17.713 32.513 0.000 -14.352 33.230 0.000 -13.849
3 16 37.193 0.000 -17.713 35.713 0.000 -19.193 32.513 0.000 -14.352
3 16 35.713 0.000 -19.193 31.719 0.000 -14.722 32.513 0.000 -14.352
3 16 35.713 0.000 -19.193 34.000 0.000 -20.392 31.719 0.000 -14.722
3 16 34.000 0.000 -20.392 30.873 0.000 -14.949 31.719 0.000 -14.722
3 16 34.000 0.000 -20.392 32.104 0.000 -21.276 30.873 0.000 -14.949
3 16 32.104 0.000 -21.276 30.000 0.000 -15.025 30.873 0.000 -14.949
3 16 32.104 0.000 -21.276 30.084 0.000 -21.818 30.000 0.000 -15.025
3 16 30.084 0.000 -21.818 29.127 0.000 -14.949 30.000 0.000 -15.025
3 16 30.084 0.000 -21.818 28.000 0.000 -22.000 29.127 0.000 -14.949
3 16 28.000 0.000 -22.000 28.281 0.000 -14.722 29.127 0.000 -14.949
3 16 33.849 0.000 -13.230 38.392 0.000 -16.000 33.230 0.000 -13.849
3 16 33.849 0.000 -13.230 34.352 0.000 -12.513 38.392 0.000 -16.000
3 16 34.352 0.000 -12.513 39.276 0.000 -14.104 38.392 0.000 -16.000
3 16 34.352 0.000 -12.513 34.722 0.000 -11.719 39.276 0.000 -14.104
3 16 34.722 0.000 -11.719 39.818 0.000 -12.084 39.276 0.000 -14.104
3 16 34.722 0.000 -11.719 34.949 0.000 -10.873 39.818 0.000 -12.084
3 16 34.949 0.000 -10.873 40.000 0.000 -10.000 39.818 0.000 -12.084
3 16 34.949 0.000 -10.873 35.025 0.000 -10.000 40.000 0.000 -10.000
3 16 35.025 0.000 -10.000 39.818 0.000 -7.916 40.000 0.000 -10.000
3 16 35.025 0.000 -10.000 34.949 0.000 -9.127 39.818 0.000 -7.916
3 16 34.949 0.000 -9.127 39.276 0.000 -5.896 39.818 0.000 -7.916
3 16 34.949 0.000 -9.127 34.722 0.000 -8.281 39.276 0.000 -5.896
3 16 34.722 0.000 -8.281 38.392 0.000 -4.000 39.276 0.000 -5.896
3 16 34.722 0.000 -8.281 34.352 0.000 -7.488 38.392 0.000 -4.000
3 16 34.352 0.000 -7.488 33.849 0.000 -6.770 38.392 0.000 -4.000
3 16 30.000 0.000 -4.975 35.713 0.000 -0.807 30.873 0.000 -5.051
3 16 30.000 0.000 -4.975 29.127 0.000 -5.051 35.713 0.000 -0.807
3 16 29.127 0.000 -5.051 28.281 0.000 -5.278 35.713 0.000 -0.807
3 16 12.513 0.000 -5.648 35.713 0.000 -0.807 13.230 0.000 -6.151
3 16 12.513 0.000 -5.648 11.719 0.000 -5.278 35.713 0.000 -0.807
3 16 11.719 0.000 -5.278 10.873 0.000 -5.051 35.713 0.000 -0.807
3 16 -7.487 0.000 -5.648 35.713 0.000 -0.807 -6.770 0.000 -6.151
3 16 -7.487 0.000 -5.648 -8.281 0.000 -5.278 35.713 0.000 -0.807
3 16 -8.281 0.000 -5.278 -9.127 0.000 -5.051 35.713 0.000 -0.807
3 16 -10.000 0.000 -4.975 -20.000 0.000 -1.488 -9.127 0.000 -5.051
3 16 -5.278 0.000 -11.719 5.648 0.000 -12.513 6.151 0.000 -13.230
3 16 14.949 0.000 -9.127 28.281 0.000 -5.278 15.025 0.000 -10.000
3 16 14.949 0.000 -9.127 14.722 0.000 -8.281 28.281 0.000 -5.278
3 16 14.722 0.000 -8.281 35.713 0.000 -0.807 28.281 0.000 -5.278
3 16 14.722 0.000 -8.281 14.352 0.000 -7.488 35.713 0.000 -0.807
3 16 14.352 0.000 -7.488 13.849 0.000 -6.770 35.713 0.000 -0.807
3 16 -5.051 0.000 -9.127 8.281 0.000 -5.278 -4.975 0.000 -10.000
3 16 -5.051 0.000 -9.127 -5.278 0.000 -8.281 8.281 0.000 -5.278
3 16 -5.278 0.000 -8.281 9.127 0.000 -5.051 8.281 0.000 -5.278
3 16 -5.278 0.000 -8.281 -5.648 0.000 -7.488 9.127 0.000 -5.051
3 16 -10.873 0.000 -5.051 -20.000 0.000 -1.488 -10.000 0.000 -4.975
3 16 -10.873 0.000 -5.051 -11.719 0.000 -5.278 -20.000 0.000 -1.488
3 16 -11.719 0.000 -5.278 -12.513 0.000 -5.648 -20.000 0.000 -1.488
3 16 -13.230 0.000 -6.151 -20.000 0.000 -1.488 -12.513 0.000 -5.648
3 16 -13.230 0.000 -6.151 -13.849 0.000 -6.770 -20.000 0.000 -1.488
3 16 -13.849 0.000 -6.770 -14.352 0.000 -7.488 -20.000 0.000 -1.488
3 16 5.051 0.000 -9.127 -4.975 0.000 -10.000 5.278 0.000 -8.281
3 16 5.051 0.000 -9.127 4.975 0.000 -10.000 -4.975 0.000 -10.000
3 16 4.975 0.000 -10.000 -5.051 0.000 -10.873 -4.975 0.000 -10.000
3 16 4.975 0.000 -10.000 5.051 0.000 -10.873 -5.051 0.000 -10.873
3 16 5.051 0.000 -10.873 -5.278 0.000 -11.719 -5.051 0.000 -10.873
3 16 5.051 0.000 -10.873 5.278 0.000 -11.719 -5.278 0.000 -11.719
3 16 5.278 0.000 -11.719 5.648 0.000 -12.513 -5.278 0.000 -11.719
3 16 26.151 0.000 -13.230 10.873 0.000 -14.949 25.648 0.000 -12.513
3 16 26.151 0.000 -13.230 26.770 0.000 -13.849 10.873 0.000 -14.949
3 16 26.770 0.000 -13.849 10.000 0.000 -15.025 10.873 0.000 -14.949
3 16 26.770 0.000 -13.849 28.000 0.000 -22.000 10.000 0.000 -15.025
3 16 26.770 0.000 -13.849 27.488 0.000 -14.352 28.000 0.000 -22.000
3 16 27.488 0.000 -14.352 28.281 0.000 -14.722 28.000 0.000 -22.000
3 16 7.487 0.000 -14.352 -5.278 0.000 -11.719 6.770 0.000 -13.849
3 16 7.487 0.000 -14.352 8.281 0.000 -14.722 -5.278 0.000 -11.719
3 16 8.281 0.000 -14.722 28.000 0.000 -22.000 -5.278 0.000 -11.719
3 16 8.281 0.000 -14.722 9.127 0.000 -14.949 28.000 0.000 -22.000
3 16 9.127 0.000 -14.949 10.000 0.000 -15.025 28.000 0.000 -22.000
3 16 10.000 0.000 -4.975 35.713 0.000 -0.807 10.873 0.000 -5.051
3 16 10.000 0.000 -4.975 9.127 0.000 -5.051 35.713 0.000 -0.807
3 16 9.127 0.000 -5.051 -6.151 0.000 -6.770 35.713 0.000 -0.807
3 16 9.127 0.000 -5.051 -5.648 0.000 -7.488 -6.151 0.000 -6.770
3 16 -20.000 0.000 -1.488 35.713 0.000 -0.807 -9.127 0.000 -5.051
3 16 -20.000 0.000 -1.488 -20.000 0.000 2.000 35.713 0.000 -0.807
3 16 -20.000 0.000 2.000 28.000 0.000 2.000 35.713 0.000 -0.807
3 16 32.104 0.000 1.276 28.000 0.000 2.000 30.084 0.000 1.818
3 16 32.104 0.000 1.276 34.000 0.000 0.392 28.000 0.000 2.000
3 16 34.000 0.000 0.392 35.713 0.000 -0.807 28.000 0.000 2.000
3 16 -34.722 0.000 -8.281 -44.975 0.000 -10.000 -34.352 0.000 -7.488
3 16 -20.000 0.000 -22.000 -20.000 0.000 -1.488 -15.025 0.000 -10.000
3 16 -20.000 0.000 -22.000 -25.051 0.000 -10.873 -20.000 0.000 -1.488
3 16 -25.051 0.000 -10.873 -24.975 0.000 -10.000 -20.000 0.000 -1.488
3 16 -44.975 0.000 -10.000 -31.719 0.000 -5.278 -32.513 0.000 -5.648
3 16 -44.975 0.000 -10.000 -45.051 0.000 -9.127 -31.719 0.000 -5.278
3 16 -33.230 0.000 -6.151 -44.975 0.000 -10.000 -32.513 0.000 -5.648
3 16 -33.230 0.000 -6.151 -33.849 0.000 -6.770 -44.975 0.000 -10.000
3 16 -33.849 0.000 -6.770 -34.352 0.000 -7.488 -44.975 0.000 -10.000
3 16 -33.230 0.000 -13.849 -45.278 0.000 -11.719 -33.849 0.000 -13.230
3 16 -45.278 0.000 -11.719 -34.352 0.000 -12.513 -33.849 0.000 -13.230
3 16 -20.000 0.000 -1.488 -45.648 0.000 -7.488 -46.151 0.000 -6.770
3 16 -20.000 0.000 -1.488 -45.278 0.000 -8.281 -45.648 0.000 -7.488
3 16 -20.000 0.000 -22.000 -45.648 0.000 -12.513 -45.278 0.000 -11.719
3 16 -20.000 0.000 -22.000 -46.151 0.000 -13.230 -45.648 0.000 -12.513
3 16 -29.127 0.000 -14.949 -20.000 0.000 -22.000 -30.000 0.000 -15.025
3 16 -29.127 0.000 -14.949 -28.281 0.000 -14.722 -20.000 0.000 -22.000
3 16 -25.648 0.000 -12.513 -20.000 0.000 -22.000 -26.151 0.000 -13.230
3 16 -25.648 0.000 -12.513 -25.278 0.000 -11.719 -20.000 0.000 -22.000
3 16 -25.278 0.000 -11.719 -25.051 0.000 -10.873 -20.000 0.000 -22.000
3 16 -25.051 0.000 -9.127 -20.000 0.000 -1.488 -24.975 0.000 -10.000
3 16 -25.051 0.000 -9.127 -25.278 0.000 -8.281 -20.000 0.000 -1.488
3 16 -25.278 0.000 -8.281 -25.648 0.000 -7.488 -20.000 0.000 -1.488
3 16 -26.151 0.000 -6.770 -20.000 0.000 -1.488 -25.648 0.000 -7.488
3 16 -26.151 0.000 -6.770 -26.770 0.000 -6.151 -20.000 0.000 -1.488
3 16 -26.770 0.000 -6.151 -27.488 0.000 -5.648 -20.000 0.000 -1.488
3 16 -54.352 0.000 -7.488 -59.276 0.000 -5.896 -58.392 0.000 -4.000
3 16 -54.352 0.000 -7.488 -54.722 0.000 -8.281 -59.276 0.000 -5.896
3 16 -54.722 0.000 -8.281 -59.818 0.000 -7.916 -59.276 0.000 -5.896
3 16 -54.722 0.000 -8.281 -54.949 0.000 -9.127 -59.818 0.000 -7.916
3 16 -54.949 0.000 -9.127 -60.000 0.000 -10.000 -59.818 0.000 -7.916
3 16 -54.949 0.000 -9.127 -55.025 0.000 -10.000 -60.000 0.000 -10.000
3 16 -55.025 0.000 -10.000 -59.818 0.000 -12.084 -60.000 0.000 -10.000
3 16 -55.025 0.000 -10.000 -54.949 0.000 -10.873 -59.818 0.000 -12.084
3 16 -54.949 0.000 -10.873 -59.276 0.000 -14.104 -59.818 0.000 -12.084
3 16 -54.949 0.000 -10.873 -54.722 0.000 -11.719 -59.276 0.000 -14.104
3 16 -54.722 0.000 -11.719 -58.392 0.000 -16.000 -59.276 0.000 -14.104
3 16 -48.000 0.000 -22.000 -50.000 0.000 -15.025 -49.127 0.000 -14.949
3 16 -48.000 0.000 -22.000 -50.084 0.000 -21.818 -50.000 0.000 -15.025
3 16 -50.084 0.000 -21.818 -50.873 0.000 -14.949 -50.000 0.000 -15.025
3 16 -50.084 0.000 -21.818 -52.104 0.000 -21.276 -50.873 0.000 -14.949
3 16 -52.104 0.000 -21.276 -51.719 0.000 -14.722 -50.873 0.000 -14.949
3 16 -52.104 0.000 -21.276 -54.000 0.000 -20.392 -51.719 0.000 -14.722
3 16 -54.000 0.000 -20.392 -52.513 0.000 -14.352 -51.719 0.000 -14.722
3 16 -54.000 0.000 -20.392 -55.713 0.000 -19.193 -52.513 0.000 -14.352
3 16 -55.713 0.000 -19.193 -53.230 0.000 -13.849 -52.513 0.000 -14.352
3 16 -55.713 0.000 -19.193 -57.193 0.000 -17.713 -53.230 0.000 -13.849
3 16 -57.193 0.000 -17.713 -53.849 0.000 -13.230 -53.230 0.000 -13.849
3 16 -57.193 0.000 -17.713 -58.392 0.000 -16.000 -53.849 0.000 -13.230
3 16 -58.392 0.000 -16.000 -54.352 0.000 -12.513 -53.849 0.000 -13.230
3 16 -58.392 0.000 -16.000 -54.722 0.000 -11.719 -54.352 0.000 -12.513
3 16 -34.949 0.000 -9.127 -44.975 0.000 -10.000 -34.722 0.000 -8.281
3 16 -34.949 0.000 -9.127 -35.025 0.000 -10.000 -44.975 0.000 -10.000
3 16 -35.025 0.000 -10.000 -45.051 0.000 -10.873 -44.975 0.000 -10.000
3 16 -35.025 0.000 -10.000 -34.949 0.000 -10.873 -45.051 0.000 -10.873
3 16 -34.949 0.000 -10.873 -45.278 0.000 -11.719 -45.051 0.000 -10.873
3 16 -34.949 0.000 -10.873 -34.722 0.000 -11.719 -45.278 0.000 -11.719
3 16 -34.722 0.000 -11.719 -34.352 0.000 -12.513 -45.278 0.000 -11.719
3 16 -32.513 0.000 -14.352 -45.278 0.000 -11.719 -33.230 0.000 -13.849
3 16 -32.513 0.000 -14.352 -31.719 0.000 -14.722 -45.278 0.000 -11.719
3 16 -31.719 0.000 -14.722 -20.000 0.000 -22.000 -45.278 0.000 -11.719
3 16 -31.719 0.000 -14.722 -30.873 0.000 -14.949 -20.000 0.000 -22.000
3 16 -30.873 0.000 -14.949 -30.000 0.000 -15.025 -20.000 0.000 -22.000
3 16 -27.488 0.000 -14.352 -20.000 0.000 -22.000 -28.281 0.000 -14.722
3 16 -27.488 0.000 -14.352 -26.770 0.000 -13.849 -20.000 0.000 -22.000
3 16 -26.770 0.000 -13.849 -26.151 0.000 -13.230 -20.000 0.000 -22.000
3 16 -28.281 0.000 -5.278 -20.000 0.000 -1.488 -27.488 0.000 -5.648
3 16 -28.281 0.000 -5.278 -29.127 0.000 -5.051 -20.000 0.000 -1.488
3 16 -29.127 0.000 -5.051 -30.000 0.000 -4.975 -20.000 0.000 -1.488
3 16 -46.770 0.000 -6.151 -20.000 0.000 -1.488 -46.151 0.000 -6.770
3 16 -46.770 0.000 -6.151 -47.488 0.000 -5.648 -20.000 0.000 -1.488
3 16 -47.488 0.000 -5.648 -48.281 0.000 -5.278 -20.000 0.000 -1.488
3 16 -55.713 0.000 -0.807 -50.000 0.000 -4.975 -50.873 0.000 -5.051
3 16 -55.713 0.000 -0.807 -49.127 0.000 -5.051 -50.000 0.000 -4.975
3 16 -48.281 0.000 -14.722 -48.000 0.000 -22.000 -49.127 0.000 -14.949
3 16 -48.281 0.000 -14.722 -47.488 0.000 -14.352 -48.000 0.000 -22.000
3 16 -47.488 0.000 -14.352 -20.000 0.000 -22.000 -48.000 0.000 -22.000
3 16 -47.488 0.000 -14.352 -46.770 0.000 -13.849 -20.000 0.000 -22.000
3 16 -46.770 0.000 -13.849 -46.151 0.000 -13.230 -20.000 0.000 -22.000
3 16 -30.873 0.000 -5.051 -20.000 0.000 -1.488 -30.000 0.000 -4.975
3 16 -30.873 0.000 -5.051 -31.719 0.000 -5.278 -20.000 0.000 -1.488
3 16 -31.719 0.000 -5.278 -45.278 0.000 -8.281 -20.000 0.000 -1.488
3 16 -31.719 0.000 -5.278 -45.051 0.000 -9.127 -45.278 0.000 -8.281
3 16 -50.084 0.000 1.818 -54.000 0.000 0.392 -52.104 0.000 1.276
3 16 -50.084 0.000 1.818 -48.000 0.000 2.000 -54.000 0.000 0.392
3 16 -48.000 0.000 2.000 -55.713 0.000 -0.807 -54.000 0.000 0.392
3 16 -48.000 0.000 2.000 -20.000 0.000 -1.488 -55.713 0.000 -0.807
3 16 -20.000 0.000 -1.488 -49.127 0.000 -5.051 -55.713 0.000 -0.807
3 16 -20.000 0.000 -1.488 -48.281 0.000 -5.278 -49.127 0.000 -5.051
3 16 -51.719 0.000 -5.278 -55.713 0.000 -0.807 -50.873 0.000 -5.051
3 16 -51.719 0.000 -5.278 -52.513 0.000 -5.648 -55.713 0.000 -0.807
3 16 -52.513 0.000 -5.648 -57.193 0.000 -2.287 -55.713 0.000 -0.807
3 16 -52.513 0.000 -5.648 -53.230 0.000 -6.151 -57.193 0.000 -2.287
3 16 -53.230 0.000 -6.151 -58.392 0.000 -4.000 -57.193 0.000 -2.287
3 16 -53.230 0.000 -6.151 -53.849 0.000 -6.770 -58.392 0.000 -4.000
3 16 -53.849 0.000 -6.770 -54.352 0.000 -7.488 -58.392 0.000 -4.000
3 16 -24.975 0.000 -10.000 -25.051 -4.000 -10.873 -24.975 -4.000 -10.000
3 16 -24.975 0.000 -10.000 -25.051 0.000 -10.873 -25.051 -4.000 -10.873
3 16 -25.051 0.000 -10.873 -25.278 -4.000 -11.719 -25.051 -4.000 -10.873
3 16 -25.051 0.000 -10.873 -25.278 0.000 -11.719 -25.278 -4.000 -11.719
3 16 -25.278 0.000 -11.719 -25.648 -4.000 -12.513 -25.278 -4.000 -11.719
3 16 -25.278 0.000 -11.719 -25.648 0.000 -12.513 -25.648 -4.000 -12.513
3 16 -25.648 0.000 -12.513 -26.151 -4.000 -13.230 -25.648 -4.000 -12.513
3 16 -25.648 0.000 -12.513 -26.151 0.000 -13.230 -26.151 -4.000 -13.230
3 16 -26.151 0.000 -13.230 -26.770 -4.000 -13.849 -26.151 -4.000 -13.230
3 16 -26.151 0.000 -13.230 -26.770 0.000 -13.849 -26.770 -4.000 -13.849
3 16 -26.770 0.000 -13.849 -27.488 -4.000 -14.352 -26.770 -4.000 -13.849
3 16 -26.770 0.000 -13.849 -27.488 0.000 -14.352 -27.488 -4.000 -14.352
3 16 -27.488 0.000 -14.352 -28.281 -4.000 -14.722 -27.488 -4.000 -14.352
3 16 -27.488 0.000 -14.352 -28.281 0.000 -14.722 -28.281 -4.000 -14.722
3 16 -28.281 0.000 -14.722 -29.127 -4.000 -14.949 -28.281 -4.000 -14.722
3 16 -28.281 0.000 -14.722 -29.127 0.000 -14.949 -29.127 -4.000 -14.949
3 16 -29.127 0.000 -14.949 -30.000 -4.000 -15.025 -29.127 -4.000 -14.949
3 16 -29.127 0.000 -14.949 -30.000 0.000 -15.025 -30.000 -4.000 -15.025
3 16 -30.000 0.000 -15.025 -30.873 -4.000 -14.949 -30.000 -4.000 -15.025
3 16 -30.000 0.000 -15.025 -30.873 0.000 -14.949 -30.873 -4.000 -14.949
3 16 -30.873 0.000 -14.949 -31.719 -4.000 -14.722 -30.873 -4.000 -14.949
3 16 -30.873 0.000 -14.949 -31.719 0.000 -14.722 -31.719 -4.000 -14.722
3 16 -31.719 0.000 -14.722 -32.513 -4.000 -14.352 -31.719 -4.000 -14.722
3 16 -31.719 0.000 -14.722 -32.513 0.000 -14.352 -32.513 -4.000 -14.352
3 16 -32.513 0.000 -14.352 -33.230 -4.000 -13.849 -32.513 -4.000 -14.352
3 16 -32.513 0.000 -14.352 -33.230 0.000 -13.849 -33.230 -4.000 -13.849
3 16 -33.230 0.000 -13.849 -33.849 -4.000 -13.230 -33.230 -4.000 -13.849
3 16 -33.230 0.000 -13.849 -33.849 0.000 -13.230 -33.849 -4.000 -13.230
3 16 -33.849 0.000 -13.230 -34.352 -4.000 -12.513 -33.849 -4.000 -13.230
3 16 -33.849 0.000 -13.230 -34.352 0.000 -12.513 -34.352 -4.000 -12.513
3 16 -34.352 0.000 -12.513 -34.722 -4.000 -11.719 -34.352 -4.000 -12.513
3 16 -34.352 0.000 -12.513 -34.722 0.000 -11.719 -34.722 -4.000 -11.719
3 16 -34.722 0.000 -11.719 -34.949 -4.000 -10.873 -34.722 -4.000 -11.719
3 16 -34.722 0.000 -11.719 -34.949 0.000 -10.873 -34.949 -4.000 -10.873
3 16 -34.949 0.000 -10.873 -35.025 -4.000 -10.000 -34.949 -4.000 -10.873
3 16 -34.949 0.000 -10.873 -35.025 0.000 -10.000 -35.025 -4.000 -10.000
3 16 -44.975 0.000 -10.000 -45.051 -4.000 -10.873 -44.975 -4.000 -10.000
3 16 -44.975 0.000 -10.000 -45.051 0.000 -10.873 -45.051 -4.000 -10.873
3 16 -45.051 0.000 -10.873 -45.278 -4.000 -11.719 -45.051 -4.000 -10.873
3 16 -45.051 0.000 -10.873 -45.278 0.000 -11.719 -45.278 -4.000 -11.719
3 16 -45.278 0.000 -11.719 -45.648 -4.000 -12.513 -45.278 -4.000 -11.719
3 16 -45.278 0.000 -11.719 -45.648 0.000 -12.513 -45.648 -4.000 -12.513
3 16 -45.648 0.000 -12.513 -46.151 -4.000 -13.230 -45.648 -4.000 -12.513
3 16 -45.648 0.000 -12.513 -46.151 0.000 -13.230 -46.151 -4.000 -13.230
3 16 -46.151 0.000 -13.230 -46.770 -4.000 -13.849 -46.151 -4.000 -13.230
3 16 -46.151 0.000 -13.230 -46.770 0.000 -13.849 -46.770 -4.000 -13.849
3 16 -46.770 0.000 -13.849 -47.488 -4.000 -14.352 -46.770 -4.000 -13.849
3 16 -46.770 0.000 -13.849 -47.488 0.000 -14.352 -47.488 -4.000 -14.352
3 16 -47.488 0.000 -14.352 -48.281 -4.000 -14.722 -47.488 -4.000 -14.352
3 16 -47.488 0.000 -14.352 -48.281 0.000 -14.722 -48.281 -4.000 -14.722
3 16 -48.281 0.000 -14.722 -49.127 -4.000 -14.949 -48.281 -4.000 -14.722
3 16 -48.281 0.000 -14.722 -49.127 0.000 -14.949 -49.127 -4.000 -14.949
3 16 -49.127 0.000 -14.949 -50.000 -4.000 -15.025 -49.127 -4.000 -14.949
3 16 -49.127 0.000 -14.949 -50.000 0.000 -15.025 -50.000 -4.000 -15.025
3 16 -50.000 0.000 -15.025 -50.873 -4.000 -14.949 -50.000 -4.000 -15.025
3 16 -50.000 0.000 -15.025 -50.873 0.000 -14.949 -50.873 -4.000 -14.949
3 16 -50.873 0.000 -14.949 -51.719 -4.000 -14.722 -50.873 -4.000 -14.949
3 16 -50.873 0.000 -14.949 -51.719 0.000 -14.722 -51.719 -4.000 -14.722
3 16 -51.719 0.000 -14.722 -52.513 -4.000 -14.352 -51.719 -4.000 -14.722
3 16 -51.719 0.000 -14.722 -52.513 0.000 -14.352 -52.513 -4.000 -14.352
3 16 -52.513 0.000 -14.352 -53.230 -4.000 -13.849 -52.513 -4.000 -14.352
3 16 -52.513 0.000 -14.352 -53.230 0.000 -13.849 -53.230 -4.000 -13.849
3 16 -53.230 0.000 -13.849 -53.849 -4.000 -13.230 -53.230 -4.000 -13.849
3 16 -53.230 0.000 -13.849 -53.849 0.000 -13.230 -53.849 -4.000 -13.230
3 16 -53.849 0.000 -13.230 -54.352 -4.000 -12.513 -53.849 -4.000 -13.230
3 16 -53.849 0.000 -13.230 -54.352 0.000 -12.513 -54.352 -4.000 -12.513
3 16 -54.352 0.000 -12.513 -54.722 -4.000 -11.719 -54.352 -4.000 -12.513
3 16 -54.352 0.000 -12.513 -54.722 0.000 -11.719 -54.722 -4.000 -11.719
3 16 -54.722 0.000 -11.719 -54.949 -4.000 -10.873 -54.722 -4.000 -11.719
3 16 -54.722 0.000 -11.719 -54.949 0.000 -10.873 -54.949 -4.000 -10.873
3 16 -54.949 0.000 -10.873 -55.025 -4.000 -10.000 -54.949 -4.000 -10.873
3 16 -54.949 0.000 -10.873 -55.025 0.000 -10.000 -55.025 -4.000 -10.000
3 16 -48.000 0.000 -22.000 -20.000 -4.000 -22.000 -48.000 -4.000 -22.000
3 16 -48.000 0.000 -22.000 -20.000 0.000 -22.000 -20.000 -4.000 -22.000
3 16 -20.000 0.000 -22.000 28.000 -4.000 -22.000 -20.000 -4.000 -22.000
3 16 -20.000 0.000 -22.000 28.000 0.000 -22.000 28.000 -4.000 -22.000
3 16 -48.000 0.000 2.000 -50.084 0.000 1.818 -48.000 -4.000 2.000
3 16 -50.084 0.000 1.818 -50.084 -4.000 1.818 -48.000 -4.000 2.000
3 16 -50.084 0.000 1.818 -52.104 0.000 1.276 -50.084 -4.000 1.818
3 16 -52.104 0.000 1.276 -52.104 -4.000 1.276 -50.084 -4.000 1.818
3 16 -52.104 0.000 1.276 -54.000 0.000 0.392 -52.104 -4.000 1.276
3 16 -54.000 0.000 0.392 -54.000 -4.000 0.392 -52.104 -4.000 1.276
3 16 -54.000 0.000 0.392 -55.713 0.000 -0.807 -54.000 -4.000 0.392
3 16 -55.713 0.000 -0.807 -55.713 -4.000 -0.807 -54.000 -4.000 0.392
3 16 -55.713 0.000 -0.807 -57.193 0.000 -2.287 -55.713 -4.000 -0.807
3 16 -57.193 0.000 -2.287 -57.193 -4.000 -2.287 -55.713 -4.000 -0.807
3 16 -57.193 0.000 -2.287 -58.392 0.000 -4.000 -57.193 -4.000 -2.287
3 16 -58.392 0.000 -4.000 -58.392 -4.000 -4.000 -57.193 -4.000 -2.287
3 16 -58.392 0.000 -4.000 -59.276 0.000 -5.896 -58.392 -4.000 -4.000
3 16 -59.276 0.000 -5.896 -59.276 -4.000 -5.896 -58.392 -4.000 -4.000
3 16 -59.276 0.000 -5.896 -59.818 0.000 -7.916 -59.276 -4.000 -5.896
3 16 -59.818 0.000 -7.916 -59.818 -4.000 -7.916 -59.276 -4.000 -5.896
3 16 -59.818 0.000 -7.916 -60.000 0.000 -10.000 -59.818 -4.000 -7.916
3 16 -60.000 0.000 -10.000 -60.000 -4.000 -10.000 -59.818 -4.000 -7.916
3 16 -60.000 0.000 -10.000 -59.818 0.000 -12.084 -60.000 -4.000 -10.000
3 16 -59.818 0.000 -12.084 -59.818 -4.000 -12.084 -60.000 -4.000 -10.000
3 16 -59.818 0.000 -12.084 -59.276 0.000 -14.104 -59.818 -4.000 -12.084
3 16 -59.276 0.000 -14.104 -59.276 -4.000 -14.104 -59.818 -4.000 -12.084
3 16 -59.276 0.000 -14.104 -58.392 0.000 -16.000 -59.276 -4.000 -14.104
3 16 -58.392 0.000 -16.000 -58.392 -4.000 -16.000 -59.276 -4.000 -14.104
3 16 -58.392 0.000 -16.000 -57.193 0.000 -17.713 -58.392 -4.000 -16.000
3 16 -57.193 0.000 -17.713 -57.193 -4.000 -17.713 -58.392 -4.000 -16.000
3 16 -57.193 0.000 -17.713 -55.713 0.000 -19.193 -57.193 -4.000 -17.713
3 16 -55.713 0.000 -19.193 -55.713 -4.000 -19.193 -57.193 -4.000 -17.713
3 16 -55.713 0.000 -19.193 -54.000 0.000 -20.392 -55.713 -4.000 -19.193
3 16 -54.000 0.000 -20.392 -54.000 -4.000 -20.392 -55.713 -4.000 -19.193
3 16 -54.000 0.000 -20.392 -52.104 0.000 -21.276 -54.000 -4.000 -20.392
3 16 -52.104 0.000 -21.276 -52.104 -4.000 -21.276 -54.000 -4.000 -20.392
3 16 -52.104 0.000 -21.276 -50.084 0.000 -21.818 -52.104 -4.000 -21.276
3 16 -50.084 0.000 -21.818 -50.084 -4.000 -21.818 -52.104 -4.000 -21.276
3 16 -50.084 0.000 -21.818 -48.000 0.000 -22.000 -50.084 -4.000 -21.818
3 16 -48.000 0.000 -22.000 -48.000 -4.000 -22.000 -50.084 -4.000 -21.818
3 16 -48.000 -4.000 2.000 -20.000 0.000 2.000 -48.000 0.000 2.000
3 16 -48.000 -4.000 2.000 -20.000 -4.000 2.000 -20.000 0.000 2.000
3 16 -20.000 -4.000 2.000 28.000 0.000 2.000 -20.000 0.000 2.000
3 16 -20.000 -4.000 2.000 28.000 -4.000 2.000 28.000 0.000 2.000
3 16 28.000 0.000 -22.000 30.084 0.000 -21.818 28.000 -4.000 -22.000
3 16 30.084 0.000 -21.818 30.084 -4.000 -21.818 28.000 -4.000 -22.000
3 16 30.084 0.000 -21.818 32.104 0.000 -21.276 30.084 -4.000 -21.818
3 16 32.104 0.000 -21.276 32.104 -4.000 -21.276 30.084 -4.000 -21.818
3 16 32.104 0.000 -21.276 34.000 0.000 -20.392 32.104 -4.000 -21.276
3 16 34.000 0.000 -20.392 34.000 -4.000 -20.392 32.104 -4.000 -21.276
3 16 34.000 0.000 -20.392 35.713 0.000 -19.193 34.000 -4.000 -20.392
3 16 35.713 0.000 -19.193 35.713 -4.000 -19.193 34.000 -4.000 -20.392
3 16 35.713 0.000 -19.193 37.193 0.000 -17.713 35.713 -4.000 -19.193
3 16 37.193 0.000 -17.713 37.193 -4.000 -17.713 35.713 -4.000 -19.193
3 16 37.193 0.000 -17.713 38.392 0.000 -16.000 37.193 -4.000 -17.713
3 16 38.392 0.000 -16.000 38.392 -4.000 -16.000 37.193 -4.000 -17.713
3 16 38.392 0.000 -16.000 39.276 0.000 -14.104 38.392 -4.000 -16.000
3 16 39.276 0.000 -14.104 39.276 -4.000 -14.104 38.392 -4.000 -16.000
3 16 39.276 0.000 -14.104 39.818 0.000 -12.084 39.276 -4.000 -14.104
3 16 39.818 0.000 -12.084 39.818 -4.000 -12.084 39.276 -4.000 -14.104
3 16 39.818 0.000 -12.084 40.000 0.000 -10.000 39.818 -4.000 -12.084
3 16 40.000 0.000 -10.000 40.000 -4.000 -10.000 39.818 -4.000 -12.084
3 16 -4.975 0.000 -10.000 -5.051 -4.000 -10.873 -4.975 -4.000 -10.000
3 16 -4.975 0.000 -10.000 -5.051 0.000 -10.873 -5.051 -4.000 -10.873
3 16 -5.051 0.000 -10.873 -5.278 -4.000 -11.719 -5.051 -4.000 -10.873
3 16 -5.051 0.000 -10.873 -5.278 0.000 -11.719 -5.278 -4.000 -11.719
3 16 -5.278 0.000 -11.719 -5.648 -4.000 -12.513 -5.278 -4.000 -11.719
3 16 -5.278 0.000 -11.719 -5.648 0.000 -12.513 -5.648 -4.000 -12.513
3 16 -5.648 0.000 -12.513 -6.151 -4.000 -13.230 -5.648 -4.000 -12.513
3 16 -5.648 0.000 -12.513 -6.151 0.000 -13.230 -6.151 -4.000 -13.230
3 16 -6.151 0.000 -13.230 -6.770 -4.000 -13.849 -6.151 -4.000 -13.230
3 16 -6.151 0.000 -13.230 -6.770 0.000 -13.849 -6.770 -4.000 -13.849
3 16 -6.770 0.000 -13.849 -7.487 -4.000 -14.352 -6.770 -4.000 -13.849
3 16 -6.770 0.000 -13.849 -7.487 0.000 -14.352 -7.487 -4.000 -14.352
3 16 -7.487 0.000 -14.352 -8.281 -4.000 -14.722 -7.487 -4.000 -14.352
3 16 -7.487 0.000 -14.352 -8.281 0.000 -14.722 -8.281 -4.000 -14.722
3 16 -8.281 0.000 -14.722 -9.127 -4.000 -14.949 -8.281 -4.000 -14.722
3 16 -8.281 0.000 -14.722 -9.127 0.000 -14.949 -9.127 -4.000 -14.949
3 16 -9.127 0.000 -14.949 -10.000 -4.000 -15.025 -9.127 -4.000 -14.949
3 16 -9.127 0.000 -14.949 -10.000 0.000 -15.025 -10.000 -4.000 -15.025
3 16 -10.000 0.000 -15.025 -10.873 -4.000 -14.949 -10.000 -4.000 -15.025
3 16 -10.000 0.000 -15.025 -10.873 0.000 -14.949 -10.873 -4.000 -14.949
3 16 -10.873 0.000 -14.949 -11.719 -4.000 -14.722 -10.873 -4.000 -14.949
3 16 -10.873 0.000 -14.949 -11.719 0.000 -14.722 -11.719 -4.000 -14.722
3 16 -11.719 0.000 -14.722 -12.513 -4.000 -14.352 -11.719 -4.000 -14.722
3 16 -11.719 0.000 -14.722 -12.513 0.000 -14.352 -12.513 -4.000 -14.352
3 16 -12.513 0.000 -14.352 -13.230 -4.000 -13.849 -12.513 -4.000 -14.352
3 16 -12.513 0.000 -14.352 -13.230 0.000 -13.849 -13.230 -4.000 -13.849
3 16 -13.230 0.000 -13.849 -13.849 -4.000 -13.230 -13.230 -4.000 -13.849
3 16 -13.230 0.000 -13.849 -13.849 0.000 -13.230 -13.849 -4.000 -13.230
3 16 -13.849 0.000 -13.230 -14.352 -4.000 -12.513 -13.849 -4.000 -13.230
3 16 -13.849 0.000 -13.230 -14.352 0.000 -12.513 -14.352 -4.000 -12.513
3 16 -14.352 0.000 -12.513 -14.722 -4.000 -11.719 -14.352 -4.000 -12.513
3 16 -14.352 0.000 -12.513 -14.722 0.000 -11.719 -14.722 -4.000 -11.719
3 16 -14.722 0.000 -11.719 -14.949 -4.000 -10.873 -14.722 -4.000 -11.719
3 16 -14.722 0.000 -11.719 -14.949 0.000 -10.873 -14.949 -4.000 -10.873
3 16 -14.949 0.000 -10.873 -15.025 -4.000 -10.000 -14.949 -4.000 -10.873
3 16 -14.949 0.000 -10.873 -15.025 0.000 -10.000 -15.025 -4.000 -10.000
3 16 15.025 0.000 -10.000 14.949 -4.000 -10.873 15.025 -4.000 -10.000
3 16 15.025 0.000 -10.000 14.949 0.000 -10.873 14.949 -4.000 -10.873
3 16 14.949 0.000 -10.873 14.722 -4.000 -11.719 14.949 -4.000 -10.873
3 16 14.949 0.000 -10.873 14.722 0.000 -11.719 14.722 -4.000 -11.719
3 16 14.722 0.000 -11.719 14.352 -4.000 -12.513 14.722 -4.000 -11.719
3 16 14.722 0.000 -11.719 14.352 0.000 -12.513 14.352 -4.000 -12.513
3 16 14.352 0.000 -12.513 13.849 -4.000 -13.230 14.352 -4.000 -12.513
3 16 14.352 0.000 -12.513 13.849 0.000 -13.230 13.849 -4.000 -13.230
3 16 13.849 0.000 -13.230 13.230 -4.000 -13.849 13.849 -4.000 -13.230
3 16 13.849 0.000 -13.230 13.230 0.000 -13.849 13.230 -4.000 -13.849
3 16 13.230 0.000 -13.849 12.513 -4.000 -14.352 13.230 -4.000 -13.849
3 16 13.230 0.000 -13.849 12.513 0.000 -14.352 12.513 -4.000 -14.352
3 16 12.513 0.000 -14.352 11.719 -4.000 -14.722 12.513 -4.000 -14.352
3 16 12.513 0.000 -14.352 11.719 0.000 -14.722 11.719 -4.000 -14.722
3 16 11.719 0.000 -14.722 10.873 -4.000 -14.949 11.719 -4.000 -14.722
3 16 11.719 0.000 -14.722 10.873 0.000 -14.949 10.873 -4.000 -14.949
3 16 10.873 0.000 -14.949 10.000 -4.000 -15.025 10.873 -4.000 -14.949
3 16 10.873 0.000 -14.949 10.000 0.000 -15.025 10.000 -4.000 -15.025
3 16 10.000 0.000 -15.025 9.127 -4.000 -14.949 10.000 -4.000 -15.025
3 16 10.000 0.000 -15.025 9.127 0.000 -14.949 9.127 -4.000 -14.949
3 16 9.127 0.000 -14.949 8.281 -4.000 -14.722 9.127 -4.000 -14.949
3 16 9.127 0.000 -14.949 8.281 0.000 -14.722 8.281 -4.000 -14.722
3 16 8.281 0.000 -14.722 7.487 -4.000 -14.352 8.281 -4.000 -14.722
3 16 8.281 0.000 -14.722 7.487 0.000 -14.352 7.487 -4.000 -14.352
3 16 7.487 0.000 -14.352 6.770 -4.000 -13.849 7.487 -4.000 -14.352
3 16 7.487 0.000 -14.352 6.770 0.000 -13.849 6.770 -4.000 -13.849
3 16 6.770 0.000 -13.849 6.151 -4.000 -13.230 6.770 -4.000 -13.849
3 16 6.770 0.000 -13.849 6.151 0.000 -13.230 6.151 -4.000 -13.230
3 16 6.151 0.000 -13.230 5.648 -4.000 -12.513 6.151 -4.000 -13.230
3 16 6.151 0.000 -13.230 5.648 0.000 -12.513 5.648 -4.000 -12.513
3 16 5.648 0.000 -12.513 5.278 -4.000 -11.719 5.648 -4.000 -12.513
3 16 5.648 0.000 -12.513 5.278 0.000 -11.719 5.278 -4.000 -11.719
3 16 5.278 0.000 -11.719 5.051 -4.000 -10.873 5.278 -4.000 -11.719
3 16 5.278 0.000 -11.719 5.051 0.000 -10.873 5.051 -4.000 -10.873
3 16 5.051 0.000 -10.873 4.975 -4.000 -10.000 5.051 -4.000 -10.873
3 16 5.051 0.000 -10.873 4.975 0.000 -10.000 4.975 -4.000 -10.000
3 16 35.025 0.000 -10.000 34.949 -4.000 -10.873 35.025 -4.000 -10.000
3 16 35.025 0.000 -10.000 34.949 0.000 -10.873 34.949 -4.000 -10.873
3 16 34.949 0.000 -10.873 34.722 -4.000 -11.719 34.949 -4.000 -10.873
3 16 34.949 0.000 -10.873 34.722 0.000 -11.719 34.722 -4.000 -11.719
3 16 34.722 0.000 -11.719 34.352 -4.000 -12.513 34.722 -4.000 -11.719
3 16 34.722 0.000 -11.719 34.352 0.000 -12.513 34.352 -4.000 -12.513
3 16 34.352 0.000 -12.513 33.849 -4.000 -13.230 34.352 -4.000 -12.513
3 16 34.352 0.000 -12.513 33.849 0.000 -13.230 33.849 -4.000 -13.230
3 16 33.849 0.000 -13.230 33.230 -4.000 -13.849 33.849 -4.000 -13.230
3 16 33.849 0.000 -13.230 33.230 0.000 -13.849 33.230 -4.000 -13.849
3 16 33.230 0.000 -13.849 32.513 -4.000 -14.352 33.230 -4.000 -13.849
3 16 33.230 0.000 -13.849 32.513 0.000 -14.352 32.513 -4.000 -14.352
3 16 32.513 0.000 -14.352 31.719 -4.000 -14.722 32.513 -4.000 -14.352
3 16 32.513 0.000 -14.352 31.719 0.000 -14.722 31.719 -4.000 -14.722
3 16 31.719 0.000 -14.722 30.873 -4.000 -14.949 31.719 -4.000 -14.722
3 16 31.719 0.000 -14.722 30.873 0.000 -14.949 30.873 -4.000 -14.949
3 16 30.873 0.000 -14.949 30.000 -4.000 -15.025 30.873 -4.000 -14.949
3 16 30.873 0.000 -14.949 30.000 0.000 -15.025 30.000 -4.000 -15.025
3 16 30.000 0.000 -15.025 29.127 -4.000 -14.949 30.000 -4.000 -15.025
3 16 30.000 0.000 -15.025 29.127 0.000 -14.949 29.127 -4.000 -14.949
3 16 29.127 0.000 -14.949 28.281 -4.000 -14.722 29.127 -4.000 -14.949
3 16 29.127 0.000 -14.949 28.281 0.000 -14.722 28.281 -4.000 -14.722
3 16 28.281 0.000 -14.722 27.488 -4.000 -14.352 28.281 -4.000 -14.722
3 16 28.281 0.000 -14.722 27.488 0.000 -14.352 27.488 -4.000 -14.352
3 16 27.488 0.000 -14.352 26.770 -4.000 -13.849 27.488 -4.000 -14.352
3 16 27.488 0.000 -14.352 26.770 0.000 -13.849 26.770 -4.000 -13.849
3 16 26.770 0.000 -13.849 26.151 -4.000 -13.230 26.770 -4.000 -13.849
3 16 26.770 0.000 -13.849 26.151 0.000 -13.230 26.151 -4.000 -13.230
3 16 26.151 0.000 -13.230 25.648 -4.000 -12.513 26.151 -4.000 -13.230
3 16 26.151 0.000 -13.230 25.648 0.000 -12.513 25.648 -4.000 -12.513
3 16 25.648 0.000 -12.513 25.278 -4.000 -11.719 25.648 -4.000 -12.513
3 16 25.648 0.000 -12.513 25.278 0.000 -11.719 25.278 -4.000 -11.719
3 16 25.278 0.000 -11.719 25.051 -4.000 -10.873 25.278 -4.000 -11.719
3 16 25.278 0.000 -11.719 25.051 0.000 -10.873 25.051 -4.000 -10.873
3 16 25.051 0.000 -10.873 24.975 -4.000 -10.000 25.051 -4.000 -10.873
3 16 25.051 0.000 -10.873 24.975 0.000 -10.000 24.975 -4.000 -10.000
3 16 -20.000 -4.000 2.000 -20.000 -4.000 -1.488 28.000 -4.000 2.000
3 16 -15.025 -4.000 -10.000 -20.000 -4.000 -1.488 -14.949 -4.000 -10.873
3 16 -15.025 -4.000 -10.000 -14.949 -4.000 -9.127 -20.000 -4.000 -1.488
3 16 -14.949 -4.000 -9.127 -14.722 -4.000 -8.281 -20.000 -4.000 -1.488
3 16 5.278 -4.000 -8.281 -8.281 -4.000 -5.278 5.051 -4.000 -9.127
3 16 5.278 -4.000 -8.281 -20.000 -4.000 -1.488 -8.281 -4.000 -5.278
3 16 5.648 -4.000 -7.488 -20.000 -4.000 -1.488 5.278 -4.000 -8.281
3 16 5.648 -4.000 -7.488 6.151 -4.000 -6.770 -20.000 -4.000 -1.488
3 16 6.151 -4.000 -6.770 6.770 -4.000 -6.151 -20.000 -4.000 -1.488
3 16 26.770 -4.000 -6.151 -20.000 -4.000 -1.488 26.151 -4.000 -6.770
3 16 26.770 -4.000 -6.151 27.488 -4.000 -5.648 -20.000 -4.000 -1.488
3 16 27.488 -4.000 -5.648 28.281 -4.000 -5.278 -20.000 -4.000 -1.488
3 16 30.873 -4.000 -5.051 35.713 -4.000 -0.807 30.000 -4.000 -4.975
3 16 24.975 -4.000 -10.000 12.513 -4.000 -5.648 13.230 -4.000 -6.151
3 16 24.975 -4.000 -10.000 11.719 -4.000 -5.278 12.513 -4.000 -5.648
3 16 -14.352 -4.000 -7.488 -20.000 -4.000 -1.488 -14.722 -4.000 -8.281
3 16 -14.352 -4.000 -7.488 -13.849 -4.000 -6.770 -20.000 -4.000 -1.488
3 16 -13.849 -4.000 -6.770 -13.230 -4.000 -6.151 -20.000 -4.000 -1.488
3 16 7.487 -4.000 -5.648 -20.000 -4.000 -1.488 6.770 -4.000 -6.151
3 16 7.487 -4.000 -5.648 8.281 -4.000 -5.278 -20.000 -4.000 -1.488
3 16 8.281 -4.000 -5.278 9.127 -4.000 -5.051 -20.000 -4.000 -1.488
3 16 35.713 -4.000 -0.807 29.127 -4.000 -5.051 30.000 -4.000 -4.975
3 16 13.849 -4.000 -6.770 24.975 -4.000 -10.000 13.230 -4.000 -6.151
3 16 13.849 -4.000 -6.770 14.352 -4.000 -7.488 24.975 -4.000 -10.000
3 16 14.352 -4.000 -7.488 14.722 -4.000 -8.281 24.975 -4.000 -10.000
3 16 -8.281 -4.000 -5.278 4.975 -4.000 -10.000 5.051 -4.000 -9.127
3 16 -8.281 -4.000 -5.278 -7.487 -4.000 -5.648 4.975 -4.000 -10.000
3 16 -7.487 -4.000 -5.648 -6.770 -4.000 -6.151 4.975 -4.000 -10.000
3 16 -12.513 -4.000 -5.648 -20.000 -4.000 -1.488 -13.230 -4.000 -6.151
3 16 -12.513 -4.000 -5.648 -11.719 -4.000 -5.278 -20.000 -4.000 -1.488
3 16 -11.719 -4.000 -5.278 -10.873 -4.000 -5.051 -20.000 -4.000 -1.488
3 16 -10.000 -4.000 -4.975 -20.000 -4.000 -1.488 -10.873 -4.000 -5.051
3 16 -10.000 -4.000 -4.975 -9.127 -4.000 -5.051 -20.000 -4.000 -1.488
3 16 -9.127 -4.000 -5.051 -8.281 -4.000 -5.278 -20.000 -4.000 -1.488
3 16 25.051 -4.000 -9.127 11.719 -4.000 -5.278 24.975 -4.000 -10.000
3 16 25.051 -4.000 -9.127 25.278 -4.000 -8.281 11.719 -4.000 -5.278
3 16 25.278 -4.000 -8.281 10.873 -4.000 -5.051 11.719 -4.000 -5.278
3 16 25.278 -4.000 -8.281 25.648 -4.000 -7.488 10.873 -4.000 -5.051
3 16 31.719 -4.000 -5.278 35.713 -4.000 -0.807 30.873 -4.000 -5.051
3 16 31.719 -4.000 -5.278 32.513 -4.000 -5.648 35.713 -4.000 -0.807
3 16 32.513 -4.000 -5.648 37.193 -4.000 -2.287 35.713 -4.000 -0.807
3 16 32.513 -4.000 -5.648 33.230 -4.000 -6.151 37.193 -4.000 -2.287
3 16 33.230 -4.000 -6.151 38.392 -4.000 -4.000 37.193 -4.000 -2.287
3 16 -6.151 -4.000 -6.770 4.975 -4.000 -10.000 -6.770 -4.000 -6.151
3 16 -6.151 -4.000 -6.770 -5.648 -4.000 -7.488 4.975 -4.000 -10.000
3 16 -5.648 -4.000 -7.488 -5.278 -4.000 -8.281 4.975 -4.000 -10.000
3 16 33.849 -4.000 -6.770 38.392 -4.000 -4.000 33.230 -4.000 -6.151
3 16 33.849 -4.000 -6.770 34.352 -4.000 -7.488 38.392 -4.000 -4.000
3 16 34.352 -4.000 -7.488 39.276 -4.000 -5.896 38.392 -4.000 -4.000
3 16 34.352 -4.000 -7.488 34.722 -4.000 -8.281 39.276 -4.000 -5.896
3 16 34.722 -4.000 -8.281 39.818 -4.000 -7.916 39.276 -4.000 -5.896
3 16 34.722 -4.000 -8.281 34.949 -4.000 -9.127 39.818 -4.000 -7.916
3 16 34.949 -4.000 -9.127 40.000 -4.000 -10.000 39.818 -4.000 -7.916
3 16 34.949 -4.000 -9.127 35.025 -4.000 -10.000 40.000 -4.000 -10.000
3 16 35.025 -4.000 -10.000 39.818 -4.000 -12.084 40.000 -4.000 -10.000
3 16 35.025 -4.000 -10.000 34.949 -4.000 -10.873 39.818 -4.000 -12.084
3 16 34.949 -4.000 -10.873 39.276 -4.000 -14.104 39.818 -4.000 -12.084
3 16 34.949 -4.000 -10.873 34.722 -4.000 -11.719 39.276 -4.000 -14.104
3 16 34.722 -4.000 -11.719 38.392 -4.000 -16.000 39.276 -4.000 -14.104
3 16 14.949 -4.000 -10.873 26.151 -4.000 -13.230 25.648 -4.000 -12.513
3 16 14.949 -4.000 -10.873 26.770 -4.000 -13.849 26.151 -4.000 -13.230
3 16 29.127 -4.000 -14.949 28.281 -4.000 -14.722 35.713 -4.000 -19.193
3 16 6.770 -4.000 -13.849 6.151 -4.000 -13.230 -5.278 -4.000 -11.719
3 16 -5.278 -4.000 -11.719 -5.648 -4.000 -12.513 28.000 -4.000 -22.000
3 16 -6.151 -4.000 -13.230 28.000 -4.000 -22.000 -5.648 -4.000 -12.513
3 16 -6.151 -4.000 -13.230 -6.770 -4.000 -13.849 28.000 -4.000 -22.000
3 16 -6.770 -4.000 -13.849 -7.487 -4.000 -14.352 28.000 -4.000 -22.000
3 16 -10.873 -4.000 -14.949 -11.719 -4.000 -14.722 -20.000 -4.000 -22.000
3 16 -20.000 -4.000 -22.000 -14.352 -4.000 -12.513 -14.722 -4.000 -11.719
3 16 -20.000 -4.000 -22.000 -13.849 -4.000 -13.230 -14.352 -4.000 -12.513
3 16 10.000 -4.000 -4.975 -20.000 -4.000 -1.488 9.127 -4.000 -5.051
3 16 10.000 -4.000 -4.975 10.873 -4.000 -5.051 -20.000 -4.000 -1.488
3 16 10.873 -4.000 -5.051 26.151 -4.000 -6.770 -20.000 -4.000 -1.488
3 16 10.873 -4.000 -5.051 25.648 -4.000 -7.488 26.151 -4.000 -6.770
3 16 30.873 -4.000 -14.949 35.713 -4.000 -19.193 31.719 -4.000 -14.722
3 16 30.873 -4.000 -14.949 30.000 -4.000 -15.025 35.713 -4.000 -19.193
3 16 30.000 -4.000 -15.025 29.127 -4.000 -14.949 35.713 -4.000 -19.193
3 16 35.713 -4.000 -19.193 14.722 -4.000 -11.719 34.000 -4.000 -20.392
3 16 35.713 -4.000 -19.193 28.281 -4.000 -14.722 14.722 -4.000 -11.719
3 16 28.281 -4.000 -14.722 14.949 -4.000 -10.873 14.722 -4.000 -11.719
3 16 28.281 -4.000 -14.722 27.488 -4.000 -14.352 14.949 -4.000 -10.873
3 16 27.488 -4.000 -14.352 26.770 -4.000 -13.849 14.949 -4.000 -10.873
3 16 13.230 -4.000 -13.849 28.000 -4.000 -22.000 13.849 -4.000 -13.230
3 16 13.230 -4.000 -13.849 12.513 -4.000 -14.352 28.000 -4.000 -22.000
3 16 11.719 -4.000 -14.722 28.000 -4.000 -22.000 12.513 -4.000 -14.352
3 16 11.719 -4.000 -14.722 10.873 -4.000 -14.949 28.000 -4.000 -22.000
3 16 10.873 -4.000 -14.949 10.000 -4.000 -15.025 28.000 -4.000 -22.000
3 16 5.648 -4.000 -12.513 -5.278 -4.000 -11.719 6.151 -4.000 -13.230
3 16 5.648 -4.000 -12.513 5.278 -4.000 -11.719 -5.278 -4.000 -11.719
3 16 5.278 -4.000 -11.719 5.051 -4.000 -10.873 -5.278 -4.000 -11.719
3 16 -8.281 -4.000 -14.722 28.000 -4.000 -22.000 -7.487 -4.000 -14.352
3 16 -8.281 -4.000 -14.722 -9.127 -4.000 -14.949 28.000 -4.000 -22.000
3 16 -9.127 -4.000 -14.949 -20.000 -4.000 -22.000 28.000 -4.000 -22.000
3 16 -9.127 -4.000 -14.949 -10.000 -4.000 -15.025 -20.000 -4.000 -22.000
3 16 -10.000 -4.000 -15.025 -10.873 -4.000 -14.949 -20.000 -4.000 -22.000
3 16 -12.513 -4.000 -14.352 -20.000 -4.000 -22.000 -11.719 -4.000 -14.722
3 16 -12.513 -4.000 -14.352 -13.230 -4.000 -13.849 -20.000 -4.000 -22.000
3 16 -13.230 -4.000 -13.849 -13.849 -4.000 -13.230 -20.000 -4.000 -22.000
3 16 25.278 -4.000 -11.719 14.949 -4.000 -10.873 25.648 -4.000 -12.513
3 16 25.278 -4.000 -11.719 25.051 -4.000 -10.873 14.949 -4.000 -10.873
3 16 25.051 -4.000 -10.873 15.025 -4.000 -10.000 14.949 -4.000 -10.873
3 16 25.051 -4.000 -10.873 24.975 -4.000 -10.000 15.025 -4.000 -10.000
3 16 24.975 -4.000 -10.000 14.949 -4.000 -9.127 15.025 -4.000 -10.000
3 16 24.975 -4.000 -10.000 14.722 -4.000 -8.281 14.949 -4.000 -9.127
3 16 34.352 -4.000 -12.513 38.392 -4.000 -16.000 34.722 -4.000 -11.719
3 16 34.352 -4.000 -12.513 33.849 -4.000 -13.230 38.392 -4.000 -16.000
3 16 33.849 -4.000 -13.230 37.193 -4.000 -17.713 38.392 -4.000 -16.000
3 16 33.849 -4.000 -13.230 33.230 -4.000 -13.849 37.193 -4.000 -17.713
3 16 33.230 -4.000 -13.849 35.713 -4.000 -19.193 37.193 -4.000 -17.713
3 16 33.230 -4.000 -13.849 32.513 -4.000 -14.352 35.713 -4.000 -19.193
3 16 32.513 -4.000 -14.352 31.719 -4.000 -14.722 35.713 -4.000 -19.193
3 16 9.127 -4.000 -14.949 28.000 -4.000 -22.000 10.000 -4.000 -15.025
3 16 9.127 -4.000 -14.949 8.281 -4.000 -14.722 28.000 -4.000 -22.000
3 16 8.281 -4.000 -14.722 -5.278 -4.000 -11.719 28.000 -4.000 -22.000
3 16 8.281 -4.000 -14.722 7.487 -4.000 -14.352 -5.278 -4.000 -11.719
3 16 7.487 -4.000 -14.352 6.770 -4.000 -13.849 -5.278 -4.000 -11.719
3 16 -5.051 -4.000 -9.127 4.975 -4.000 -10.000 -5.278 -4.000 -8.281
3 16 -5.051 -4.000 -9.127 -4.975 -4.000 -10.000 4.975 -4.000 -10.000
3 16 -4.975 -4.000 -10.000 5.051 -4.000 -10.873 4.975 -4.000 -10.000
3 16 -4.975 -4.000 -10.000 -5.051 -4.000 -10.873 5.051 -4.000 -10.873
3 16 -5.051 -4.000 -10.873 -5.278 -4.000 -11.719 5.051 -4.000 -10.873
3 16 28.000 -4.000 -22.000 14.352 -4.000 -12.513 13.849 -4.000 -13.230
3 16 28.000 -4.000 -22.000 30.084 -4.000 -21.818 14.352 -4.000 -12.513
3 16 30.084 -4.000 -21.818 14.722 -4.000 -11.719 14.352 -4.000 -12.513
3 16 30.084 -4.000 -21.818 32.104 -4.000 -21.276 14.722 -4.000 -11.719
3 16 32.104 -4.000 -21.276 34.000 -4.000 -20.392 14.722 -4.000 -11.719
3 16 -35.025 -4.000 -10.000 -47.488 -4.000 -5.648 -46.770 -4.000 -6.151
3 16 -35.025 -4.000 -10.000 -48.281 -4.000 -5.278 -47.488 -4.000 -5.648
3 16 -46.151 -4.000 -6.770 -35.025 -4.000 -10.000 -46.770 -4.000 -6.151
3 16 -46.151 -4.000 -6.770 -45.648 -4.000 -7.488 -35.025 -4.000 -10.000
3 16 -45.648 -4.000 -7.488 -45.278 -4.000 -8.281 -35.025 -4.000 -10.000
3 16 -25.648 -4.000 -7.488 -20.000 -4.000 -1.488 -26.151 -4.000 -6.770
3 16 -25.648 -4.000 -7.488 -25.278 -4.000 -8.281 -20.000 -4.000 -1.488
3 16 -25.278 -4.000 -8.281 -25.051 -4.000 -9.127 -20.000 -4.000 -1.488
3 16 -33.230 -4.000 -13.849 -33.849 -4.000 -13.230 -45.278 -4.000 -11.719
3 16 -45.278 -4.000 -11.719 -45.648 -4.000 -12.513 -20.000 -4.000 -22.000
3 16 -50.873 -4.000 -5.051 -55.713 -4.000 -0.807 -51.719 -4.000 -5.278
3 16 -34.949 -4.000 -9.127 -48.281 -4.000 -5.278 -35.025 -4.000 -10.000
3 16 -34.949 -4.000 -9.127 -34.722 -4.000 -8.281 -48.281 -4.000 -5.278
3 16 -34.722 -4.000 -8.281 -55.713 -4.000 -0.807 -48.281 -4.000 -5.278
3 16 -34.722 -4.000 -8.281 -34.352 -4.000 -7.488 -55.713 -4.000 -0.807
3 16 -34.352 -4.000 -7.488 -33.849 -4.000 -6.770 -55.713 -4.000 -0.807
3 16 -24.975 -4.000 -10.000 -20.000 -4.000 -1.488 -25.051 -4.000 -9.127
3 16 -24.975 -4.000 -10.000 -20.000 -4.000 -22.000 -20.000 -4.000 -1.488
3 16 -20.000 -4.000 -22.000 -14.949 -4.000 -10.873 -20.000 -4.000 -1.488
3 16 -20.000 -4.000 -22.000 -14.722 -4.000 -11.719 -14.949 -4.000 -10.873
3 16 -25.051 -4.000 -10.873 -20.000 -4.000 -22.000 -24.975 -4.000 -10.000
3 16 -25.051 -4.000 -10.873 -25.278 -4.000 -11.719 -20.000 -4.000 -22.000
3 16 -25.278 -4.000 -11.719 -25.648 -4.000 -12.513 -20.000 -4.000 -22.000
3 16 -26.151 -4.000 -13.230 -20.000 -4.000 -22.000 -25.648 -4.000 -12.513
3 16 -26.151 -4.000 -13.230 -26.770 -4.000 -13.849 -20.000 -4.000 -22.000
3 16 -26.770 -4.000 -13.849 -27.488 -4.000 -14.352 -20.000 -4.000 -22.000
3 16 -28.281 -4.000 -14.722 -20.000 -4.000 -22.000 -27.488 -4.000 -14.352
3 16 -28.281 -4.000 -14.722 -29.127 -4.000 -14.949 -20.000 -4.000 -22.000
3 16 -29.127 -4.000 -14.949 -30.000 -4.000 -15.025 -20.000 -4.000 -22.000
3 16 -34.352 -4.000 -12.513 -45.278 -4.000 -11.719 -33.849 -4.000 -13.230
3 16 -34.352 -4.000 -12.513 -34.722 -4.000 -11.719 -45.278 -4.000 -11.719
3 16 -34.722 -4.000 -11.719 -34.949 -4.000 -10.873 -45.278 -4.000 -11.719
3 16 -46.151 -4.000 -13.230 -20.000 -4.000 -22.000 -45.648 -4.000 -12.513
3 16 -46.151 -4.000 -13.230 -46.770 -4.000 -13.849 -20.000 -4.000 -22.000
3 16 -46.770 -4.000 -13.849 -48.000 -4.000 -22.000 -20.000 -4.000 -22.000
3 16 -46.770 -4.000 -13.849 -47.488 -4.000 -14.352 -48.000 -4.000 -22.000
3 16 -54.352 -4.000 -12.513 -59.276 -4.000 -14.104 -58.392 -4.000 -16.000
3 16 -54.352 -4.000 -12.513 -54.722 -4.000 -11.719 -59.276 -4.000 -14.104
3 16 -54.722 -4.000 -11.719 -59.818 -4.000 -12.084 -59.276 -4.000 -14.104
3 16 -54.722 -4.000 -11.719 -54.949 -4.000 -10.873 -59.818 -4.000 -12.084
3 16 -54.949 -4.000 -10.873 -60.000 -4.000 -10.000 -59.818 -4.000 -12.084
3 16 -54.949 -4.000 -10.873 -55.025 -4.000 -10.000 -60.000 -4.000 -10.000
3 16 -55.025 -4.000 -10.000 -59.818 -4.000 -7.916 -60.000 -4.000 -10.000
3 16 -55.025 -4.000 -10.000 -54.949 -4.000 -9.127 -59.818 -4.000 -7.916
3 16 -54.949 -4.000 -9.127 -59.276 -4.000 -5.896 -59.818 -4.000 -7.916
3 16 -54.949 -4.000 -9.127 -54.722 -4.000 -8.281 -59.276 -4.000 -5.896
3 16 -54.722 -4.000 -8.281 -58.392 -4.000 -4.000 -59.276 -4.000 -5.896
3 16 -54.352 -4.000 -7.488 -58.392 -4.000 -4.000 -54.722 -4.000 -8.281
3 16 -54.352 -4.000 -7.488 -53.849 -4.000 -6.770 -58.392 -4.000 -4.000
3 16 -53.849 -4.000 -6.770 -57.193 -4.000 -2.287 -58.392 -4.000 -4.000
3 16 -53.849 -4.000 -6.770 -53.230 -4.000 -6.151 -57.193 -4.000 -2.287
3 16 -53.230 -4.000 -6.151 -55.713 -4.000 -0.807 -57.193 -4.000 -2.287
3 16 -53.230 -4.000 -6.151 -52.513 -4.000 -5.648 -55.713 -4.000 -0.807
3 16 -52.513 -4.000 -5.648 -51.719 -4.000 -5.278 -55.713 -4.000 -0.807
3 16 -50.000 -4.000 -4.975 -55.713 -4.000 -0.807 -50.873 -4.000 -5.051
3 16 -50.000 -4.000 -4.975 -49.127 -4.000 -5.051 -55.713 -4.000 -0.807
3 16 -49.127 -4.000 -5.051 -48.281 -4.000 -5.278 -55.713 -4.000 -0.807
3 16 -27.488 -4.000 -5.648 -20.000 -4.000 -1.488 -28.281 -4.000 -5.278
3 16 -27.488 -4.000 -5.648 -26.770 -4.000 -6.151 -20.000 -4.000 -1.488
3 16 -26.770 -4.000 -6.151 -26.151 -4.000 -6.770 -20.000 -4.000 -1.488
3 16 -45.051 -4.000 -9.127 -35.025 -4.000 -10.000 -45.278 -4.000 -8.281
3 16 -45.051 -4.000 -9.127 -44.975 -4.000 -10.000 -35.025 -4.000 -10.000
3 16 -44.975 -4.000 -10.000 -34.949 -4.000 -10.873 -35.025 -4.000 -10.000
3 16 -44.975 -4.000 -10.000 -45.051 -4.000 -10.873 -34.949 -4.000 -10.873
3 16 -45.051 -4.000 -10.873 -45.278 -4.000 -11.719 -34.949 -4.000 -10.873
3 16 -48.281 -4.000 -14.722 -48.000 -4.000 -22.000 -47.488 -4.000 -14.352
3 16 -48.281 -4.000 -14.722 -49.127 -4.000 -14.949 -48.000 -4.000 -22.000
3 16 -49.127 -4.000 -14.949 -50.084 -4.000 -21.818 -48.000 -4.000 -22.000
3 16 -49.127 -4.000 -14.949 -50.000 -4.000 -15.025 -50.084 -4.000 -21.818
3 16 -50.000 -4.000 -15.025 -52.104 -4.000 -21.276 -50.084 -4.000 -21.818
3 16 -50.000 -4.000 -15.025 -50.873 -4.000 -14.949 -52.104 -4.000 -21.276
3 16 -50.873 -4.000 -14.949 -54.000 -4.000 -20.392 -52.104 -4.000 -21.276
3 16 -50.873 -4.000 -14.949 -51.719 -4.000 -14.722 -54.000 -4.000 -20.392
3 16 -51.719 -4.000 -14.722 -55.713 -4.000 -19.193 -54.000 -4.000 -20.392
3 16 -51.719 -4.000 -14.722 -52.513 -4.000 -14.352 -55.713 -4.000 -19.193
3 16 -52.513 -4.000 -14.352 -57.193 -4.000 -17.713 -55.713 -4.000 -19.193
3 16 -52.513 -4.000 -14.352 -53.230 -4.000 -13.849 -57.193 -4.000 -17.713
3 16 -53.230 -4.000 -13.849 -58.392 -4.000 -16.000 -57.193 -4.000 -17.713
3 16 -53.230 -4.000 -13.849 -53.849 -4.000 -13.230 -58.392 -4.000 -16.000
3 16 -53.849 -4.000 -13.230 -54.352 -4.000 -12.513 -58.392 -4.000 -16.000
3 16 -33.230 -4.000 -6.151 -55.713 -4.000 -0.807 -33.849 -4.000 -6.770
3 16 -33.230 -4.000 -6.151 -32.513 -4.000 -5.648 -55.713 -4.000 -0.807
3 16 -32.513 -4.000 -5.648 -31.719 -4.000 -5.278 -55.713 -4.000 -0.807
3 16 -30.873 -4.000 -14.949 -20.000 -4.000 -22.000 -30.000 -4.000 -15.025
3 16 -30.873 -4.000 -14.949 -31.719 -4.000 -14.722 -20.000 -4.000 -22.000
3 16 -31.719 -4.000 -14.722 -45.278 -4.000 -11.719 -20.000 -4.000 -22.000
3 16 -31.719 -4.000 -14.722 -32.513 -4.000 -14.352 -45.278 -4.000 -11.719
3 16 -32.513 -4.000 -14.352 -33.230 -4.000 -13.849 -45.278 -4.000 -11.719
3 16 -30.873 -4.000 -5.051 -55.713 -4.000 -0.807 -31.719 -4.000 -5.278
3 16 -30.873 -4.000 -5.051 -30.000 -4.000 -4.975 -55.713 -4.000 -0.807
3 16 -30.000 -4.000 -4.975 -20.000 -4.000 -1.488 -55.713 -4.000 -0.807
3 16 -30.000 -4.000 -4.975 -29.127 -4.000 -5.051 -20.000 -4.000 -1.488
3 16 -29.127 -4.000 -5.051 -28.281 -4.000 -5.278 -20.000 -4.000 -1.488
3 16 -20.000 -4.000 2.000 -55.713 -4.000 -0.807 -20.000 -4.000 -1.488
3 16 -20.000 -4.000 2.000 -48.000 -4.000 2.000 -55.713 -4.000 -0.807
3 16 -48.000 -4.000 2.000 -54.000 -4.000 0.392 -55.713 -4.000 -0.807
3 16 -48.000 -4.000 2.000 -50.084 -4.000 1.818 -54.000 -4.000 0.392
3 16 -50.084 -4.000 1.818 -52.104 -4.000 1.276 -54.000 -4.000 0.392
3 16 30.084 -4.000 1.818 28.000 -4.000 2.000 32.104 -4.000 1.276
3 16 29.127 -4.000 -5.051 -20.000 -4.000 -1.488 28.281 -4.000 -5.278
3 16 29.127 -4.000 -5.051 35.713 -4.000 -0.807 -20.000 -4.000 -1.488
3 16 35.713 -4.000 -0.807 28.000 -4.000 2.000 -20.000 -4.000 -1.488
3 16 35.713 -4.000 -0.807 34.000 -4.000 0.392 28.000 -4.000 2.000
3 16 34.000 -4.000 0.392 32.104 -4.000 1.276 28.000 -4.000 2.000
3 16 -35.025 0.000 -10.000 -34.949 -4.000 -9.127 -35.025 -4.000 -10.000
3 16 -35.025 0.000 -10.000 -34.949 0.000 -9.127 -34.949 -4.000 -9.127
3 16 -34.949 0.000 -9.127 -34.722 -4.000 -8.281 -34.949 -4.000 -9.127
3 16 -34.949 0.000 -9.127 -34.722 0.000 -8.281 -34.722 -4.000 -8.281
3 16 -34.722 0.000 -8.281 -34.352 -4.000 -7.488 -34.722 -4.000 -8.281
3 16 -34.722 0.000 -8.281 -34.352 0.000 -7.488 -34.352 -4.000 -7.488
3 16 -34.352 0.000 -7.488 -33.849 -4.000 -6.770 -34.352 -4.000 -7.488
3 16 -34.352 0.000 -7.488 -33.849 0.000 -6.770 -33.849 -4.000 -6.770
3 16 -33.849 0.000 -6.770 -33.230 -4.000 -6.151 -33.849 -4.000 -6.770
3 16 -33.849 0.000 -6.770 -33.230 0.000 -6.151 -33.230 -4.000 -6.151
3 16 -33.230 0.000 -6.151 -32.513 -4.000 -5.648 -33.230 -4.000 -6.151
3 16 -33.230 0.000 -6.151 -32.513 0.000 -5.648 -32.513 -4.000 -5.648
3 16 -32.513 0.000 -5.648 -31.719 -4.000 -5.278 -32.513 -4.000 -5.648
3 16 -32.513 0.000 -5.648 -31.719 0.000 -5.278 -31.719 -4.000 -5.278
3 16 -31.719 0.000 -5.278 -30.873 -4.000 -5.051 -31.719 -4.000 -5.278
3 16 -31.719 0.000 -5.278 -30.873 0.000 -5.051 -30.873 -4.000 -5.051
3 16 -30.873 0.000 -5.051 -30.000 -4.000 -4.975 -30.873 -4.000 -5.051
3 16 -30.873 0.000 -5.051 -30.000 0.000 -4.975 -30.000 -4.000 -4.975
3 16 -30.000 0.000 -4.975 -29.127 -4.000 -5.051 -30.000 -4.000 -4.975
3 16 -30.000 0.000 -4.975 -29.127 0.000 -5.051 -29.127 -4.000 -5.051
3 16 -29.127 0.000 -5.051 -28.281 -4.000 -5.278 -29.127 -4.000 -5.051
3 16 -29.127 0.000 -5.051 -28.281 0.000 -5.278 -28.281 -4.000 -5.278
3 16 -28.281 0.000 -5.278 -27.488 -4.000 -5.648 -28.281 -4.000 -5.278
3 16 -28.281 0.000 -5.278 -27.488 0.000 -5.648 -27.488 -4.000 -5.648
3 16 -27.488 0.000 -5.648 -26.770 -4.000 -6.151 -27.488 -4.000 -5.648
3 16 -27.488 0.000 -5.648 -26.770 0.000 -6.151 -26.770 -4.000 -6.151
3 16 -26.770 0.000 -6.151 -26.151 -4.000 -6.770 -26.770 -4.000 -6.151
3 16 -26.770 0.000 -6.151 -26.151 0.000 -6.770 -26.151 -4.000 -6.770
3 16 -26.151 0.000 -6.770 -25.648 -4.000 -7.488 -26.151 -4.000 -6.770
3 16 -26.151 0.000 -6.770 -25.648 0.000 -7.488 -25.648 -4.000 -7.488
3 16 -25.648 0.000 -7.488 -25.278 -4.000 -8.281 -25.648 -4.000 -7.488
3 16 -25.648 0.000 -7.488 -25.278 0.000 -8.281 -25.278 -4.000 -8.281
3 16 -25.278 0.000 -8.281 -25.051 -4.000 -9.127 -25.278 -4.000 -8.281
3 16 -25.278 0.000 -8.281 -25.051 0.000 -9.127 -25.051 -4.000 -9.127
3 16 -25.051 0.000 -9.127 -24.975 -4.000 -10.000 -25.051 -4.000 -9.127
3 16 -25.051 0.000 -9.127 -24.975 0.000 -10.000 -24.975 -4.000 -10.000
3 16 -55.025 0.000 -10.000 -54.949 -4.000 -9.127 -55.025 -4.000 -10.000
3 16 -55.025 0.000 -10.000 -54.949 0.000 -9.127 -54.949 -4.000 -9.127
3 16 -54.949 0.000 -9.127 -54.722 -4.000 -8.281 -54.949 -4.000 -9.127
3 16 -54.949 0.000 -9.127 -54.722 0.000 -8.281 -54.722 -4.000 -8.281
3 16 -54.722 0.000 -8.281 -54.352 -4.000 -7.488 -54.722 -4.000 -8.281
3 16 -54.722 0.000 -8.281 -54.352 0.000 -7.488 -54.352 -4.000 -7.488
3 16 -54.352 0.000 -7.488 -53.849 -4.000 -6.770 -54.352 -4.000 -7.488
3 16 -54.352 0.000 -7.488 -53.849 0.000 -6.770 -53.849 -4.000 -6.770
3 16 -53.849 0.000 -6.770 -53.230 -4.000 -6.151 -53.849 -4.000 -6.770
3 16 -53.849 0.000 -6.770 -53.230 0.000 -6.151 -53.230 -4.000 -6.151
3 16 -53.230 0.000 -6.151 -52.513 -4.000 -5.648 -53.230 -4.000 -6.151
3 16 -53.230 0.000 -6.151 -52.513 0.000 -5.648 -52.513 -4.000 -5.648
3 16 -52.513 0.000 -5.648 -51.719 -4.000 -5.278 -52.513 -4.000 -5.648
3 16 -52.513 0.000 -5.648 -51.719 0.000 -5.278 -51.719 -4.000 -5.278
3 16 -51.719 0.000 -5.278 -50.873 -4.000 -5.051 -51.719 -4.000 -5.278
3 16 -51.719 0.000 -5.278 -50.873 0.000 -5.051 -50.873 -4.000 -5.051
3 16 -50.873 0.000 -5.051 -50.000 -4.000 -4.975 -50.873 -4.000 -5.051
3 16 -50.873 0.000 -5.051 -50.000 0.000 -4.975 -50.000 -4.000 -4.975
3 16 -50.000 0.000 -4.975 -49.127 -4.000 -5.051 -50.000 -4.000 -4.975
3 16 -50.000 0.000 -4.975 -49.127 0.000 -5.051 -49.127 -4.000 -5.051
3 16 -49.127 0.000 -5.051 -48.281 -4.000 -5.278 -49.127 -4.000 -5.051
3 16 -49.127 0.000 -5.051 -48.281 0.000 -5.278 -48.281 -4.000 -5.278
3 16 -48.281 0.000 -5.278 -47.488 -4.000 -5.648 -48.281 -4.000 -5.278
3 16 -48.281 0.000 -5.278 -47.488 0.000 -5.648 -47.488 -4.000 -5.648
3 16 -47.488 0.000 -5.648 -46.770 -4.000 -6.151 -47.488 -4.000 -5.648
3 16 -47.488 0.000 -5.648 -46.770 0.000 -6.151 -46.770 -4.000 -6.151
3 16 -46.770 0.000 -6.151 -46.151 -4.000 -6.770 -46.770 -4.000 -6.151
3 16 -46.770 0.000 -6.151 -46.151 0.000 -6.770 -46.151 -4.000 -6.770
3 16 -46.151 0.000 -6.770 -45.648 -4.000 -7.488 -46.151 -4.000 -6.770
3 16 -46.151 0.000 -6.770 -45.648 0.000 -7.488 -45.648 -4.000 -7.488
3 16 -45.648 0.000 -7.488 -45.278 -4.000 -8.281 -45.648 -4.000 -7.488
3 16 -45.648 0.000 -7.488 -45.278 0.000 -8.281 -45.278 -4.000 -8.281
3 16 -45.278 0.000 -8.281 -45.051 -4.000 -9.127 -45.278 -4.000 -8.281
3 16 -45.278 0.000 -8.281 -45.051 0.000 -9.127 -45.051 -4.000 -9.127
3 16 -45.051 0.000 -9.127 -44.975 -4.000 -10.000 -45.051 -4.000 -9.127
3 16 -45.051 0.000 -9.127 -44.975 0.000 -10.000 -44.975 -4.000 -10.000
3 16 40.000 0.000 -10.000 39.818 0.000 -7.916 40.000 -4.000 -10.000
3 16 39.818 0.000 -7.916 39.818 -4.000 -7.916 40.000 -4.000 -10.000
3 16 39.818 0.000 -7.916 39.276 0.000 -5.896 39.818 -4.000 -7.916
3 16 39.276 0.000 -5.896 39.276 -4.000 -5.896 39.818 -4.000 -7.916
3 16 39.276 0.000 -5.896 38.392 0.000 -4.000 39.276 -4.000 -5.896
3 16 38.392 0.000 -4.000 38.392 -4.000 -4.000 39.276 -4.000 -5.896
3 16 38.392 0.000 -4.000 37.193 0.000 -2.287 38.392 -4.000 -4.000
3 16 37.193 0.000 -2.287 37.193 -4.000 -2.287 38.392 -4.000 -4.000
3 16 37.193 0.000 -2.287 35.713 0.000 -0.807 37.193 -4.000 -2.287
3 16 35.713 0.000 -0.807 35.713 -4.000 -0.807 37.193 -4.000 -2.287
3 16 35.713 0.000 -0.807 34.000 0.000 0.392 35.713 -4.000 -0.807
3 16 34.000 0.000 0.392 34.000 -4.000 0.392 35.713 -4.000 -0.807
3 16 34.000 0.000 0.392 32.104 0.000 1.276 34.000 -4.000 0.392
3 16 32.104 0.000 1.276 32.104 -4.000 1.276 34.000 -4.000 0.392
3 16 32.104 0.000 1.276 30.084 0.000 1.818 32.104 -4.000 1.276
3 16 30.084 0.000 1.818 30.084 -4.000 1.818 32.104 -4.000 1.276
3 16 30.084 0.000 1.818 28.000 0.000 2.000 30.084 -4.000 1.818
3 16 28.000 0.000 2.000 28.000 -4.000 2.000 30.084 -4.000 1.818
3 16 -15.025 0.000 -10.000 -14.949 -4.000 -9.127 -15.025 -4.000 -10.000
3 16 -15.025 0.000 -10.000 -14.949 0.000 -9.127 -14.949 -4.000 -9.127
3 16 -14.949 0.000 -9.127 -14.722 -4.000 -8.281 -14.949 -4.000 -9.127
3 16 -14.949 0.000 -9.127 -14.722 0.000 -8.281 -14.722 -4.000 -8.281
3 16 -14.722 0.000 -8.281 -14.352 -4.000 -7.488 -14.722 -4.000 -8.281
3 16 -14.722 0.000 -8.281 -14.352 0.000 -7.488 -14.352 -4.000 -7.488
3 16 -14.352 0.000 -7.488 -13.849 -4.000 -6.770 -14.352 -4.000 -7.488
3 16 -14.352 0.000 -7.488 -13.849 0.000 -6.770 -13.849 -4.000 -6.770
3 16 -13.849 0.000 -6.770 -13.230 -4.000 -6.151 -13.849 -4.000 -6.770
3 16 -13.849 0.000 -6.770 -13.230 0.000 -6.151 -13.230 -4.000 -6.151
3 16 -13.230 0.000 -6.151 -12.513 -4.000 -5.648 -13.230 -4.000 -6.151
3 16 -13.230 0.000 -6.151 -12.513 0.000 -5.648 -12.513 -4.000 -5.648
3 16 -12.513 0.000 -5.648 -11.719 -4.000 -5.278 -12.513 -4.000 -5.648
3 16 -12.513 0.000 -5.648 -11.719 0.000 -5.278 -11.719 -4.000 -5.278
3 16 -11.719 0.000 -5.278 -10.873 -4.000 -5.051 -11.719 -4.000 -5.278
3 16 -11.719 0.000 -5.278 -10.873 0.000 -5.051 -10.873 -4.000 -5.051
3 16 -10.873 0.000 -5.051 -10.000 -4.000 -4.975 -10.873 -4.000 -5.051
3 16 -10.873 0.000 -5.051 -10.000 0.000 -4.975 -10.000 -4.000 -4.975
3 16 -10.000 0.000 -4.975 -9.127 -4.000 -5.051 -10.000 -4.000 -4.975
3 16 -10.000 0.000 -4.975 -9.127 0.000 -5.051 -9.127 -4.000 -5.051
3 16 -9.127 0.000 -5.051 -8.281 -4.000 -5.278 -9.127 -4.000 -5.051
3 16 -9.127 0.000 -5.051 -8.281 0.000 -5.278 -8.281 -4.000 -5.278
3 16 -8.281 0.000 -5.278 -7.487 -4.000 -5.648 -8.281 -4.000 -5.278
3 16 -8.281 0.000 -5.278 -7.487 0.000 -5.648 -7.487 -4.000 -5.648
3 16 -7.487 0.000 -5.648 -6.770 -4.000 -6.151 -7.487 -4.000 -5.648
3 16 -7.487 0.000 -5.648 -6.770 0.000 -6.151 -6.770 -4.000 -6.151
3 16 -6.770 0.000 -6.151 -6.151 -4.000 -6.770 -6.770 -4.000 -6.151
3 16 -6.770 0.000 -6.151 -6.151 0.000 -6.770 -6.151 -4.000 -6.770
3 16 -6.151 0.000 -6.770 -5.648 -4.000 -7.488 -6.151 -4.000 -6.770
3 16 -6.151 0.000 -6.770 -5.648 0.000 -7.488 -5.648 -4.000 -7.488
3 16 -5.648 0.000 -7.488 -5.278 -4.000 -8.281 -5.648 -4.000 -7.488
3 16 -5.648 0.000 -7.488 -5.278 0.000 -8.281 -5.278 -4.000 -8.281
3 16 -5.278 0.000 -8.281 -5.051 -4.000 -9.127 -5.278 -4.000 -8.281
3 16 -5.278 0.000 -8.281 -5.051 0.000 -9.127 -5.051 -4.000 -9.127
3 16 -5.051 0.000 -9.127 -4.975 -4.000 -10.000 -5.051 -4.000 -9.127
3 16 -5.051 0.000 -9.127 -4.975 0.000 -10.000 -4.975 -4.000 -10.000
3 16 4.975 0.000 -10.000 5.051 -4.000 -9.127 4.975 -4.000 -10.000
3 16 4.975 0.000 -10.000 5.051 0.000 -9.127 5.051 -4.000 -9.127
3 16 5.051 0.000 -9.127 5.278 -4.000 -8.281 5.051 -4.000 -9.127
3 16 5.051 0.000 -9.127 5.278 0.000 -8.281 5.278 -4.000 -8.281
3 16 5.278 0.000 -8.281 5.648 -4.000 -7.488 5.278 -4.000 -8.281
3 16 5.278 0.000 -8.281 5.648 0.000 -7.488 5.648 -4.000 -7.488
3 16 5.648 0.000 -7.488 6.151 -4.000 -6.770 5.648 -4.000 -7.488
3 16 5.648 0.000 -7.488 6.151 0.000 -6.770 6.151 -4.000 -6.770
3 16 6.151 0.000 -6.770 6.770 -4.000 -6.151 6.151 -4.000 -6.770
3 16 6.151 0.000 -6.770 6.770 0.000 -6.151 6.770 -4.000 -6.151
3 16 6.770 0.000 -6.151 7.487 -4.000 -5.648 6.770 -4.000 -6.151
3 16 6.770 0.000 -6.151 7.487 0.000 -5.648 7.487 -4.000 -5.648
3 16 7.487 0.000 -5.648 8.281 -4.000 -5.278 7.487 -4.000 -5.648
3 16 7.487 0.000 -5.648 8.281 0.000 -5.278 8.281 -4.000 -5.278
3 16 8.281 0.000 -5.278 9.127 -4.000 -5.051 8.281 -4.000 -5.278
3 16 8.281 0.000 -5.278 9.127 0.000 -5.051 9.127 -4.000 -5.051
3 16 9.127 0.000 -5.051 10.000 -4.000 -4.975 9.127 -4.000 -5.051
3 16 9.127 0.000 -5.051 10.000 0.000 -4.975 10.000 -4.000 -4.975
3 16 10.000 0.000 -4.975 10.873 -4.000 -5.051 10.000 -4.000 -4.975
3 16 10.000 0.000 -4.975 10.873 0.000 -5.051 10.873 -4.000 -5.051
3 16 10.873 0.000 -5.051 11.719 -4.000 -5.278 10.873 -4.000 -5.051
3 16 10.873 0.000 -5.051 11.719 0.000 -5.278 11.719 -4.000 -5.278
3 16 11.719 0.000 -5.278 12.513 -4.000 -5.648 11.719 -4.000 -5.278
3 16 11.719 0.000 -5.278 12.513 0.000 -5.648 12.513 -4.000 -5.648
3 16 12.513 0.000 -5.648 13.230 -4.000 -6.151 12.513 -4.000 -5.648
3 16 12.513 0.000 -5.648 13.230 0.000 -6.151 13.230 -4.000 -6.151
3 16 13.230 0.000 -6.151 13.849 -4.000 -6.770 13.230 -4.000 -6.151
3 16 13.230 0.000 -6.151 13.849 0.000 -6.770 13.849 -4.000 -6.770
3 16 13.849 0.000 -6.770 14.352 -4.000 -7.488 13.849 -4.000 -6.770
3 16 13.849 0.000 -6.770 14.352 0.000 -7.488 14.352 -4.000 -7.488
3 16 14.352 0.000 -7.488 14.722 -4.000 -8.281 14.352 -4.000 -7.488
3 16 14.352 0.000 -7.488 14.722 0.000 -8.281 14.722 -4.000 -8.281
3 16 14.722 0.000 -8.281 14.949 -4.000 -9.127 14.722 -4.000 -8.281
3 16 14.722 0.000 -8.281 14.949 0.000 -9.127 14.949 -4.000 -9.127
3 16 14.949 0.000 -9.127 15.025 -4.000 -10.000 14.949 -4.000 -9.127
3 16 14.949 0.000 -9.127 15.025 0.000 -10.000 15.025 -4.000 -10.000
3 16 24.975 0.000 -10.000 25.051 -4.000 -9.127 24.975 -4.000 -10.000
3 16 24.975 0.000 -10.000 25.051 0.000 -9.127 25.051 -4.000 -9.127
3 16 25.051 0.000 -9.127 25.278 -4.000 -8.281 25.051 -4.000 -9.127
3 16 25.051 0.000 -9.127 25.278 0.000 -8.281 25.278 -4.000 -8.281
3 16 25.278 0.000 -8.281 25.648 -4.000 -7.488 25.278 -4.000 -8.281
3 16 25.278 0.000 -8.281 25.648 0.000 -7.488 25.648 -4.000 -7.488
3 16 25.648 0.000 -7.488 26.151 -4.000 -6.770 25.648 -4.000 -7.488
3 16 25.648 0.000 -7.488 26.151 0.000 -6.770 26.151 -4.000 -6.770
3 16 26.151 0.000 -6.770 26.770 -4.000 -6.151 26.151 -4.000 -6.770
3 16 26.151 0.000 -6.770 26.770 0.000 -6.151 26.770 -4.000 -6.151
3 16 26.770 0.000 -6.151 27.488 -4.000 -5.648 26.770 -4.000 -6.151
3 16 26.770 0.000 -6.151 27.488 0.000 -5.648 27.488 -4.000 -5.648
3 16 27.488 0.000 -5.648 28.281 -4.000 -5.278 27.488 -4.000 -5.648
3 16 27.488 0.000 -5.648 28.281 0.000 -5.278 28.281 -4.000 -5.278
3 16 28.281 0.000 -5.278 29.127 -4.000 -5.051 28.281 -4.000 -5.278
3 16 28.281 0.000 -5.278 29.127 0.000 -5.051 29.127 -4.000 -5.051
3 16 29.127 0.000 -5.051 30.000 -4.000 -4.975 29.127 -4.000 -5.051
3 16 29.127 0.000 -5.051 30.000 0.000 -4.975 30.000 -4.000 -4.975
3 16 30.000 0.000 -4.975 30.873 -4.000 -5.051 30.000 -4.000 -4.975
3 16 30.000 0.000 -4.975 30.873 0.000 -5.051 30.873 -4.000 -5.051
3 16 30.873 0.000 -5.051 31.719 -4.000 -5.278 30.873 -4.000 -5.051
3 16 30.873 0.000 -5.051 31.719 0.000 -5.278 31.719 -4.000 -5.278
3 16 31.719 0.000 -5.278 32.513 -4.000 -5.648 31.719 -4.000 -5.278
3 16 31.719 0.000 -5.278 32.513 0.000 -5.648 32.513 -4.000 -5.648
3 16 32.513 0.000 -5.648 33.230 -4.000 -6.151 32.513 -4.000 -5.648
3 16 32.513 0.000 -5.648 33.230 0.000 -6.151 33.230 -4.000 -6.151
3 16 33.230 0.000 -6.151 33.849 -4.000 -6.770 33.230 -4.000 -6.151
3 16 33.230 0.000 -6.151 33.849 0.000 -6.770 33.849 -4.000 -6.770
3 16 33.849 0.000 -6.770 34.352 -4.000 -7.488 33.849 -4.000 -6.770
3 16 33.849 0.000 -6.770 34.352 0.000 -7.488 34.352 -4.000 -7.488
3 16 34.352 0.000 -7.488 34.722 -4.000 -8.281 34.352 -4.000 -7.488
3 16 34.352 0.000 -7.488 34.722 0.000 -8.281 34.722 -4.000 -8.281
3 16 34.722 0.000 -8.281 34.949 -4.000 -9.127 34.722 -4.000 -8.281
3 16 34.722 0.000 -8.281 34.949 0.000 -9.127 34.949 -4.000 -9.127
3 16 34.949 0.000 -9.127 35.025 -4.000 -10.000 34.949 -4.000 -9.127
3 16 34.949 0.000 -9.127 35.025 0.000 -10.000 35.025 -4.000 -10.000
2 24 -58.392 0.000 -4.000 -59.276 0.000 -5.896
2 24 -59.276 0.000 -5.896 -59.818 0.000 -7.916
2 24 -28.281 0.000 -5.278 -29.127 0.000 -5.051
2 24 -46.770 0.000 -6.151 -47.488 0.000 -5.648
2 24 -53.849 0.000 -6.770 -54.352 0.000 -7.488
2 24 -54.949 -4.000 -10.873 -55.025 -4.000 -10.000
2 24 -46.151 -4.000 -6.770 -46.770 -4.000 -6.151
2 24 -33.849 -4.000 -6.770 -34.352 -4.000 -7.488
2 24 -5.051 0.000 -10.873 -5.278 0.000 -11.719
2 24 -25.051 0.000 -9.127 -25.278 0.000 -8.281
2 24 34.722 -4.000 -11.719 34.352 -4.000 -12.513
2 24 28.000 0.000 2.000 -48.000 0.000 2.000
2 24 13.849 0.000 -13.230 13.230 0.000 -13.849
2 24 26.770 0.000 -6.151 26.151 0.000 -6.770
2 24 6.770 0.000 -6.151 6.151 0.000 -6.770
2 24 -6.151 0.000 -13.230 -6.770 0.000 -13.849
2 24 37.193 0.000 -17.713 35.713 0.000 -19.193
2 24 33.849 0.000 -13.230 33.230 0.000 -13.849
2 24 -13.230 0.000 -6.151 -13.849 0.000 -6.770
2 24 -33.230 0.000 -6.151 -33.849 0.000 -6.770
2 24 -54.352 0.000 -12.513 -54.722 0.000 -11.719
2 24 -26.151 0.000 -13.230 -26.770 0.000 -13.849
2 24 -46.151 0.000 -13.230 -46.770 0.000 -13.849
2 24 -55.713 0.000 -0.807 -57.193 0.000 -2.287
2 24 -53.230 0.000 -6.151 -53.849 0.000 -6.770
2 24 -32.513 -4.000 -14.352 -33.230 -4.000 -13.849
2 24 -54.722 -4.000 -11.719 -54.949 -4.000 -10.873
2 24 -54.352 -4.000 -7.488 -54.722 -4.000 -8.281
2 24 12.513 0.000 -14.352 11.719 0.000 -14.722
2 24 -29.127 -4.000 -14.949 -30.000 -4.000 -15.025
2 24 35.713 -4.000 -19.193 34.000 -4.000 -20.392
2 24 -7.487 -4.000 -14.352 -8.281 -4.000 -14.722
2 24 -54.000 -4.000 -20.392 -55.713 -4.000 -19.193
2 24 -9.127 -4.000 -14.949 -10.000 -4.000 -15.025
2 24 -52.104 0.000 -21.276 -54.000 0.000 -20.392
2 24 25.278 0.000 -8.281 25.051 0.000 -9.127
2 24 -4.975 0.000 -10.000 -5.051 0.000 -9.127
2 24 5.051 0.000 -9.127 4.975 0.000 -10.000
2 24 -48.000 0.000 -22.000 -50.084 0.000 -21.818
2 24 -50.084 0.000 -21.818 -52.104 0.000 -21.276
2 24 28.000 0.000 -22.000 -48.000 0.000 -22.000
2 24 25.051 0.000 -9.127 24.975 0.000 -10.000
2 24 15.025 -4.000 -10.000 14.949 -4.000 -9.127
2 24 30.873 0.000 -14.949 30.000 0.000 -15.025
2 24 13.230 0.000 -13.849 12.513 0.000 -14.352
2 24 27.488 0.000 -5.648 26.770 0.000 -6.151
2 24 -10.873 0.000 -5.051 -11.719 0.000 -5.278
2 24 -27.488 0.000 -14.352 -28.281 0.000 -14.722
2 24 -48.281 0.000 -14.722 -49.127 0.000 -14.949
2 24 -47.488 -4.000 -14.352 -48.281 -4.000 -14.722
2 24 30.000 -4.000 -15.025 29.127 -4.000 -14.949
2 24 -10.000 -4.000 -4.975 -10.873 -4.000 -5.051
2 24 -30.873 -4.000 -5.051 -31.719 -4.000 -5.278
2 24 -10.000 0.000 -15.025 -10.873 0.000 -14.949
2 24 30.000 0.000 -4.975 29.127 0.000 -5.051
2 24 -11.719 0.000 -5.278 -12.513 0.000 -5.648
2 24 -31.719 -4.000 -5.278 -32.513 -4.000 -5.648
2 24 10.873 0.000 -5.051 10.000 0.000 -4.975
2 24 14.352 0.000 -12.513 13.849 0.000 -13.230
2 24 -12.513 -4.000 -14.352 -13.230 -4.000 -13.849
2 24 34.352 -4.000 -12.513 33.849 -4.000 -13.230
2 24 -44.975 0.000 -10.000 -45.051 0.000 -9.127
2 24 31.719 -4.000 -5.278 30.873 -4.000 -5.051
2 24 28.281 0.000 -5.278 27.488 0.000 -5.648
2 24 29.127 0.000 -5.051 28.281 0.000 -5.278
2 24 -28.281 -4.000 -14.722 -29.127 -4.000 -14.949
2 24 -50.000 -4.000 -15.025 -50.873 -4.000 -14.949
2 24 8.281 -4.000 -5.278 7.487 -4.000 -5.648
2 24 -51.719 0.000 -14.722 -52.513 0.000 -14.352
2 24 -30.873 -4.000 -14.949 -31.719 -4.000 -14.722
2 24 14.722 0.000 -11.719 14.352 0.000 -12.513
2 24 25.648 -4.000 -7.488 25.278 -4.000 -8.281
2 24 -24.975 -4.000 -10.000 -25.051 -4.000 -9.127
2 24 -5.051 -4.000 -10.873 -5.278 -4.000 -11.719
2 24 -25.051 -4.000 -9.127 -25.278 -4.000 -8.281
2 24 14.949 0.000 -10.873 14.722 0.000 -11.719
2 24 25.648 0.000 -7.488 25.278 0.000 -8.281
2 24 -24.975 0.000 -10.000 -25.051 0.000 -9.127
2 24 32.513 -4.000 -5.648 31.719 -4.000 -5.278
2 24 15.025 0.000 -10.000 14.949 0.000 -10.873
2 24 26.151 0.000 -6.770 25.648 0.000 -7.488
2 24 -25.278 0.000 -11.719 -25.648 0.000 -12.513
2 24 -26.770 0.000 -6.151 -27.488 0.000 -5.648
2 24 38.392 -4.000 -16.000 37.193 -4.000 -17.713
2 24 -14.352 -4.000 -7.488 -14.722 -4.000 -8.281
2 24 8.281 0.000 -14.722 7.487 0.000 -14.352
2 24 -51.719 -4.000 -14.722 -52.513 -4.000 -14.352
2 24 -7.487 0.000 -14.352 -8.281 0.000 -14.722
2 24 35.713 0.000 -19.193 34.000 0.000 -20.392
2 24 -29.127 0.000 -14.949 -30.000 0.000 -15.025
2 24 -27.488 -4.000 -14.352 -28.281 -4.000 -14.722
2 24 -48.281 -4.000 -14.722 -49.127 -4.000 -14.949
2 24 13.230 -4.000 -13.849 12.513 -4.000 -14.352
2 24 -10.873 -4.000 -5.051 -11.719 -4.000 -5.278
2 24 9.127 0.000 -5.051 8.281 0.000 -5.278
2 24 -28.281 0.000 -14.722 -29.127 0.000 -14.949
2 24 -50.000 0.000 -15.025 -50.873 0.000 -14.949
2 24 -10.000 -4.000 -15.025 -10.873 -4.000 -14.949
2 24 30.000 -4.000 -4.975 29.127 -4.000 -5.051
2 24 -11.719 -4.000 -5.278 -12.513 -4.000 -5.648
2 24 -50.873 0.000 -14.949 -51.719 0.000 -14.722
2 24 5.648 0.000 -7.488 5.278 0.000 -8.281
2 24 -25.051 -4.000 -10.873 -25.278 -4.000 -11.719
2 24 -5.278 -4.000 -11.719 -5.648 -4.000 -12.513
2 24 -26.151 -4.000 -6.770 -26.770 -4.000 -6.151
2 24 -12.513 0.000 -14.352 -13.230 0.000 -13.849
2 24 -34.352 -4.000 -12.513 -34.722 -4.000 -11.719
2 24 -14.722 0.000 -11.719 -14.949 0.000 -10.873
2 24 -4.975 0.000 -10.000 -5.051 0.000 -10.873
2 24 -14.949 0.000 -10.873 -15.025 0.000 -10.000
2 24 14.949 -4.000 -10.873 14.722 -4.000 -11.719
2 24 -34.352 0.000 -12.513 -34.722 0.000 -11.719
2 24 32.104 -4.000 1.276 30.084 -4.000 1.818
2 24 -26.770 -4.000 -13.849 -27.488 -4.000 -14.352
2 24 -12.513 -4.000 -5.648 -13.230 -4.000 -6.151
2 24 -6.151 0.000 -6.770 -6.770 0.000 -6.151
2 24 5.278 0.000 -8.281 5.051 0.000 -9.127
2 24 13.230 -4.000 -6.151 12.513 -4.000 -5.648
2 24 39.276 0.000 -14.104 38.392 0.000 -16.000
2 24 -4.975 -4.000 -10.000 -5.051 -4.000 -10.873
2 24 -32.513 0.000 -5.648 -33.230 0.000 -6.151
2 24 -46.770 0.000 -13.849 -47.488 0.000 -14.352
2 24 -54.000 -4.000 0.392 -55.713 -4.000 -0.807
2 24 -47.488 -4.000 -5.648 -48.281 -4.000 -5.278
2 24 -53.849 0.000 -13.230 -54.352 0.000 -12.513
2 24 -31.719 0.000 -14.722 -32.513 0.000 -14.352
2 24 -54.352 -4.000 -12.513 -54.722 -4.000 -11.719
2 24 -6.770 0.000 -13.849 -7.487 0.000 -14.352
2 24 7.487 0.000 -5.648 6.770 0.000 -6.151
2 24 -57.193 0.000 -17.713 -58.392 0.000 -16.000
2 24 -50.000 -4.000 -4.975 -50.873 -4.000 -5.051
2 24 -52.513 0.000 -14.352 -53.230 0.000 -13.849
2 24 6.151 0.000 -6.770 5.648 0.000 -7.488
2 24 -25.278 -4.000 -11.719 -25.648 -4.000 -12.513
2 24 26.151 -4.000 -6.770 25.648 -4.000 -7.488
2 24 -26.770 -4.000 -6.151 -27.488 -4.000 -5.648
2 24 11.719 0.000 -5.278 10.873 0.000 -5.051
2 24 -44.975 0.000 -10.000 -45.051 0.000 -10.873
2 24 8.281 -4.000 -14.722 7.487 -4.000 -14.352
2 24 -54.722 0.000 -8.281 -54.949 0.000 -9.127
2 24 -54.949 0.000 -9.127 -55.025 0.000 -10.000
2 24 -27.488 -4.000 -5.648 -28.281 -4.000 -5.278
2 24 -58.392 0.000 -16.000 -59.276 0.000 -14.104
2 24 -49.127 0.000 -5.051 -50.000 0.000 -4.975
2 24 -50.873 0.000 -5.051 -51.719 0.000 -5.278
2 24 -52.104 -4.000 1.276 -54.000 -4.000 0.392
2 24 -59.276 -4.000 -14.104 -59.818 -4.000 -12.084
2 24 -9.127 -4.000 -5.051 -10.000 -4.000 -4.975
2 24 -52.513 -4.000 -5.648 -53.230 -4.000 -6.151
2 24 -50.084 -4.000 1.818 -52.104 -4.000 1.276
2 24 31.719 0.000 -5.278 30.873 0.000 -5.051
2 24 34.352 0.000 -12.513 33.849 0.000 -13.230
2 24 -54.000 0.000 -20.392 -55.713 0.000 -19.193
2 24 -49.127 -4.000 -14.949 -50.000 -4.000 -15.025
2 24 -55.713 -4.000 -19.193 -57.193 -4.000 -17.713
2 24 -9.127 0.000 -14.949 -10.000 0.000 -15.025
2 24 -30.000 -4.000 -15.025 -30.873 -4.000 -14.949
2 24 13.849 0.000 -6.770 13.230 0.000 -6.151
2 24 33.230 0.000 -6.151 32.513 0.000 -5.648
2 24 39.818 -4.000 -12.084 39.276 -4.000 -14.104
2 24 39.276 -4.000 -14.104 38.392 -4.000 -16.000
2 24 5.278 -4.000 -8.281 5.051 -4.000 -9.127
2 24 -6.151 -4.000 -6.770 -6.770 -4.000 -6.151
2 24 -14.352 0.000 -7.488 -14.722 0.000 -8.281
2 24 38.392 0.000 -16.000 37.193 0.000 -17.713
2 24 -14.722 0.000 -8.281 -14.949 0.000 -9.127
2 24 12.513 0.000 -5.648 11.719 0.000 -5.278
2 24 -24.975 0.000 -10.000 -25.051 0.000 -10.873
2 24 7.487 -4.000 -14.352 6.770 -4.000 -13.849
2 24 -25.648 0.000 -7.488 -26.151 0.000 -6.770
2 24 -14.949 0.000 -9.127 -15.025 0.000 -10.000
2 24 -13.849 0.000 -13.230 -14.352 0.000 -12.513
2 24 -34.949 0.000 -10.873 -35.025 0.000 -10.000
2 24 -13.230 -4.000 -13.849 -13.849 -4.000 -13.230
2 24 12.513 -4.000 -5.648 11.719 -4.000 -5.278
2 24 32.104 0.000 1.276 30.084 0.000 1.818
2 24 -24.975 -4.000 -10.000 -25.051 -4.000 -10.873
2 24 -14.722 -4.000 -8.281 -14.949 -4.000 -9.127
2 24 -45.051 0.000 -9.127 -45.278 0.000 -8.281
2 24 -14.352 0.000 -12.513 -14.722 0.000 -11.719
2 24 -33.849 0.000 -6.770 -34.352 0.000 -7.488
2 24 -54.949 0.000 -10.873 -55.025 0.000 -10.000
2 24 -46.151 0.000 -6.770 -46.770 0.000 -6.151
2 24 -13.849 -4.000 -6.770 -14.352 -4.000 -7.488
2 24 -45.648 -4.000 -7.488 -46.151 -4.000 -6.770
2 24 -13.230 0.000 -13.849 -13.849 0.000 -13.230
2 24 -45.648 -4.000 -12.513 -46.151 -4.000 -13.230
2 24 -29.127 0.000 -5.051 -30.000 0.000 -4.975
2 24 -48.281 0.000 -5.278 -49.127 0.000 -5.051
2 24 -26.151 -4.000 -13.230 -26.770 -4.000 -13.849
2 24 -46.151 -4.000 -13.230 -46.770 -4.000 -13.849
2 24 -55.713 -4.000 -0.807 -57.193 -4.000 -2.287
2 24 37.193 -4.000 -17.713 35.713 -4.000 -19.193
2 24 -6.151 -4.000 -13.230 -6.770 -4.000 -13.849
2 24 13.849 -4.000 -13.230 13.230 -4.000 -13.849
2 24 33.849 -4.000 -13.230 33.230 -4.000 -13.849
2 24 6.770 -4.000 -6.151 6.151 -4.000 -6.770
2 24 26.770 -4.000 -6.151 26.151 -4.000 -6.770
2 24 -13.230 -4.000 -6.151 -13.849 -4.000 -6.770
2 24 -53.230 -4.000 -6.151 -53.849 -4.000 -6.770
2 24 -33.230 -4.000 -6.151 -33.849 -4.000 -6.770
2 24 -10.873 0.000 -14.949 -11.719 0.000 -14.722
2 24 28.000 -4.000 2.000 -48.000 -4.000 2.000
2 24 -11.719 0.000 -14.722 -12.513 0.000 -14.352
2 24 -53.230 0.000 -13.849 -53.849 0.000 -13.230
2 24 -26.770 0.000 -13.849 -27.488 0.000 -14.352
2 24 -53.849 -4.000 -13.230 -54.352 -4.000 -12.513
2 24 -10.873 -4.000 -14.949 -11.719 -4.000 -14.722
2 24 -47.488 0.000 -5.648 -48.281 0.000 -5.278
2 24 -54.000 0.000 0.392 -55.713 0.000 -0.807
2 24 -46.770 -4.000 -6.151 -47.488 -4.000 -5.648
2 24 -53.849 -4.000 -6.770 -54.352 -4.000 -7.488
2 24 -48.000 0.000 2.000 -50.084 0.000 1.818
2 24 30.873 0.000 -5.051 30.000 0.000 -4.975
2 24 -54.949 -4.000 -9.127 -55.025 -4.000 -10.000
2 24 -54.722 -4.000 -8.281 -54.949 -4.000 -9.127
2 24 -5.648 0.000 -12.513 -6.151 0.000 -13.230
2 24 -45.051 0.000 -10.873 -45.278 0.000 -11.719
2 24 14.352 -4.000 -12.513 13.849 -4.000 -13.230
2 24 -34.352 0.000 -7.488 -34.722 0.000 -8.281
2 24 -44.975 -4.000 -10.000 -45.051 -4.000 -9.127
2 24 -54.352 0.000 -7.488 -54.722 0.000 -8.281
2 24 -54.722 0.000 -11.719 -54.949 0.000 -10.873
2 24 -32.513 0.000 -14.352 -33.230 0.000 -13.849
2 24 -45.648 0.000 -12.513 -46.151 0.000 -13.230
2 24 -25.648 -4.000 -12.513 -26.151 -4.000 -13.230
2 24 29.127 -4.000 -14.949 28.281 -4.000 -14.722
2 24 30.084 -4.000 1.818 28.000 -4.000 2.000
2 24 -5.278 0.000 -11.719 -5.648 0.000 -12.513
2 24 -25.051 0.000 -10.873 -25.278 0.000 -11.719
2 24 -26.151 0.000 -6.770 -26.770 0.000 -6.151
2 24 5.648 -4.000 -7.488 5.278 -4.000 -8.281
2 24 38.392 0.000 -4.000 37.193 0.000 -2.287
2 24 40.000 0.000 -10.000 39.818 0.000 -7.916
2 24 33.849 0.000 -6.770 33.230 0.000 -6.151
2 24 14.722 0.000 -8.281 14.352 0.000 -7.488
2 24 37.193 0.000 -2.287 35.713 0.000 -0.807
2 24 25.278 -4.000 -11.719 25.051 -4.000 -10.873
2 24 32.513 0.000 -5.648 31.719 0.000 -5.278
2 24 -10.000 0.000 -4.975 -10.873 0.000 -5.051
2 24 -30.873 0.000 -14.949 -31.719 0.000 -14.722
2 24 -58.392 -4.000 -16.000 -59.276 -4.000 -14.104
2 24 -50.873 -4.000 -5.051 -51.719 -4.000 -5.278
2 24 -49.127 -4.000 -5.051 -50.000 -4.000 -4.975
2 24 -50.000 0.000 -4.975 -50.873 0.000 -5.051
2 24 25.648 0.000 -12.513 25.278 0.000 -11.719
2 24 25.278 0.000 -11.719 25.051 0.000 -10.873
2 24 10.873 -4.000 -14.949 10.000 -4.000 -15.025
2 24 29.127 -4.000 -5.051 28.281 -4.000 -5.278
2 24 25.051 0.000 -10.873 24.975 0.000 -10.000
2 24 25.648 -4.000 -12.513 25.278 -4.000 -11.719
2 24 6.770 0.000 -13.849 6.151 0.000 -13.230
2 24 27.488 0.000 -14.352 26.770 0.000 -13.849
2 24 -5.648 -4.000 -7.488 -6.151 -4.000 -6.770
2 24 33.230 0.000 -13.849 32.513 0.000 -14.352
2 24 -49.127 0.000 -14.949 -50.000 0.000 -15.025
2 24 -5.278 -4.000 -8.281 -5.648 -4.000 -7.488
2 24 32.513 0.000 -14.352 31.719 0.000 -14.722
2 24 12.513 -4.000 -14.352 11.719 -4.000 -14.722
2 24 30.873 -4.000 -14.949 30.000 -4.000 -15.025
2 24 15.025 0.000 -10.000 14.949 0.000 -9.127
2 24 14.722 -4.000 -8.281 14.352 -4.000 -7.488
2 24 33.849 -4.000 -6.770 33.230 -4.000 -6.151
2 24 38.392 -4.000 -4.000 37.193 -4.000 -2.287
2 24 40.000 -4.000 -10.000 39.818 -4.000 -7.916
2 24 31.719 0.000 -14.722 30.873 0.000 -14.949
2 24 30.084 0.000 -21.818 28.000 0.000 -22.000
2 24 -50.084 -4.000 -21.818 -52.104 -4.000 -21.276
2 24 -48.000 -4.000 -22.000 -50.084 -4.000 -21.818
2 24 11.719 -4.000 -14.722 10.873 -4.000 -14.949
2 24 28.000 -4.000 -22.000 -48.000 -4.000 -22.000
2 24 34.352 -4.000 -7.488 33.849 -4.000 -6.770
2 24 34.000 0.000 -20.392 32.104 0.000 -21.276
2 24 32.104 0.000 -21.276 30.084 0.000 -21.818
2 24 30.084 -4.000 -21.818 28.000 -4.000 -22.000
2 24 34.000 -4.000 -20.392 32.104 -4.000 -21.276
2 24 31.719 -4.000 -14.722 30.873 -4.000 -14.949
2 24 30.000 0.000 -15.025 29.127 0.000 -14.949
2 24 -47.488 0.000 -14.352 -48.281 0.000 -14.722
2 24 -32.513 -4.000 -5.648 -33.230 -4.000 -6.151
2 24 -31.719 0.000 -5.278 -32.513 0.000 -5.648
2 24 -46.770 -4.000 -13.849 -47.488 -4.000 -14.352
2 24 5.278 0.000 -11.719 5.051 0.000 -10.873
2 24 29.127 0.000 -14.949 28.281 0.000 -14.722
2 24 30.084 0.000 1.818 28.000 0.000 2.000
2 24 -25.648 0.000 -12.513 -26.151 0.000 -13.230
2 24 -45.051 -4.000 -10.873 -45.278 -4.000 -11.719
2 24 -5.648 -4.000 -12.513 -6.151 -4.000 -13.230
2 24 13.230 0.000 -6.151 12.513 0.000 -5.648
2 24 5.648 0.000 -12.513 5.278 0.000 -11.719
2 24 -34.949 -4.000 -9.127 -35.025 -4.000 -10.000
2 24 34.722 0.000 -11.719 34.352 0.000 -12.513
2 24 39.818 0.000 -12.084 39.276 0.000 -14.104
2 24 5.278 -4.000 -11.719 5.051 -4.000 -10.873
2 24 35.713 -4.000 -0.807 34.000 -4.000 0.392
2 24 5.051 0.000 -10.873 4.975 0.000 -10.000
2 24 -31.719 -4.000 -14.722 -32.513 -4.000 -14.352
2 24 34.949 0.000 -10.873 34.722 0.000 -11.719
2 24 5.051 -4.000 -10.873 4.975 -4.000 -10.000
2 24 40.000 0.000 -10.000 39.818 0.000 -12.084
2 24 -53.230 -4.000 -13.849 -53.849 -4.000 -13.230
2 24 35.025 0.000 -10.000 34.949 0.000 -10.873
2 24 14.949 0.000 -9.127 14.722 0.000 -8.281
2 24 35.025 0.000 -10.000 34.949 0.000 -9.127
2 24 39.818 0.000 -7.916 39.276 0.000 -5.896
2 24 39.276 0.000 -5.896 38.392 0.000 -4.000
2 24 34.949 0.000 -9.127 34.722 0.000 -8.281
2 24 -33.230 -4.000 -13.849 -33.849 -4.000 -13.230
2 24 34.722 0.000 -8.281 34.352 0.000 -7.488
2 24 34.352 0.000 -7.488 33.849 0.000 -6.770
2 24 -59.818 0.000 -7.916 -60.000 0.000 -10.000
2 24 -59.818 0.000 -12.084 -60.000 0.000 -10.000
2 24 -57.193 0.000 -2.287 -58.392 0.000 -4.000
2 24 10.873 0.000 -14.949 10.000 0.000 -15.025
2 24 -50.873 -4.000 -14.949 -51.719 -4.000 -14.722
2 24 -55.713 0.000 -19.193 -57.193 0.000 -17.713
2 24 -52.513 -4.000 -14.352 -53.230 -4.000 -13.849
2 24 10.000 -4.000 -4.975 9.127 -4.000 -5.051
2 24 -30.000 0.000 -15.025 -30.873 0.000 -14.949
2 24 -57.193 -4.000 -17.713 -58.392 -4.000 -16.000
2 24 10.000 -4.000 -15.025 9.127 -4.000 -14.949
2 24 7.487 -4.000 -5.648 6.770 -4.000 -6.151
2 24 -6.770 0.000 -6.151 -7.487 0.000 -5.648
2 24 -25.278 -4.000 -8.281 -25.648 -4.000 -7.488
2 24 -33.230 0.000 -13.849 -33.849 0.000 -13.230
2 24 -45.051 -4.000 -9.127 -45.278 -4.000 -8.281
2 24 -9.127 0.000 -5.051 -10.000 0.000 -4.975
2 24 -59.276 0.000 -14.104 -59.818 0.000 -12.084
2 24 -52.104 0.000 1.276 -54.000 0.000 0.392
2 24 -52.513 0.000 -5.648 -53.230 0.000 -6.151
2 24 -58.392 -4.000 -4.000 -59.276 -4.000 -5.896
2 24 -59.276 -4.000 -5.896 -59.818 -4.000 -7.916
2 24 30.873 -4.000 -5.051 30.000 -4.000 -4.975
2 24 -28.281 -4.000 -5.278 -29.127 -4.000 -5.051
2 24 6.151 0.000 -13.230 5.648 0.000 -12.513
2 24 15.025 -4.000 -10.000 14.949 -4.000 -10.873
2 24 33.230 -4.000 -13.849 32.513 -4.000 -14.352
2 24 14.352 0.000 -7.488 13.849 0.000 -6.770
2 24 6.151 -4.000 -13.230 5.648 -4.000 -12.513
2 24 -5.051 0.000 -9.127 -5.278 0.000 -8.281
2 24 34.949 -4.000 -10.873 34.722 -4.000 -11.719
2 24 -6.770 -4.000 -13.849 -7.487 -4.000 -14.352
2 24 -5.278 0.000 -8.281 -5.648 0.000 -7.488
2 24 13.849 -4.000 -6.770 13.230 -4.000 -6.151
2 24 33.230 -4.000 -6.151 32.513 -4.000 -5.648
2 24 -33.849 -4.000 -13.230 -34.352 -4.000 -12.513
2 24 -34.722 -4.000 -8.281 -34.949 -4.000 -9.127
2 24 -12.513 0.000 -5.648 -13.230 0.000 -6.151
2 24 -30.000 0.000 -4.975 -30.873 0.000 -5.051
2 24 -48.281 -4.000 -5.278 -49.127 -4.000 -5.051
2 24 -29.127 -4.000 -5.051 -30.000 -4.000 -4.975
2 24 -13.849 0.000 -6.770 -14.352 0.000 -7.488
2 24 -45.648 0.000 -7.488 -46.151 0.000 -6.770
2 24 -27.488 0.000 -5.648 -28.281 0.000 -5.278
2 24 6.151 -4.000 -6.770 5.648 -4.000 -7.488
2 24 -44.975 -4.000 -10.000 -45.051 -4.000 -10.873
2 24 11.719 -4.000 -5.278 10.873 -4.000 -5.051
2 24 -5.051 -4.000 -9.127 -5.278 -4.000 -8.281
2 24 35.713 0.000 -0.807 34.000 0.000 0.392
2 24 14.352 -4.000 -7.488 13.849 -4.000 -6.770
2 24 26.151 0.000 -13.230 25.648 0.000 -12.513
2 24 40.000 -4.000 -10.000 39.818 -4.000 -12.084
2 24 26.770 0.000 -13.849 26.151 0.000 -13.230
2 24 28.281 0.000 -14.722 27.488 0.000 -14.352
2 24 -6.770 -4.000 -6.151 -7.487 -4.000 -5.648
2 24 7.487 0.000 -14.352 6.770 0.000 -13.849
2 24 -33.849 0.000 -13.230 -34.352 0.000 -12.513
2 24 -34.722 0.000 -8.281 -34.949 0.000 -9.127
2 24 -5.648 0.000 -7.488 -6.151 0.000 -6.770
2 24 5.051 -4.000 -9.127 4.975 -4.000 -10.000
2 24 25.278 -4.000 -8.281 25.051 -4.000 -9.127
2 24 -4.975 -4.000 -10.000 -5.051 -4.000 -9.127
2 24 -25.648 -4.000 -7.488 -26.151 -4.000 -6.770
2 24 34.000 0.000 0.392 32.104 0.000 1.276
2 24 25.051 -4.000 -9.127 24.975 -4.000 -10.000
2 24 -51.719 -4.000 -5.278 -52.513 -4.000 -5.648
2 24 -45.278 0.000 -8.281 -45.648 0.000 -7.488
2 24 -45.278 0.000 -11.719 -45.648 0.000 -12.513
2 24 -34.352 -4.000 -7.488 -34.722 -4.000 -8.281
2 24 -45.278 -4.000 -11.719 -45.648 -4.000 -12.513
2 24 -34.722 0.000 -11.719 -34.949 0.000 -10.873
2 24 14.722 -4.000 -11.719 14.352 -4.000 -12.513
2 24 -45.278 -4.000 -8.281 -45.648 -4.000 -7.488
2 24 -25.278 0.000 -8.281 -25.648 0.000 -7.488
2 24 -13.849 -4.000 -13.230 -14.352 -4.000 -12.513
2 24 -14.949 -4.000 -9.127 -15.025 -4.000 -10.000
2 24 -57.193 -4.000 -2.287 -58.392 -4.000 -4.000
2 24 -59.818 -4.000 -7.916 -60.000 -4.000 -10.000
2 24 -59.818 -4.000 -12.084 -60.000 -4.000 -10.000
2 24 -11.719 -4.000 -14.722 -12.513 -4.000 -14.352
2 24 -50.084 0.000 1.818 -52.104 0.000 1.276
2 24 -34.949 0.000 -9.127 -35.025 0.000 -10.000
2 24 -34.722 -4.000 -11.719 -34.949 -4.000 -10.873
2 24 -34.949 -4.000 -10.873 -35.025 -4.000 -10.000
2 24 -51.719 0.000 -5.278 -52.513 0.000 -5.648
2 24 -48.000 -4.000 2.000 -50.084 -4.000 1.818
2 24 -52.104 -4.000 -21.276 -54.000 -4.000 -20.392
2 24 32.104 -4.000 -21.276 30.084 -4.000 -21.818
2 24 26.770 -4.000 -13.849 26.151 -4.000 -13.230
2 24 -14.722 -4.000 -11.719 -14.949 -4.000 -10.873
2 24 -14.352 -4.000 -12.513 -14.722 -4.000 -11.719
2 24 -14.949 -4.000 -10.873 -15.025 -4.000 -10.000
2 24 6.770 -4.000 -13.849 6.151 -4.000 -13.230
2 24 27.488 -4.000 -14.352 26.770 -4.000 -13.849
2 24 34.000 -4.000 0.392 32.104 -4.000 1.276
2 24 5.648 -4.000 -12.513 5.278 -4.000 -11.719
2 24 35.025 -4.000 -10.000 34.949 -4.000 -10.873
2 24 14.949 -4.000 -9.127 14.722 -4.000 -8.281
2 24 32.513 -4.000 -14.352 31.719 -4.000 -14.722
2 24 26.151 -4.000 -13.230 25.648 -4.000 -12.513
2 24 25.051 -4.000 -10.873 24.975 -4.000 -10.000
2 24 37.193 -4.000 -2.287 35.713 -4.000 -0.807
2 24 39.276 -4.000 -5.896 38.392 -4.000 -4.000
2 24 39.818 -4.000 -7.916 39.276 -4.000 -5.896
2 24 34.722 -4.000 -8.281 34.352 -4.000 -7.488
2 24 34.949 -4.000 -9.127 34.722 -4.000 -8.281
2 24 35.025 -4.000 -10.000 34.949 -4.000 -9.127
