0 FILE MX07-0006.dat
0 Servo Horn Wheel Brace - Short
0 Name:  MX07-0006.dat
0 Author:  
0 BL_Item_No 07-0006
0 BFC CERTIFY CCW
3 16 -10.000 0.000 24.750 -10.912 -4.000 24.830 -10.000 -4.000 24.750
3 16 -10.000 0.000 24.750 -10.912 0.000 24.830 -10.912 -4.000 24.830
3 16 -10.912 0.000 24.830 -11.796 -4.000 25.067 -10.912 -4.000 24.830
3 16 -10.912 0.000 24.830 -11.796 0.000 25.067 -11.796 -4.000 25.067
3 16 -11.796 0.000 25.067 -12.625 -4.000 25.453 -11.796 -4.000 25.067
3 16 -11.796 0.000 25.067 -12.625 0.000 25.453 -12.625 -4.000 25.453
3 16 -12.625 0.000 25.453 -13.375 -4.000 25.978 -12.625 -4.000 25.453
3 16 -12.625 0.000 25.453 -13.375 0.000 25.978 -13.375 -4.000 25.978
3 16 -13.375 0.000 25.978 -14.022 -4.000 26.625 -13.375 -4.000 25.978
3 16 -13.375 0.000 25.978 -14.022 0.000 26.625 -14.022 -4.000 26.625
3 16 -14.022 0.000 26.625 -14.547 -4.000 27.375 -14.022 -4.000 26.625
3 16 -14.022 0.000 26.625 -14.547 0.000 27.375 -14.547 -4.000 27.375
3 16 -14.547 0.000 27.375 -14.933 -4.000 28.204 -14.547 -4.000 27.375
3 16 -14.547 0.000 27.375 -14.933 0.000 28.204 -14.933 -4.000 28.204
3 16 -14.933 0.000 28.204 -15.170 -4.000 29.088 -14.933 -4.000 28.204
3 16 -14.933 0.000 28.204 -15.170 0.000 29.088 -15.170 -4.000 29.088
3 16 -15.170 0.000 29.088 -15.250 -4.000 30.000 -15.170 -4.000 29.088
3 16 -15.170 0.000 29.088 -15.250 0.000 30.000 -15.250 -4.000 30.000
3 16 -15.250 0.000 30.000 -15.170 -4.000 30.912 -15.250 -4.000 30.000
3 16 -15.250 0.000 30.000 -15.170 0.000 30.912 -15.170 -4.000 30.912
3 16 -15.170 0.000 30.912 -14.933 -4.000 31.796 -15.170 -4.000 30.912
3 16 -15.170 0.000 30.912 -14.933 0.000 31.796 -14.933 -4.000 31.796
3 16 -14.933 0.000 31.796 -14.547 -4.000 32.625 -14.933 -4.000 31.796
3 16 -14.933 0.000 31.796 -14.547 0.000 32.625 -14.547 -4.000 32.625
3 16 -14.547 0.000 32.625 -14.022 -4.000 33.375 -14.547 -4.000 32.625
3 16 -14.547 0.000 32.625 -14.022 0.000 33.375 -14.022 -4.000 33.375
3 16 -14.022 0.000 33.375 -13.375 -4.000 34.022 -14.022 -4.000 33.375
3 16 -14.022 0.000 33.375 -13.375 0.000 34.022 -13.375 -4.000 34.022
3 16 -13.375 0.000 34.022 -12.625 -4.000 34.547 -13.375 -4.000 34.022
3 16 -13.375 0.000 34.022 -12.625 0.000 34.547 -12.625 -4.000 34.547
3 16 -12.625 0.000 34.547 -11.796 -4.000 34.933 -12.625 -4.000 34.547
3 16 -12.625 0.000 34.547 -11.796 0.000 34.933 -11.796 -4.000 34.933
3 16 -11.796 0.000 34.933 -10.912 -4.000 35.170 -11.796 -4.000 34.933
3 16 -11.796 0.000 34.933 -10.912 0.000 35.170 -10.912 -4.000 35.170
3 16 -10.912 0.000 35.170 -10.000 -4.000 35.250 -10.912 -4.000 35.170
3 16 -10.912 0.000 35.170 -10.000 0.000 35.250 -10.000 -4.000 35.250
3 16 -22.000 -4.000 28.000 -21.818 -4.000 30.084 -22.000 0.000 28.000
3 16 -21.818 -4.000 30.084 -21.818 0.000 30.084 -22.000 0.000 28.000
3 16 -21.818 -4.000 30.084 -21.276 -4.000 32.104 -21.818 0.000 30.084
3 16 -21.276 -4.000 32.104 -21.276 0.000 32.104 -21.818 0.000 30.084
3 16 -21.276 -4.000 32.104 -20.392 -4.000 34.000 -21.276 0.000 32.104
3 16 -20.392 -4.000 34.000 -20.392 0.000 34.000 -21.276 0.000 32.104
3 16 -20.392 -4.000 34.000 -19.193 -4.000 35.713 -20.392 0.000 34.000
3 16 -19.193 -4.000 35.713 -19.193 0.000 35.713 -20.392 0.000 34.000
3 16 -19.193 -4.000 35.713 -17.713 -4.000 37.193 -19.193 0.000 35.713
3 16 -17.713 -4.000 37.193 -17.713 0.000 37.193 -19.193 0.000 35.713
3 16 -17.713 -4.000 37.193 -16.000 -4.000 38.392 -17.713 0.000 37.193
3 16 -16.000 -4.000 38.392 -16.000 0.000 38.392 -17.713 0.000 37.193
3 16 -16.000 -4.000 38.392 -14.104 -4.000 39.276 -16.000 0.000 38.392
3 16 -14.104 -4.000 39.276 -14.104 0.000 39.276 -16.000 0.000 38.392
3 16 -14.104 -4.000 39.276 -12.084 -4.000 39.818 -14.104 0.000 39.276
3 16 -12.084 -4.000 39.818 -12.084 0.000 39.818 -14.104 0.000 39.276
3 16 -12.084 -4.000 39.818 -10.000 -4.000 40.000 -12.084 0.000 39.818
3 16 -10.000 -4.000 40.000 -10.000 0.000 40.000 -12.084 0.000 39.818
3 16 -10.000 -16.000 -55.250 -10.912 -20.000 -55.170 -10.000 -20.000 -55.250
3 16 -10.000 -16.000 -55.250 -10.912 -16.000 -55.170 -10.912 -20.000 -55.170
3 16 -10.912 -16.000 -55.170 -11.796 -20.000 -54.933 -10.912 -20.000 -55.170
3 16 -10.912 -16.000 -55.170 -11.796 -16.000 -54.933 -11.796 -20.000 -54.933
3 16 -11.796 -16.000 -54.933 -12.625 -20.000 -54.547 -11.796 -20.000 -54.933
3 16 -11.796 -16.000 -54.933 -12.625 -16.000 -54.547 -12.625 -20.000 -54.547
3 16 -12.625 -16.000 -54.547 -13.375 -20.000 -54.022 -12.625 -20.000 -54.547
3 16 -12.625 -16.000 -54.547 -13.375 -16.000 -54.022 -13.375 -20.000 -54.022
3 16 -13.375 -16.000 -54.022 -14.022 -20.000 -53.375 -13.375 -20.000 -54.022
3 16 -13.375 -16.000 -54.022 -14.022 -16.000 -53.375 -14.022 -20.000 -53.375
3 16 -14.022 -16.000 -53.375 -14.547 -20.000 -52.625 -14.022 -20.000 -53.375
3 16 -14.022 -16.000 -53.375 -14.547 -16.000 -52.625 -14.547 -20.000 -52.625
3 16 -14.547 -16.000 -52.625 -14.933 -20.000 -51.796 -14.547 -20.000 -52.625
3 16 -14.547 -16.000 -52.625 -14.933 -16.000 -51.796 -14.933 -20.000 -51.796
3 16 -14.933 -16.000 -51.796 -15.170 -20.000 -50.912 -14.933 -20.000 -51.796
3 16 -14.933 -16.000 -51.796 -15.170 -16.000 -50.912 -15.170 -20.000 -50.912
3 16 -15.170 -16.000 -50.912 -15.250 -20.000 -50.000 -15.170 -20.000 -50.912
3 16 -15.170 -16.000 -50.912 -15.250 -16.000 -50.000 -15.250 -20.000 -50.000
3 16 -15.250 -16.000 -50.000 -15.170 -20.000 -49.088 -15.250 -20.000 -50.000
3 16 -15.250 -16.000 -50.000 -15.170 -16.000 -49.088 -15.170 -20.000 -49.088
3 16 -15.170 -16.000 -49.088 -14.933 -20.000 -48.204 -15.170 -20.000 -49.088
3 16 -15.170 -16.000 -49.088 -14.933 -16.000 -48.204 -14.933 -20.000 -48.204
3 16 -14.933 -16.000 -48.204 -14.547 -20.000 -47.375 -14.933 -20.000 -48.204
3 16 -14.933 -16.000 -48.204 -14.547 -16.000 -47.375 -14.547 -20.000 -47.375
3 16 -14.547 -16.000 -47.375 -14.022 -20.000 -46.625 -14.547 -20.000 -47.375
3 16 -14.547 -16.000 -47.375 -14.022 -16.000 -46.625 -14.022 -20.000 -46.625
3 16 -14.022 -16.000 -46.625 -13.375 -20.000 -45.978 -14.022 -20.000 -46.625
3 16 -14.022 -16.000 -46.625 -13.375 -16.000 -45.978 -13.375 -20.000 -45.978
3 16 -13.375 -16.000 -45.978 -12.625 -20.000 -45.453 -13.375 -20.000 -45.978
3 16 -13.375 -16.000 -45.978 -12.625 -16.000 -45.453 -12.625 -20.000 -45.453
3 16 -12.625 -16.000 -45.453 -11.796 -20.000 -45.067 -12.625 -20.000 -45.453
3 16 -12.625 -16.000 -45.453 -11.796 -16.000 -45.067 -11.796 -20.000 -45.067
3 16 -11.796 -16.000 -45.067 -10.912 -20.000 -44.830 -11.796 -20.000 -45.067
3 16 -11.796 -16.000 -45.067 -10.912 -16.000 -44.830 -10.912 -20.000 -44.830
3 16 -10.912 -16.000 -44.830 -10.000 -20.000 -44.750 -10.912 -20.000 -44.830
3 16 -10.912 -16.000 -44.830 -10.000 -16.000 -44.750 -10.000 -20.000 -44.750
3 16 2.000 -20.000 -48.000 1.818 -20.000 -50.084 2.000 -16.000 -48.000
3 16 1.818 -20.000 -50.084 1.818 -16.000 -50.084 2.000 -16.000 -48.000
3 16 1.818 -20.000 -50.084 1.276 -20.000 -52.104 1.818 -16.000 -50.084
3 16 1.276 -20.000 -52.104 1.276 -16.000 -52.104 1.818 -16.000 -50.084
3 16 1.276 -20.000 -52.104 0.392 -20.000 -54.000 1.276 -16.000 -52.104
3 16 0.392 -20.000 -54.000 0.392 -16.000 -54.000 1.276 -16.000 -52.104
3 16 0.392 -20.000 -54.000 -0.807 -20.000 -55.713 0.392 -16.000 -54.000
3 16 -0.807 -20.000 -55.713 -0.807 -16.000 -55.713 0.392 -16.000 -54.000
3 16 -0.807 -20.000 -55.713 -2.287 -20.000 -57.193 -0.807 -16.000 -55.713
3 16 -2.287 -20.000 -57.193 -2.287 -16.000 -57.193 -0.807 -16.000 -55.713
3 16 -2.287 -20.000 -57.193 -4.000 -20.000 -58.392 -2.287 -16.000 -57.193
3 16 -4.000 -20.000 -58.392 -4.000 -16.000 -58.392 -2.287 -16.000 -57.193
3 16 -4.000 -20.000 -58.392 -5.896 -20.000 -59.276 -4.000 -16.000 -58.392
3 16 -5.896 -20.000 -59.276 -5.896 -16.000 -59.276 -4.000 -16.000 -58.392
3 16 -5.896 -20.000 -59.276 -7.916 -20.000 -59.818 -5.896 -16.000 -59.276
3 16 -7.916 -20.000 -59.818 -7.916 -16.000 -59.818 -5.896 -16.000 -59.276
3 16 -7.916 -20.000 -59.818 -10.000 -20.000 -60.000 -7.916 -16.000 -59.818
3 16 -10.000 -20.000 -60.000 -10.000 -16.000 -60.000 -7.916 -16.000 -59.818
3 16 -10.000 -20.000 -60.000 -12.084 -20.000 -59.818 -10.000 -16.000 -60.000
3 16 -12.084 -20.000 -59.818 -12.084 -16.000 -59.818 -10.000 -16.000 -60.000
3 16 -12.084 -20.000 -59.818 -14.104 -20.000 -59.276 -12.084 -16.000 -59.818
3 16 -14.104 -20.000 -59.276 -14.104 -16.000 -59.276 -12.084 -16.000 -59.818
3 16 -14.104 -20.000 -59.276 -16.000 -20.000 -58.392 -14.104 -16.000 -59.276
3 16 -16.000 -20.000 -58.392 -16.000 -16.000 -58.392 -14.104 -16.000 -59.276
3 16 -16.000 -20.000 -58.392 -17.713 -20.000 -57.193 -16.000 -16.000 -58.392
3 16 -17.713 -20.000 -57.193 -17.713 -16.000 -57.193 -16.000 -16.000 -58.392
3 16 -17.713 -20.000 -57.193 -19.193 -20.000 -55.713 -17.713 -16.000 -57.193
3 16 -19.193 -20.000 -55.713 -19.193 -16.000 -55.713 -17.713 -16.000 -57.193
3 16 -19.193 -20.000 -55.713 -20.392 -20.000 -54.000 -19.193 -16.000 -55.713
3 16 -20.392 -20.000 -54.000 -20.392 -16.000 -54.000 -19.193 -16.000 -55.713
3 16 -20.392 -20.000 -54.000 -21.276 -20.000 -52.104 -20.392 -16.000 -54.000
3 16 -21.276 -20.000 -52.104 -21.276 -16.000 -52.104 -20.392 -16.000 -54.000
3 16 -21.276 -20.000 -52.104 -21.818 -20.000 -50.084 -21.276 -16.000 -52.104
3 16 -21.818 -20.000 -50.084 -21.818 -16.000 -50.084 -21.276 -16.000 -52.104
3 16 -21.818 -20.000 -50.084 -22.000 -20.000 -48.000 -21.818 -16.000 -50.084
3 16 -22.000 -20.000 -48.000 -22.000 -16.000 -48.000 -21.818 -16.000 -50.084
3 16 2.000 -20.000 -30.000 -22.000 -4.000 10.757 -22.000 -20.000 -30.000
3 16 2.000 -20.000 -30.000 2.000 -4.000 10.757 -22.000 -4.000 10.757
3 16 -12.625 -4.000 25.453 -22.000 -4.000 10.757 -11.796 -4.000 25.067
3 16 -6.625 -4.000 25.978 -7.375 -4.000 25.453 2.000 -4.000 10.757
3 16 -22.000 -4.000 10.757 -10.912 -4.000 24.830 -11.796 -4.000 25.067
3 16 -8.204 -4.000 25.067 2.000 -4.000 10.757 -7.375 -4.000 25.453
3 16 -8.204 -4.000 25.067 -9.088 -4.000 24.830 2.000 -4.000 10.757
3 16 -9.088 -4.000 24.830 -22.000 -4.000 10.757 2.000 -4.000 10.757
3 16 -9.088 -4.000 24.830 -10.000 -4.000 24.750 -22.000 -4.000 10.757
3 16 -10.000 -4.000 24.750 -10.912 -4.000 24.830 -22.000 -4.000 10.757
3 16 -12.625 -4.000 34.547 -14.104 -4.000 39.276 -16.000 -4.000 38.392
3 16 -12.625 -4.000 34.547 -11.796 -4.000 34.933 -14.104 -4.000 39.276
3 16 -11.796 -4.000 34.933 -12.084 -4.000 39.818 -14.104 -4.000 39.276
3 16 -11.796 -4.000 34.933 -10.912 -4.000 35.170 -12.084 -4.000 39.818
3 16 -10.912 -4.000 35.170 -10.000 -4.000 40.000 -12.084 -4.000 39.818
3 16 -10.912 -4.000 35.170 -10.000 -4.000 35.250 -10.000 -4.000 40.000
3 16 -10.000 -4.000 35.250 -7.916 -4.000 39.818 -10.000 -4.000 40.000
3 16 -10.000 -4.000 35.250 -9.088 -4.000 35.170 -7.916 -4.000 39.818
3 16 -9.088 -4.000 35.170 -5.896 -4.000 39.276 -7.916 -4.000 39.818
3 16 -9.088 -4.000 35.170 -8.204 -4.000 34.933 -5.896 -4.000 39.276
3 16 -8.204 -4.000 34.933 -4.000 -4.000 38.392 -5.896 -4.000 39.276
3 16 -13.375 -4.000 25.978 -22.000 -4.000 10.757 -12.625 -4.000 25.453
3 16 -13.375 -4.000 25.978 -14.022 -4.000 26.625 -22.000 -4.000 10.757
3 16 -14.022 -4.000 26.625 -22.000 -4.000 28.000 -22.000 -4.000 10.757
3 16 -14.022 -4.000 26.625 -14.547 -4.000 27.375 -22.000 -4.000 28.000
3 16 2.000 -4.000 28.000 -4.750 -4.000 30.000 -4.830 -4.000 29.088
3 16 2.000 -4.000 28.000 1.818 -4.000 30.084 -4.750 -4.000 30.000
3 16 1.818 -4.000 30.084 -4.830 -4.000 30.912 -4.750 -4.000 30.000
3 16 1.818 -4.000 30.084 1.276 -4.000 32.104 -4.830 -4.000 30.912
3 16 1.276 -4.000 32.104 -5.067 -4.000 31.796 -4.830 -4.000 30.912
3 16 1.276 -4.000 32.104 0.392 -4.000 34.000 -5.067 -4.000 31.796
3 16 0.392 -4.000 34.000 -5.453 -4.000 32.625 -5.067 -4.000 31.796
3 16 0.392 -4.000 34.000 -0.807 -4.000 35.713 -5.453 -4.000 32.625
3 16 -0.807 -4.000 35.713 -5.978 -4.000 33.375 -5.453 -4.000 32.625
3 16 -0.807 -4.000 35.713 -2.287 -4.000 37.193 -5.978 -4.000 33.375
3 16 -2.287 -4.000 37.193 -6.625 -4.000 34.022 -5.978 -4.000 33.375
3 16 -2.287 -4.000 37.193 -4.000 -4.000 38.392 -6.625 -4.000 34.022
3 16 -4.000 -4.000 38.392 -7.375 -4.000 34.547 -6.625 -4.000 34.022
3 16 -4.000 -4.000 38.392 -8.204 -4.000 34.933 -7.375 -4.000 34.547
3 16 -5.067 -4.000 28.204 2.000 -4.000 28.000 -4.830 -4.000 29.088
3 16 -5.067 -4.000 28.204 -5.453 -4.000 27.375 2.000 -4.000 28.000
3 16 -5.453 -4.000 27.375 2.000 -4.000 10.757 2.000 -4.000 28.000
3 16 -5.453 -4.000 27.375 -5.978 -4.000 26.625 2.000 -4.000 10.757
3 16 -5.978 -4.000 26.625 -6.625 -4.000 25.978 2.000 -4.000 10.757
3 16 -14.933 -4.000 28.204 -22.000 -4.000 28.000 -14.547 -4.000 27.375
3 16 -14.933 -4.000 28.204 -15.170 -4.000 29.088 -22.000 -4.000 28.000
3 16 -15.170 -4.000 29.088 -21.818 -4.000 30.084 -22.000 -4.000 28.000
3 16 -15.170 -4.000 29.088 -15.250 -4.000 30.000 -21.818 -4.000 30.084
3 16 -15.250 -4.000 30.000 -21.276 -4.000 32.104 -21.818 -4.000 30.084
3 16 -15.250 -4.000 30.000 -15.170 -4.000 30.912 -21.276 -4.000 32.104
3 16 -15.170 -4.000 30.912 -20.392 -4.000 34.000 -21.276 -4.000 32.104
3 16 -15.170 -4.000 30.912 -14.933 -4.000 31.796 -20.392 -4.000 34.000
3 16 -14.933 -4.000 31.796 -19.193 -4.000 35.713 -20.392 -4.000 34.000
3 16 -14.933 -4.000 31.796 -14.547 -4.000 32.625 -19.193 -4.000 35.713
3 16 -14.547 -4.000 32.625 -17.713 -4.000 37.193 -19.193 -4.000 35.713
3 16 -14.547 -4.000 32.625 -14.022 -4.000 33.375 -17.713 -4.000 37.193
3 16 -14.022 -4.000 33.375 -16.000 -4.000 38.392 -17.713 -4.000 37.193
3 16 -14.022 -4.000 33.375 -13.375 -4.000 34.022 -16.000 -4.000 38.392
3 16 -13.375 -4.000 34.022 -12.625 -4.000 34.547 -16.000 -4.000 38.392
3 16 -10.000 -20.000 -44.750 -22.000 -20.000 -30.000 -10.912 -20.000 -44.830
3 16 -10.000 -20.000 -44.750 2.000 -20.000 -30.000 -22.000 -20.000 -30.000
3 16 -9.088 -20.000 -44.830 2.000 -20.000 -30.000 -10.000 -20.000 -44.750
3 16 -9.088 -20.000 -44.830 -8.204 -20.000 -45.067 2.000 -20.000 -30.000
3 16 -8.204 -20.000 -45.067 -7.375 -20.000 -45.453 2.000 -20.000 -30.000
3 16 2.000 -20.000 -48.000 -5.978 -20.000 -46.625 -5.453 -20.000 -47.375
3 16 2.000 -20.000 -48.000 2.000 -20.000 -30.000 -5.978 -20.000 -46.625
3 16 2.000 -20.000 -30.000 -6.625 -20.000 -45.978 -5.978 -20.000 -46.625
3 16 2.000 -20.000 -30.000 -7.375 -20.000 -45.453 -6.625 -20.000 -45.978
3 16 -5.067 -20.000 -48.204 2.000 -20.000 -48.000 -5.453 -20.000 -47.375
3 16 -5.067 -20.000 -48.204 -4.830 -20.000 -49.088 2.000 -20.000 -48.000
3 16 -4.830 -20.000 -49.088 1.818 -20.000 -50.084 2.000 -20.000 -48.000
3 16 -4.830 -20.000 -49.088 -4.750 -20.000 -50.000 1.818 -20.000 -50.084
3 16 -4.750 -20.000 -50.000 1.276 -20.000 -52.104 1.818 -20.000 -50.084
3 16 -4.750 -20.000 -50.000 -4.830 -20.000 -50.912 1.276 -20.000 -52.104
3 16 -4.830 -20.000 -50.912 0.392 -20.000 -54.000 1.276 -20.000 -52.104
3 16 -4.830 -20.000 -50.912 -5.067 -20.000 -51.796 0.392 -20.000 -54.000
3 16 -5.067 -20.000 -51.796 -0.807 -20.000 -55.713 0.392 -20.000 -54.000
3 16 -5.067 -20.000 -51.796 -5.453 -20.000 -52.625 -0.807 -20.000 -55.713
3 16 -5.453 -20.000 -52.625 -2.287 -20.000 -57.193 -0.807 -20.000 -55.713
3 16 -5.453 -20.000 -52.625 -5.978 -20.000 -53.375 -2.287 -20.000 -57.193
3 16 -5.978 -20.000 -53.375 -4.000 -20.000 -58.392 -2.287 -20.000 -57.193
3 16 -6.625 -20.000 -54.022 -4.000 -20.000 -58.392 -5.978 -20.000 -53.375
3 16 -6.625 -20.000 -54.022 -7.375 -20.000 -54.547 -4.000 -20.000 -58.392
3 16 -7.375 -20.000 -54.547 -5.896 -20.000 -59.276 -4.000 -20.000 -58.392
3 16 -7.375 -20.000 -54.547 -8.204 -20.000 -54.933 -5.896 -20.000 -59.276
3 16 -8.204 -20.000 -54.933 -7.916 -20.000 -59.818 -5.896 -20.000 -59.276
3 16 -8.204 -20.000 -54.933 -9.088 -20.000 -55.170 -7.916 -20.000 -59.818
3 16 -9.088 -20.000 -55.170 -10.000 -20.000 -60.000 -7.916 -20.000 -59.818
3 16 -9.088 -20.000 -55.170 -10.000 -20.000 -55.250 -10.000 -20.000 -60.000
3 16 -10.000 -20.000 -55.250 -12.084 -20.000 -59.818 -10.000 -20.000 -60.000
3 16 -10.000 -20.000 -55.250 -10.912 -20.000 -55.170 -12.084 -20.000 -59.818
3 16 -10.912 -20.000 -55.170 -14.104 -20.000 -59.276 -12.084 -20.000 -59.818
3 16 -10.912 -20.000 -55.170 -11.796 -20.000 -54.933 -14.104 -20.000 -59.276
3 16 -11.796 -20.000 -54.933 -16.000 -20.000 -58.392 -14.104 -20.000 -59.276
3 16 -12.625 -20.000 -54.547 -16.000 -20.000 -58.392 -11.796 -20.000 -54.933
3 16 -12.625 -20.000 -54.547 -13.375 -20.000 -54.022 -16.000 -20.000 -58.392
3 16 -13.375 -20.000 -54.022 -17.713 -20.000 -57.193 -16.000 -20.000 -58.392
3 16 -13.375 -20.000 -54.022 -14.022 -20.000 -53.375 -17.713 -20.000 -57.193
3 16 -14.022 -20.000 -53.375 -19.193 -20.000 -55.713 -17.713 -20.000 -57.193
3 16 -14.022 -20.000 -53.375 -14.547 -20.000 -52.625 -19.193 -20.000 -55.713
3 16 -14.547 -20.000 -52.625 -20.392 -20.000 -54.000 -19.193 -20.000 -55.713
3 16 -14.547 -20.000 -52.625 -14.933 -20.000 -51.796 -20.392 -20.000 -54.000
3 16 -14.933 -20.000 -51.796 -21.276 -20.000 -52.104 -20.392 -20.000 -54.000
3 16 -14.933 -20.000 -51.796 -15.170 -20.000 -50.912 -21.276 -20.000 -52.104
3 16 -15.170 -20.000 -50.912 -21.818 -20.000 -50.084 -21.276 -20.000 -52.104
3 16 -15.170 -20.000 -50.912 -15.250 -20.000 -50.000 -21.818 -20.000 -50.084
3 16 -15.250 -20.000 -50.000 -22.000 -20.000 -48.000 -21.818 -20.000 -50.084
3 16 -15.250 -20.000 -50.000 -15.170 -20.000 -49.088 -22.000 -20.000 -48.000
3 16 -12.625 -20.000 -45.453 -22.000 -20.000 -30.000 -13.375 -20.000 -45.978
3 16 -12.625 -20.000 -45.453 -11.796 -20.000 -45.067 -22.000 -20.000 -30.000
3 16 -11.796 -20.000 -45.067 -10.912 -20.000 -44.830 -22.000 -20.000 -30.000
3 16 -14.933 -20.000 -48.204 -22.000 -20.000 -48.000 -15.170 -20.000 -49.088
3 16 -14.933 -20.000 -48.204 -14.547 -20.000 -47.375 -22.000 -20.000 -48.000
3 16 -14.547 -20.000 -47.375 -22.000 -20.000 -30.000 -22.000 -20.000 -48.000
3 16 -14.547 -20.000 -47.375 -14.022 -20.000 -46.625 -22.000 -20.000 -30.000
3 16 -14.022 -20.000 -46.625 -13.375 -20.000 -45.978 -22.000 -20.000 -30.000
3 16 -8.204 0.000 25.067 -7.375 0.000 25.453 2.000 0.000 10.000
3 16 -13.375 0.000 25.978 -22.000 0.000 10.000 -14.022 0.000 26.625
3 16 -13.375 0.000 25.978 -12.625 0.000 25.453 -22.000 0.000 10.000
3 16 -12.625 0.000 25.453 -11.796 0.000 25.067 -22.000 0.000 10.000
3 16 -10.912 0.000 24.830 -22.000 0.000 10.000 -11.796 0.000 25.067
3 16 -10.912 0.000 24.830 -10.000 0.000 24.750 -22.000 0.000 10.000
3 16 -10.000 0.000 24.750 2.000 0.000 10.000 -22.000 0.000 10.000
3 16 -10.000 0.000 24.750 -9.088 0.000 24.830 2.000 0.000 10.000
3 16 -9.088 0.000 24.830 -8.204 0.000 25.067 2.000 0.000 10.000
3 16 -7.375 0.000 34.547 -5.896 0.000 39.276 -4.000 0.000 38.392
3 16 -7.375 0.000 34.547 -8.204 0.000 34.933 -5.896 0.000 39.276
3 16 -8.204 0.000 34.933 -7.916 0.000 39.818 -5.896 0.000 39.276
3 16 -8.204 0.000 34.933 -9.088 0.000 35.170 -7.916 0.000 39.818
3 16 -9.088 0.000 35.170 -10.000 0.000 40.000 -7.916 0.000 39.818
3 16 -9.088 0.000 35.170 -10.000 0.000 35.250 -10.000 0.000 40.000
3 16 -10.000 0.000 35.250 -12.084 0.000 39.818 -10.000 0.000 40.000
3 16 -10.000 0.000 35.250 -10.912 0.000 35.170 -12.084 0.000 39.818
3 16 -10.912 0.000 35.170 -14.104 0.000 39.276 -12.084 0.000 39.818
3 16 -10.912 0.000 35.170 -11.796 0.000 34.933 -14.104 0.000 39.276
3 16 -11.796 0.000 34.933 -16.000 0.000 38.392 -14.104 0.000 39.276
3 16 -22.000 0.000 10.000 -14.547 0.000 27.375 -14.022 0.000 26.625
3 16 -22.000 0.000 10.000 -22.000 0.000 28.000 -14.547 0.000 27.375
3 16 -22.000 0.000 28.000 -14.933 0.000 28.204 -14.547 0.000 27.375
3 16 -6.625 0.000 25.978 2.000 0.000 10.000 -7.375 0.000 25.453
3 16 -6.625 0.000 25.978 -5.978 0.000 26.625 2.000 0.000 10.000
3 16 -5.978 0.000 26.625 2.000 0.000 28.000 2.000 0.000 10.000
3 16 -5.978 0.000 26.625 -5.453 0.000 27.375 2.000 0.000 28.000
3 16 -5.067 0.000 28.204 2.000 0.000 28.000 -5.453 0.000 27.375
3 16 -5.067 0.000 28.204 -4.830 0.000 29.088 2.000 0.000 28.000
3 16 -4.830 0.000 29.088 1.818 0.000 30.084 2.000 0.000 28.000
3 16 -4.830 0.000 29.088 -4.750 0.000 30.000 1.818 0.000 30.084
3 16 -4.750 0.000 30.000 1.276 0.000 32.104 1.818 0.000 30.084
3 16 -4.750 0.000 30.000 -4.830 0.000 30.912 1.276 0.000 32.104
3 16 -4.830 0.000 30.912 0.392 0.000 34.000 1.276 0.000 32.104
3 16 -4.830 0.000 30.912 -5.067 0.000 31.796 0.392 0.000 34.000
3 16 -5.067 0.000 31.796 -0.807 0.000 35.713 0.392 0.000 34.000
3 16 -5.067 0.000 31.796 -5.453 0.000 32.625 -0.807 0.000 35.713
3 16 -5.453 0.000 32.625 -2.287 0.000 37.193 -0.807 0.000 35.713
3 16 -5.453 0.000 32.625 -5.978 0.000 33.375 -2.287 0.000 37.193
3 16 -5.978 0.000 33.375 -4.000 0.000 38.392 -2.287 0.000 37.193
3 16 -5.978 0.000 33.375 -6.625 0.000 34.022 -4.000 0.000 38.392
3 16 -6.625 0.000 34.022 -7.375 0.000 34.547 -4.000 0.000 38.392
3 16 -12.625 0.000 34.547 -16.000 0.000 38.392 -11.796 0.000 34.933
3 16 -12.625 0.000 34.547 -13.375 0.000 34.022 -16.000 0.000 38.392
3 16 -13.375 0.000 34.022 -17.713 0.000 37.193 -16.000 0.000 38.392
3 16 -13.375 0.000 34.022 -14.022 0.000 33.375 -17.713 0.000 37.193
3 16 -14.022 0.000 33.375 -19.193 0.000 35.713 -17.713 0.000 37.193
3 16 -14.022 0.000 33.375 -14.547 0.000 32.625 -19.193 0.000 35.713
3 16 -14.547 0.000 32.625 -20.392 0.000 34.000 -19.193 0.000 35.713
3 16 -14.547 0.000 32.625 -14.933 0.000 31.796 -20.392 0.000 34.000
3 16 -14.933 0.000 31.796 -21.276 0.000 32.104 -20.392 0.000 34.000
3 16 -14.933 0.000 31.796 -15.170 0.000 30.912 -21.276 0.000 32.104
3 16 -15.170 0.000 30.912 -21.818 0.000 30.084 -21.276 0.000 32.104
3 16 -15.170 0.000 30.912 -15.250 0.000 30.000 -21.818 0.000 30.084
3 16 -15.250 0.000 30.000 -22.000 0.000 28.000 -21.818 0.000 30.084
3 16 -15.250 0.000 30.000 -15.170 0.000 29.088 -22.000 0.000 28.000
3 16 -15.170 0.000 29.088 -14.933 0.000 28.204 -22.000 0.000 28.000
3 16 -22.000 0.000 28.000 -22.000 -4.000 10.757 -22.000 -4.000 28.000
3 16 -22.000 0.000 28.000 -22.000 0.000 10.000 -22.000 -4.000 10.757
3 16 -22.000 0.000 10.000 -22.000 -20.000 -30.000 -22.000 -4.000 10.757
3 16 -22.000 0.000 10.000 -22.000 -16.000 -30.757 -22.000 -20.000 -30.000
3 16 -22.000 -16.000 -30.757 -22.000 -20.000 -48.000 -22.000 -20.000 -30.000
3 16 -22.000 -16.000 -30.757 -22.000 -16.000 -48.000 -22.000 -20.000 -48.000
3 16 -10.000 -16.000 -44.750 2.000 -16.000 -30.757 -9.088 -16.000 -44.830
3 16 -11.796 -16.000 -45.067 -12.625 -16.000 -45.453 -22.000 -16.000 -30.757
3 16 -10.000 -16.000 -44.750 -22.000 -16.000 -30.757 2.000 -16.000 -30.757
3 16 -10.000 -16.000 -44.750 -10.912 -16.000 -44.830 -22.000 -16.000 -30.757
3 16 -10.912 -16.000 -44.830 -11.796 -16.000 -45.067 -22.000 -16.000 -30.757
3 16 -14.933 -16.000 -48.204 -15.170 -16.000 -49.088 -22.000 -16.000 -48.000
3 16 -15.170 -16.000 -49.088 -21.818 -16.000 -50.084 -22.000 -16.000 -48.000
3 16 -15.170 -16.000 -49.088 -15.250 -16.000 -50.000 -21.818 -16.000 -50.084
3 16 -15.250 -16.000 -50.000 -21.276 -16.000 -52.104 -21.818 -16.000 -50.084
3 16 -15.250 -16.000 -50.000 -15.170 -16.000 -50.912 -21.276 -16.000 -52.104
3 16 -15.170 -16.000 -50.912 -20.392 -16.000 -54.000 -21.276 -16.000 -52.104
3 16 -15.170 -16.000 -50.912 -14.933 -16.000 -51.796 -20.392 -16.000 -54.000
3 16 -14.933 -16.000 -51.796 -19.193 -16.000 -55.713 -20.392 -16.000 -54.000
3 16 -14.933 -16.000 -51.796 -14.547 -16.000 -52.625 -19.193 -16.000 -55.713
3 16 -14.547 -16.000 -52.625 -17.713 -16.000 -57.193 -19.193 -16.000 -55.713
3 16 -14.547 -16.000 -52.625 -14.022 -16.000 -53.375 -17.713 -16.000 -57.193
3 16 -14.022 -16.000 -53.375 -16.000 -16.000 -58.392 -17.713 -16.000 -57.193
3 16 -13.375 -16.000 -54.022 -16.000 -16.000 -58.392 -14.022 -16.000 -53.375
3 16 -13.375 -16.000 -54.022 -12.625 -16.000 -54.547 -16.000 -16.000 -58.392
3 16 -12.625 -16.000 -54.547 -14.104 -16.000 -59.276 -16.000 -16.000 -58.392
3 16 -12.625 -16.000 -54.547 -11.796 -16.000 -54.933 -14.104 -16.000 -59.276
3 16 -11.796 -16.000 -54.933 -12.084 -16.000 -59.818 -14.104 -16.000 -59.276
3 16 -11.796 -16.000 -54.933 -10.912 -16.000 -55.170 -12.084 -16.000 -59.818
3 16 -10.912 -16.000 -55.170 -10.000 -16.000 -60.000 -12.084 -16.000 -59.818
3 16 -10.912 -16.000 -55.170 -10.000 -16.000 -55.250 -10.000 -16.000 -60.000
3 16 -10.000 -16.000 -55.250 -7.916 -16.000 -59.818 -10.000 -16.000 -60.000
3 16 -10.000 -16.000 -55.250 -9.088 -16.000 -55.170 -7.916 -16.000 -59.818
3 16 -9.088 -16.000 -55.170 -5.896 -16.000 -59.276 -7.916 -16.000 -59.818
3 16 -9.088 -16.000 -55.170 -8.204 -16.000 -54.933 -5.896 -16.000 -59.276
3 16 -8.204 -16.000 -54.933 -4.000 -16.000 -58.392 -5.896 -16.000 -59.276
3 16 -7.375 -16.000 -54.547 -4.000 -16.000 -58.392 -8.204 -16.000 -54.933
3 16 -7.375 -16.000 -54.547 -6.625 -16.000 -54.022 -4.000 -16.000 -58.392
3 16 -6.625 -16.000 -54.022 -2.287 -16.000 -57.193 -4.000 -16.000 -58.392
3 16 -6.625 -16.000 -54.022 -5.978 -16.000 -53.375 -2.287 -16.000 -57.193
3 16 -5.978 -16.000 -53.375 -0.807 -16.000 -55.713 -2.287 -16.000 -57.193
3 16 -5.978 -16.000 -53.375 -5.453 -16.000 -52.625 -0.807 -16.000 -55.713
3 16 -5.453 -16.000 -52.625 0.392 -16.000 -54.000 -0.807 -16.000 -55.713
3 16 -5.453 -16.000 -52.625 -5.067 -16.000 -51.796 0.392 -16.000 -54.000
3 16 -5.067 -16.000 -51.796 1.276 -16.000 -52.104 0.392 -16.000 -54.000
3 16 -5.067 -16.000 -51.796 -4.830 -16.000 -50.912 1.276 -16.000 -52.104
3 16 -4.830 -16.000 -50.912 1.818 -16.000 -50.084 1.276 -16.000 -52.104
3 16 -4.830 -16.000 -50.912 -4.750 -16.000 -50.000 1.818 -16.000 -50.084
3 16 -4.750 -16.000 -50.000 2.000 -16.000 -48.000 1.818 -16.000 -50.084
3 16 -4.750 -16.000 -50.000 -4.830 -16.000 -49.088 2.000 -16.000 -48.000
3 16 -13.375 -16.000 -45.978 -22.000 -16.000 -30.757 -12.625 -16.000 -45.453
3 16 -13.375 -16.000 -45.978 -14.022 -16.000 -46.625 -22.000 -16.000 -30.757
3 16 -14.022 -16.000 -46.625 -22.000 -16.000 -48.000 -22.000 -16.000 -30.757
3 16 -14.022 -16.000 -46.625 -14.547 -16.000 -47.375 -22.000 -16.000 -48.000
3 16 -14.547 -16.000 -47.375 -14.933 -16.000 -48.204 -22.000 -16.000 -48.000
3 16 -7.375 -16.000 -45.453 2.000 -16.000 -30.757 -6.625 -16.000 -45.978
3 16 -7.375 -16.000 -45.453 -8.204 -16.000 -45.067 2.000 -16.000 -30.757
3 16 -8.204 -16.000 -45.067 -9.088 -16.000 -44.830 2.000 -16.000 -30.757
3 16 -5.067 -16.000 -48.204 2.000 -16.000 -48.000 -4.830 -16.000 -49.088
3 16 -5.067 -16.000 -48.204 -5.453 -16.000 -47.375 2.000 -16.000 -48.000
3 16 -5.453 -16.000 -47.375 2.000 -16.000 -30.757 2.000 -16.000 -48.000
3 16 -5.453 -16.000 -47.375 -5.978 -16.000 -46.625 2.000 -16.000 -30.757
3 16 -5.978 -16.000 -46.625 -6.625 -16.000 -45.978 2.000 -16.000 -30.757
3 16 2.000 -16.000 -48.000 2.000 -20.000 -30.000 2.000 -20.000 -48.000
3 16 2.000 -16.000 -48.000 2.000 -16.000 -30.757 2.000 -20.000 -30.000
3 16 2.000 -16.000 -30.757 2.000 -4.000 10.757 2.000 -20.000 -30.000
3 16 2.000 -16.000 -30.757 2.000 0.000 10.000 2.000 -4.000 10.757
3 16 2.000 0.000 10.000 2.000 -4.000 28.000 2.000 -4.000 10.757
3 16 2.000 0.000 10.000 2.000 0.000 28.000 2.000 -4.000 28.000
3 16 2.000 0.000 10.000 -22.000 -16.000 -30.757 -22.000 0.000 10.000
3 16 2.000 0.000 10.000 2.000 -16.000 -30.757 -22.000 -16.000 -30.757
3 16 -10.000 0.000 35.250 -9.088 -4.000 35.170 -10.000 -4.000 35.250
3 16 -10.000 0.000 35.250 -9.088 0.000 35.170 -9.088 -4.000 35.170
3 16 -9.088 0.000 35.170 -8.204 -4.000 34.933 -9.088 -4.000 35.170
3 16 -9.088 0.000 35.170 -8.204 0.000 34.933 -8.204 -4.000 34.933
3 16 -8.204 0.000 34.933 -7.375 -4.000 34.547 -8.204 -4.000 34.933
3 16 -8.204 0.000 34.933 -7.375 0.000 34.547 -7.375 -4.000 34.547
3 16 -7.375 0.000 34.547 -6.625 -4.000 34.022 -7.375 -4.000 34.547
3 16 -7.375 0.000 34.547 -6.625 0.000 34.022 -6.625 -4.000 34.022
3 16 -6.625 0.000 34.022 -5.978 -4.000 33.375 -6.625 -4.000 34.022
3 16 -6.625 0.000 34.022 -5.978 0.000 33.375 -5.978 -4.000 33.375
3 16 -5.978 0.000 33.375 -5.453 -4.000 32.625 -5.978 -4.000 33.375
3 16 -5.978 0.000 33.375 -5.453 0.000 32.625 -5.453 -4.000 32.625
3 16 -5.453 0.000 32.625 -5.067 -4.000 31.796 -5.453 -4.000 32.625
3 16 -5.453 0.000 32.625 -5.067 0.000 31.796 -5.067 -4.000 31.796
3 16 -5.067 0.000 31.796 -4.830 -4.000 30.912 -5.067 -4.000 31.796
3 16 -5.067 0.000 31.796 -4.830 0.000 30.912 -4.830 -4.000 30.912
3 16 -4.830 0.000 30.912 -4.750 -4.000 30.000 -4.830 -4.000 30.912
3 16 -4.830 0.000 30.912 -4.750 0.000 30.000 -4.750 -4.000 30.000
3 16 -4.750 0.000 30.000 -4.830 -4.000 29.088 -4.750 -4.000 30.000
3 16 -4.750 0.000 30.000 -4.830 0.000 29.088 -4.830 -4.000 29.088
3 16 -4.830 0.000 29.088 -5.067 -4.000 28.204 -4.830 -4.000 29.088
3 16 -4.830 0.000 29.088 -5.067 0.000 28.204 -5.067 -4.000 28.204
3 16 -5.067 0.000 28.204 -5.453 -4.000 27.375 -5.067 -4.000 28.204
3 16 -5.067 0.000 28.204 -5.453 0.000 27.375 -5.453 -4.000 27.375
3 16 -5.453 0.000 27.375 -5.978 -4.000 26.625 -5.453 -4.000 27.375
3 16 -5.453 0.000 27.375 -5.978 0.000 26.625 -5.978 -4.000 26.625
3 16 -5.978 0.000 26.625 -6.625 -4.000 25.978 -5.978 -4.000 26.625
3 16 -5.978 0.000 26.625 -6.625 0.000 25.978 -6.625 -4.000 25.978
3 16 -6.625 0.000 25.978 -7.375 -4.000 25.453 -6.625 -4.000 25.978
3 16 -6.625 0.000 25.978 -7.375 0.000 25.453 -7.375 -4.000 25.453
3 16 -7.375 0.000 25.453 -8.204 -4.000 25.067 -7.375 -4.000 25.453
3 16 -7.375 0.000 25.453 -8.204 0.000 25.067 -8.204 -4.000 25.067
3 16 -8.204 0.000 25.067 -9.088 -4.000 24.830 -8.204 -4.000 25.067
3 16 -8.204 0.000 25.067 -9.088 0.000 24.830 -9.088 -4.000 24.830
3 16 -9.088 0.000 24.830 -10.000 -4.000 24.750 -9.088 -4.000 24.830
3 16 -9.088 0.000 24.830 -10.000 0.000 24.750 -10.000 -4.000 24.750
3 16 -10.000 -4.000 40.000 -7.916 -4.000 39.818 -10.000 0.000 40.000
3 16 -7.916 -4.000 39.818 -7.916 0.000 39.818 -10.000 0.000 40.000
3 16 -7.916 -4.000 39.818 -5.896 -4.000 39.276 -7.916 0.000 39.818
3 16 -5.896 -4.000 39.276 -5.896 0.000 39.276 -7.916 0.000 39.818
3 16 -5.896 -4.000 39.276 -4.000 -4.000 38.392 -5.896 0.000 39.276
3 16 -4.000 -4.000 38.392 -4.000 0.000 38.392 -5.896 0.000 39.276
3 16 -4.000 -4.000 38.392 -2.287 -4.000 37.193 -4.000 0.000 38.392
3 16 -2.287 -4.000 37.193 -2.287 0.000 37.193 -4.000 0.000 38.392
3 16 -2.287 -4.000 37.193 -0.807 -4.000 35.713 -2.287 0.000 37.193
3 16 -0.807 -4.000 35.713 -0.807 0.000 35.713 -2.287 0.000 37.193
3 16 -0.807 -4.000 35.713 0.392 -4.000 34.000 -0.807 0.000 35.713
3 16 0.392 -4.000 34.000 0.392 0.000 34.000 -0.807 0.000 35.713
3 16 0.392 -4.000 34.000 1.276 -4.000 32.104 0.392 0.000 34.000
3 16 1.276 -4.000 32.104 1.276 0.000 32.104 0.392 0.000 34.000
3 16 1.276 -4.000 32.104 1.818 -4.000 30.084 1.276 0.000 32.104
3 16 1.818 -4.000 30.084 1.818 0.000 30.084 1.276 0.000 32.104
3 16 1.818 -4.000 30.084 2.000 -4.000 28.000 1.818 0.000 30.084
3 16 2.000 -4.000 28.000 2.000 0.000 28.000 1.818 0.000 30.084
3 16 -10.000 -16.000 -44.750 -9.088 -20.000 -44.830 -10.000 -20.000 -44.750
3 16 -10.000 -16.000 -44.750 -9.088 -16.000 -44.830 -9.088 -20.000 -44.830
3 16 -9.088 -16.000 -44.830 -8.204 -20.000 -45.067 -9.088 -20.000 -44.830
3 16 -9.088 -16.000 -44.830 -8.204 -16.000 -45.067 -8.204 -20.000 -45.067
3 16 -8.204 -16.000 -45.067 -7.375 -20.000 -45.453 -8.204 -20.000 -45.067
3 16 -8.204 -16.000 -45.067 -7.375 -16.000 -45.453 -7.375 -20.000 -45.453
3 16 -7.375 -16.000 -45.453 -6.625 -20.000 -45.978 -7.375 -20.000 -45.453
3 16 -7.375 -16.000 -45.453 -6.625 -16.000 -45.978 -6.625 -20.000 -45.978
3 16 -6.625 -16.000 -45.978 -5.978 -20.000 -46.625 -6.625 -20.000 -45.978
3 16 -6.625 -16.000 -45.978 -5.978 -16.000 -46.625 -5.978 -20.000 -46.625
3 16 -5.978 -16.000 -46.625 -5.453 -20.000 -47.375 -5.978 -20.000 -46.625
3 16 -5.978 -16.000 -46.625 -5.453 -16.000 -47.375 -5.453 -20.000 -47.375
3 16 -5.453 -16.000 -47.375 -5.067 -20.000 -48.204 -5.453 -20.000 -47.375
3 16 -5.453 -16.000 -47.375 -5.067 -16.000 -48.204 -5.067 -20.000 -48.204
3 16 -5.067 -16.000 -48.204 -4.830 -20.000 -49.088 -5.067 -20.000 -48.204
3 16 -5.067 -16.000 -48.204 -4.830 -16.000 -49.088 -4.830 -20.000 -49.088
3 16 -4.830 -16.000 -49.088 -4.750 -20.000 -50.000 -4.830 -20.000 -49.088
3 16 -4.830 -16.000 -49.088 -4.750 -16.000 -50.000 -4.750 -20.000 -50.000
3 16 -4.750 -16.000 -50.000 -4.830 -20.000 -50.912 -4.750 -20.000 -50.000
3 16 -4.750 -16.000 -50.000 -4.830 -16.000 -50.912 -4.830 -20.000 -50.912
3 16 -4.830 -16.000 -50.912 -5.067 -20.000 -51.796 -4.830 -20.000 -50.912
3 16 -4.830 -16.000 -50.912 -5.067 -16.000 -51.796 -5.067 -20.000 -51.796
3 16 -5.067 -16.000 -51.796 -5.453 -20.000 -52.625 -5.067 -20.000 -51.796
3 16 -5.067 -16.000 -51.796 -5.453 -16.000 -52.625 -5.453 -20.000 -52.625
3 16 -5.453 -16.000 -52.625 -5.978 -20.000 -53.375 -5.453 -20.000 -52.625
3 16 -5.453 -16.000 -52.625 -5.978 -16.000 -53.375 -5.978 -20.000 -53.375
3 16 -5.978 -16.000 -53.375 -6.625 -20.000 -54.022 -5.978 -20.000 -53.375
3 16 -5.978 -16.000 -53.375 -6.625 -16.000 -54.022 -6.625 -20.000 -54.022
3 16 -6.625 -16.000 -54.022 -7.375 -20.000 -54.547 -6.625 -20.000 -54.022
3 16 -6.625 -16.000 -54.022 -7.375 -16.000 -54.547 -7.375 -20.000 -54.547
3 16 -7.375 -16.000 -54.547 -8.204 -20.000 -54.933 -7.375 -20.000 -54.547
3 16 -7.375 -16.000 -54.547 -8.204 -16.000 -54.933 -8.204 -20.000 -54.933
3 16 -8.204 -16.000 -54.933 -9.088 -20.000 -55.170 -8.204 -20.000 -54.933
3 16 -8.204 -16.000 -54.933 -9.088 -16.000 -55.170 -9.088 -20.000 -55.170
3 16 -9.088 -16.000 -55.170 -10.000 -20.000 -55.250 -9.088 -20.000 -55.170
3 16 -9.088 -16.000 -55.170 -10.000 -16.000 -55.250 -10.000 -20.000 -55.250
2 24 -10.000 -4.000 24.750 -10.912 -4.000 24.830
2 24 -7.375 0.000 25.453 -6.625 0.000 25.978
2 24 -14.933 -4.000 28.204 -15.170 -4.000 29.088
2 24 -15.250 0.000 30.000 -15.170 0.000 30.912
2 24 -15.170 0.000 30.912 -14.933 0.000 31.796
2 24 -15.170 0.000 29.088 -15.250 0.000 30.000
2 24 -13.375 -16.000 -54.022 -14.022 -16.000 -53.375
2 24 -17.713 -16.000 -57.193 -19.193 -16.000 -55.713
2 24 -5.978 -16.000 -46.625 -6.625 -16.000 -45.978
2 24 -10.000 0.000 24.750 -10.912 0.000 24.830
2 24 -10.912 -4.000 24.830 -11.796 -4.000 25.067
2 24 1.276 -20.000 -52.104 1.818 -20.000 -50.084
2 24 -15.170 -4.000 29.088 -15.250 -4.000 30.000
2 24 -20.392 0.000 34.000 -19.193 0.000 35.713
2 24 -19.193 -4.000 35.713 -17.713 -4.000 37.193
2 24 -13.375 -20.000 -54.022 -14.022 -20.000 -53.375
2 24 -17.713 -20.000 -57.193 -19.193 -20.000 -55.713
2 24 2.000 -20.000 -48.000 2.000 -20.000 -30.000
2 24 -5.978 -20.000 -46.625 -6.625 -20.000 -45.978
2 24 -14.933 -4.000 31.796 -14.547 -4.000 32.625
2 24 -4.830 -20.000 -50.912 -4.750 -20.000 -50.000
2 24 -10.912 0.000 24.830 -11.796 0.000 25.067
2 24 1.276 -16.000 -52.104 1.818 -16.000 -50.084
2 24 -9.088 -4.000 24.830 -8.204 -4.000 25.067
2 24 -11.796 -4.000 25.067 -12.625 -4.000 25.453
2 24 -12.625 0.000 25.453 -13.375 0.000 25.978
2 24 -12.625 -16.000 -54.547 -13.375 -16.000 -54.022
2 24 -8.204 0.000 34.933 -9.088 0.000 35.170
2 24 -9.088 0.000 35.170 -10.000 0.000 35.250
2 24 -5.067 -16.000 -51.796 -4.830 -16.000 -50.912
2 24 -11.796 0.000 25.067 -12.625 0.000 25.453
2 24 -14.933 -20.000 -48.204 -14.547 -20.000 -47.375
2 24 -8.204 -4.000 25.067 -7.375 -4.000 25.453
2 24 -12.625 -4.000 25.453 -13.375 -4.000 25.978
2 24 -12.625 -20.000 -54.547 -13.375 -20.000 -54.022
2 24 -12.084 0.000 39.818 -10.000 0.000 40.000
2 24 -9.088 -4.000 35.170 -10.000 -4.000 35.250
2 24 -8.204 -4.000 34.933 -9.088 -4.000 35.170
2 24 -5.067 -20.000 -51.796 -4.830 -20.000 -50.912
2 24 -7.916 0.000 39.818 -10.000 0.000 40.000
2 24 -2.287 0.000 37.193 -4.000 0.000 38.392
2 24 -22.000 0.000 28.000 -21.818 0.000 30.084
2 24 -21.818 0.000 30.084 -21.276 0.000 32.104
2 24 -20.392 -4.000 34.000 -19.193 -4.000 35.713
2 24 -22.000 0.000 10.000 -22.000 0.000 28.000
2 24 -15.250 -4.000 30.000 -15.170 -4.000 30.912
2 24 -15.170 -4.000 30.912 -14.933 -4.000 31.796
2 24 -13.375 -4.000 25.978 -14.022 -4.000 26.625
2 24 -0.807 -4.000 35.713 -2.287 -4.000 37.193
2 24 -5.978 -4.000 33.375 -6.625 -4.000 34.022
2 24 -5.067 0.000 28.204 -4.830 0.000 29.088
2 24 -13.375 0.000 34.022 -12.625 0.000 34.547
2 24 -12.625 -4.000 34.547 -11.796 -4.000 34.933
2 24 2.000 -4.000 10.757 2.000 -4.000 28.000
2 24 -13.375 0.000 25.978 -14.022 0.000 26.625
2 24 -11.796 -4.000 34.933 -10.912 -4.000 35.170
2 24 -0.807 0.000 35.713 -2.287 0.000 37.193
2 24 -5.978 0.000 33.375 -6.625 0.000 34.022
2 24 -12.625 0.000 34.547 -11.796 0.000 34.933
2 24 -7.375 -4.000 34.547 -8.204 -4.000 34.933
2 24 2.000 0.000 10.000 2.000 0.000 28.000
2 24 -14.022 -4.000 26.625 -14.547 -4.000 27.375
2 24 -5.067 -4.000 31.796 -5.453 -4.000 32.625
2 24 -22.000 -4.000 28.000 -21.818 -4.000 30.084
2 24 -21.818 -4.000 30.084 -21.276 -4.000 32.104
2 24 -22.000 -4.000 10.757 -22.000 -4.000 28.000
2 24 -14.022 0.000 26.625 -14.547 0.000 27.375
2 24 0.392 -4.000 34.000 -0.807 -4.000 35.713
2 24 -5.453 -4.000 27.375 -5.067 -4.000 28.204
2 24 2.000 -4.000 28.000 1.818 -4.000 30.084
2 24 -5.067 0.000 31.796 -5.453 0.000 32.625
2 24 -22.000 -16.000 -30.757 -22.000 0.000 10.000
2 24 -14.547 -4.000 27.375 -14.933 -4.000 28.204
2 24 -14.933 0.000 28.204 -15.170 0.000 29.088
2 24 -15.250 -20.000 -50.000 -15.170 -20.000 -49.088
2 24 -5.453 -16.000 -47.375 -5.978 -16.000 -46.625
2 24 -14.547 0.000 27.375 -14.933 0.000 28.204
2 24 -22.000 -20.000 -30.000 -22.000 -4.000 10.757
2 24 -4.830 -4.000 29.088 -4.750 -4.000 30.000
2 24 -15.250 -16.000 -50.000 -15.170 -16.000 -49.088
2 24 -14.022 -16.000 -53.375 -14.547 -16.000 -52.625
2 24 -21.276 -4.000 32.104 -20.392 -4.000 34.000
2 24 -14.547 -4.000 32.625 -14.022 -4.000 33.375
2 24 -19.193 0.000 35.713 -17.713 0.000 37.193
2 24 2.000 -16.000 -48.000 2.000 -16.000 -30.757
2 24 -4.750 -20.000 -50.000 -4.830 -20.000 -49.088
2 24 -4.750 -16.000 -50.000 -4.830 -16.000 -49.088
2 24 -14.933 0.000 31.796 -14.547 0.000 32.625
2 24 -17.713 -4.000 37.193 -16.000 -4.000 38.392
2 24 -14.547 0.000 32.625 -14.022 0.000 33.375
2 24 -14.022 -4.000 33.375 -13.375 -4.000 34.022
2 24 -15.170 -20.000 -49.088 -14.933 -20.000 -48.204
2 24 -14.022 0.000 33.375 -13.375 0.000 34.022
2 24 -5.067 -4.000 28.204 -4.830 -4.000 29.088
2 24 -13.375 -4.000 34.022 -12.625 -4.000 34.547
2 24 -15.170 -16.000 -49.088 -14.933 -16.000 -48.204
2 24 -11.796 0.000 34.933 -10.912 0.000 35.170
2 24 -10.912 -4.000 35.170 -10.000 -4.000 35.250
2 24 -16.000 -20.000 -58.392 -17.713 -20.000 -57.193
2 24 -4.000 0.000 38.392 -5.896 0.000 39.276
2 24 -5.896 0.000 39.276 -7.916 0.000 39.818
2 24 -6.625 0.000 34.022 -7.375 0.000 34.547
2 24 -6.625 -16.000 -45.978 -7.375 -16.000 -45.453
2 24 -10.912 0.000 35.170 -10.000 0.000 35.250
2 24 -16.000 -16.000 -58.392 -17.713 -16.000 -57.193
2 24 -22.000 -20.000 -48.000 -22.000 -20.000 -30.000
2 24 -19.193 -16.000 -55.713 -20.392 -16.000 -54.000
2 24 -5.453 -20.000 -47.375 -5.978 -20.000 -46.625
2 24 -14.933 -16.000 -51.796 -15.170 -16.000 -50.912
2 24 -21.818 -16.000 -50.084 -22.000 -16.000 -48.000
2 24 -21.276 0.000 32.104 -20.392 0.000 34.000
2 24 -14.022 -20.000 -53.375 -14.547 -20.000 -52.625
2 24 -14.547 -16.000 -52.625 -14.933 -16.000 -51.796
2 24 -15.170 -20.000 -50.912 -15.250 -20.000 -50.000
2 24 -4.830 -16.000 -49.088 -5.067 -16.000 -48.204
2 24 -5.067 -16.000 -48.204 -5.453 -16.000 -47.375
2 24 -22.000 -16.000 -48.000 -22.000 -16.000 -30.757
2 24 -17.713 0.000 37.193 -16.000 0.000 38.392
2 24 1.818 -20.000 -50.084 2.000 -20.000 -48.000
2 24 -4.750 -4.000 30.000 -4.830 -4.000 30.912
2 24 -16.000 -4.000 38.392 -14.104 -4.000 39.276
2 24 -4.830 -4.000 30.912 -5.067 -4.000 31.796
2 24 -16.000 0.000 38.392 -14.104 0.000 39.276
2 24 -14.104 -4.000 39.276 -12.084 -4.000 39.818
2 24 1.276 -4.000 32.104 0.392 -4.000 34.000
2 24 -5.453 -4.000 32.625 -5.978 -4.000 33.375
2 24 -4.750 0.000 30.000 -4.830 0.000 30.912
2 24 -4.830 0.000 30.912 -5.067 0.000 31.796
2 24 -14.104 0.000 39.276 -12.084 0.000 39.818
2 24 -5.896 -4.000 39.276 -7.916 -4.000 39.818
2 24 -4.000 -4.000 38.392 -5.896 -4.000 39.276
2 24 1.276 0.000 32.104 0.392 0.000 34.000
2 24 -5.453 0.000 32.625 -5.978 0.000 33.375
2 24 -12.084 -4.000 39.818 -10.000 -4.000 40.000
2 24 -7.916 -4.000 39.818 -10.000 -4.000 40.000
2 24 -2.287 -4.000 37.193 -4.000 -4.000 38.392
2 24 -10.000 -20.000 -55.250 -10.912 -20.000 -55.170
2 24 -13.375 -20.000 -45.978 -12.625 -20.000 -45.453
2 24 -10.000 -16.000 -55.250 -10.912 -16.000 -55.170
2 24 -13.375 -16.000 -45.978 -12.625 -16.000 -45.453
2 24 -10.000 -20.000 -60.000 -12.084 -20.000 -59.818
2 24 -10.912 -20.000 -55.170 -11.796 -20.000 -54.933
2 24 -0.807 -16.000 -55.713 0.392 -16.000 -54.000
2 24 -9.088 -20.000 -44.830 -10.000 -20.000 -44.750
2 24 -9.088 -16.000 -44.830 -10.000 -16.000 -44.750
2 24 -10.912 -16.000 -55.170 -11.796 -16.000 -54.933
2 24 -12.084 -20.000 -59.818 -14.104 -20.000 -59.276
2 24 -14.022 -20.000 -46.625 -13.375 -20.000 -45.978
2 24 -11.796 -20.000 -54.933 -12.625 -20.000 -54.547
2 24 -5.453 -20.000 -52.625 -5.067 -20.000 -51.796
2 24 -11.796 -16.000 -54.933 -12.625 -16.000 -54.547
2 24 -5.453 -16.000 -52.625 -5.067 -16.000 -51.796
2 24 -5.978 -20.000 -53.375 -5.453 -20.000 -52.625
2 24 -14.022 -16.000 -46.625 -13.375 -16.000 -45.978
2 24 -14.547 -20.000 -52.625 -14.933 -20.000 -51.796
2 24 -12.084 -16.000 -59.818 -14.104 -16.000 -59.276
2 24 -14.933 -20.000 -51.796 -15.170 -20.000 -50.912
2 24 -21.276 -16.000 -52.104 -21.818 -16.000 -50.084
2 24 -21.818 -20.000 -50.084 -22.000 -20.000 -48.000
2 24 -14.104 -16.000 -59.276 -16.000 -16.000 -58.392
2 24 -0.807 -20.000 -55.713 0.392 -20.000 -54.000
2 24 -15.170 -16.000 -50.912 -15.250 -16.000 -50.000
2 24 1.818 -16.000 -50.084 2.000 -16.000 -48.000
2 24 -14.933 -16.000 -48.204 -14.547 -16.000 -47.375
2 24 2.000 -20.000 -30.000 2.000 -4.000 10.757
2 24 -10.000 -4.000 24.750 -9.088 -4.000 24.830
2 24 -8.204 0.000 25.067 -7.375 0.000 25.453
2 24 -14.547 -20.000 -47.375 -14.022 -20.000 -46.625
2 24 0.392 -20.000 -54.000 1.276 -20.000 -52.104
2 24 -5.978 -16.000 -53.375 -5.453 -16.000 -52.625
2 24 -14.547 -16.000 -47.375 -14.022 -16.000 -46.625
2 24 0.392 -16.000 -54.000 1.276 -16.000 -52.104
2 24 -12.625 -20.000 -45.453 -11.796 -20.000 -45.067
2 24 -10.912 -16.000 -44.830 -10.000 -16.000 -44.750
2 24 -12.625 -16.000 -45.453 -11.796 -16.000 -45.067
2 24 -11.796 -20.000 -45.067 -10.912 -20.000 -44.830
2 24 -2.287 -16.000 -57.193 -0.807 -16.000 -55.713
2 24 -11.796 -16.000 -45.067 -10.912 -16.000 -44.830
2 24 -7.375 -20.000 -54.547 -6.625 -20.000 -54.022
2 24 -10.912 -20.000 -44.830 -10.000 -20.000 -44.750
2 24 -8.204 -20.000 -54.933 -7.375 -20.000 -54.547
2 24 -9.088 -20.000 -55.170 -8.204 -20.000 -54.933
2 24 -5.896 -20.000 -59.276 -4.000 -20.000 -58.392
2 24 -7.916 -20.000 -59.818 -5.896 -20.000 -59.276
2 24 -5.896 -16.000 -59.276 -4.000 -16.000 -58.392
2 24 -7.916 -16.000 -59.818 -5.896 -16.000 -59.276
2 24 -2.287 -20.000 -57.193 -0.807 -20.000 -55.713
2 24 -4.000 -20.000 -58.392 -2.287 -20.000 -57.193
2 24 -10.000 -20.000 -60.000 -7.916 -20.000 -59.818
2 24 -4.000 -16.000 -58.392 -2.287 -16.000 -57.193
2 24 -10.000 -16.000 -60.000 -7.916 -16.000 -59.818
2 24 -10.000 -16.000 -60.000 -12.084 -16.000 -59.818
2 24 -14.104 -20.000 -59.276 -16.000 -20.000 -58.392
2 24 -9.088 0.000 24.830 -8.204 0.000 25.067
2 24 -19.193 -20.000 -55.713 -20.392 -20.000 -54.000
2 24 -20.392 -20.000 -54.000 -21.276 -20.000 -52.104
2 24 -20.392 -16.000 -54.000 -21.276 -16.000 -52.104
2 24 -21.276 -20.000 -52.104 -21.818 -20.000 -50.084
2 24 -8.204 -16.000 -45.067 -9.088 -16.000 -44.830
2 24 1.818 -4.000 30.084 1.276 -4.000 32.104
2 24 -4.830 0.000 29.088 -4.750 0.000 30.000
2 24 -7.375 -4.000 25.453 -6.625 -4.000 25.978
2 24 -6.625 0.000 25.978 -5.978 0.000 26.625
2 24 -6.625 -4.000 34.022 -7.375 -4.000 34.547
2 24 -6.625 -20.000 -45.978 -7.375 -20.000 -45.453
2 24 1.818 0.000 30.084 1.276 0.000 32.104
2 24 -5.978 -4.000 26.625 -5.453 -4.000 27.375
2 24 -5.453 0.000 27.375 -5.067 0.000 28.204
2 24 0.392 0.000 34.000 -0.807 0.000 35.713
2 24 -4.830 -16.000 -50.912 -4.750 -16.000 -50.000
2 24 -7.375 0.000 34.547 -8.204 0.000 34.933
2 24 -6.625 -4.000 25.978 -5.978 -4.000 26.625
2 24 -5.978 0.000 26.625 -5.453 0.000 27.375
2 24 -8.204 -20.000 -45.067 -9.088 -20.000 -44.830
2 24 -7.375 -20.000 -45.453 -8.204 -20.000 -45.067
2 24 2.000 -16.000 -30.757 2.000 0.000 10.000
2 24 -5.067 -20.000 -48.204 -5.453 -20.000 -47.375
2 24 -4.830 -20.000 -49.088 -5.067 -20.000 -48.204
2 24 -7.375 -16.000 -45.453 -8.204 -16.000 -45.067
2 24 -6.625 -20.000 -54.022 -5.978 -20.000 -53.375
2 24 -10.000 -20.000 -55.250 -9.088 -20.000 -55.170
2 24 -7.375 -16.000 -54.547 -6.625 -16.000 -54.022
2 24 2.000 0.000 28.000 1.818 0.000 30.084
2 24 -10.000 0.000 24.750 -9.088 0.000 24.830
2 24 -6.625 -16.000 -54.022 -5.978 -16.000 -53.375
2 24 -10.000 -16.000 -55.250 -9.088 -16.000 -55.170
2 24 -9.088 -16.000 -55.170 -8.204 -16.000 -54.933
2 24 -8.204 -16.000 -54.933 -7.375 -16.000 -54.547
