0 FILE MX08-0017.dat
0 6mm Bearing Tube - 30mm
0 Name:  MX08-0017.dat
0 Author:  
0 BL_Item_No 08-0017
0 BFC CERTIFY CCW
3 16 -5.695 -75.000 28.175 -2.736 -75.000 32.482 -4.000 -75.000 33.072
3 16 -5.695 -75.000 28.175 -3.869 -75.000 27.458 -2.736 -75.000 32.482
3 16 -3.869 -75.000 27.458 -1.389 -75.000 32.122 -2.736 -75.000 32.482
3 16 -3.869 -75.000 27.458 -1.956 -75.000 27.022 -1.389 -75.000 32.122
3 16 -1.956 -75.000 27.022 0.000 -75.000 32.000 -1.389 -75.000 32.122
3 16 -1.956 -75.000 27.022 0.000 -75.000 26.875 0.000 -75.000 32.000
3 16 0.000 -75.000 26.875 1.389 -75.000 32.122 0.000 -75.000 32.000
3 16 0.000 -75.000 26.875 1.956 -75.000 27.022 1.389 -75.000 32.122
3 16 1.956 -75.000 27.022 2.736 -75.000 32.482 1.389 -75.000 32.122
3 16 1.956 -75.000 27.022 3.869 -75.000 27.458 2.736 -75.000 32.482
3 16 3.869 -75.000 27.458 4.000 -75.000 33.072 2.736 -75.000 32.482
3 16 -13.088 -75.000 39.019 -7.878 -75.000 38.611 -8.000 -75.000 40.000
3 16 -13.088 -75.000 39.019 -12.796 -75.000 37.079 -7.878 -75.000 38.611
3 16 -12.796 -75.000 37.079 -7.518 -75.000 37.264 -7.878 -75.000 38.611
3 16 -12.796 -75.000 37.079 -12.218 -75.000 35.205 -7.518 -75.000 37.264
3 16 -12.218 -75.000 35.205 -6.928 -75.000 36.000 -7.518 -75.000 37.264
3 16 -12.218 -75.000 35.205 -11.367 -75.000 33.438 -6.928 -75.000 36.000
3 16 -11.367 -75.000 33.438 -6.128 -75.000 34.858 -6.928 -75.000 36.000
3 16 -11.367 -75.000 33.438 -10.262 -75.000 31.817 -6.128 -75.000 34.858
3 16 -10.262 -75.000 31.817 -5.142 -75.000 33.872 -6.128 -75.000 34.858
3 16 -10.262 -75.000 31.817 -8.927 -75.000 30.379 -5.142 -75.000 33.872
3 16 -8.927 -75.000 30.379 -4.000 -75.000 33.072 -5.142 -75.000 33.872
3 16 -8.927 -75.000 30.379 -7.394 -75.000 29.156 -4.000 -75.000 33.072
3 16 -7.394 -75.000 29.156 -5.695 -75.000 28.175 -4.000 -75.000 33.072
3 16 5.695 -75.000 28.175 4.000 -75.000 33.072 3.869 -75.000 27.458
3 16 5.695 -75.000 28.175 7.394 -75.000 29.156 4.000 -75.000 33.072
3 16 7.394 -75.000 29.156 5.142 -75.000 33.872 4.000 -75.000 33.072
3 16 7.394 -75.000 29.156 8.927 -75.000 30.379 5.142 -75.000 33.872
3 16 8.927 -75.000 30.379 6.128 -75.000 34.858 5.142 -75.000 33.872
3 16 8.927 -75.000 30.379 10.262 -75.000 31.817 6.128 -75.000 34.858
3 16 10.262 -75.000 31.817 6.928 -75.000 36.000 6.128 -75.000 34.858
3 16 10.262 -75.000 31.817 11.367 -75.000 33.438 6.928 -75.000 36.000
3 16 11.367 -75.000 33.438 7.518 -75.000 37.264 6.928 -75.000 36.000
3 16 11.367 -75.000 33.438 12.218 -75.000 35.205 7.518 -75.000 37.264
3 16 12.218 -75.000 35.205 7.878 -75.000 38.611 7.518 -75.000 37.264
3 16 12.218 -75.000 35.205 12.796 -75.000 37.079 7.878 -75.000 38.611
3 16 12.796 -75.000 37.079 8.000 -75.000 40.000 7.878 -75.000 38.611
3 16 -7.394 -75.000 50.844 -5.142 -75.000 46.128 -4.000 -75.000 46.928
3 16 -7.394 -75.000 50.844 -8.927 -75.000 49.621 -5.142 -75.000 46.128
3 16 -8.927 -75.000 49.621 -6.128 -75.000 45.142 -5.142 -75.000 46.128
3 16 -8.927 -75.000 49.621 -10.262 -75.000 48.183 -6.128 -75.000 45.142
3 16 -10.262 -75.000 48.183 -6.928 -75.000 44.000 -6.128 -75.000 45.142
3 16 -10.262 -75.000 48.183 -11.367 -75.000 46.563 -6.928 -75.000 44.000
3 16 -11.367 -75.000 46.563 -7.518 -75.000 42.736 -6.928 -75.000 44.000
3 16 -11.367 -75.000 46.563 -12.218 -75.000 44.795 -7.518 -75.000 42.736
3 16 -12.218 -75.000 44.795 -7.878 -75.000 41.389 -7.518 -75.000 42.736
3 16 -12.218 -75.000 44.795 -12.796 -75.000 42.921 -7.878 -75.000 41.389
3 16 -12.796 -75.000 42.921 -8.000 -75.000 40.000 -7.878 -75.000 41.389
3 16 -12.796 -75.000 42.921 -13.088 -75.000 40.981 -8.000 -75.000 40.000
3 16 -13.088 -75.000 40.981 -13.088 -75.000 39.019 -8.000 -75.000 40.000
3 16 5.695 -75.000 51.825 2.736 -75.000 47.518 4.000 -75.000 46.928
3 16 5.695 -75.000 51.825 3.869 -75.000 52.542 2.736 -75.000 47.518
3 16 3.869 -75.000 52.542 1.389 -75.000 47.878 2.736 -75.000 47.518
3 16 3.869 -75.000 52.542 1.956 -75.000 52.978 1.389 -75.000 47.878
3 16 1.956 -75.000 52.978 0.000 -75.000 48.000 1.389 -75.000 47.878
3 16 1.956 -75.000 52.978 0.000 -75.000 53.125 0.000 -75.000 48.000
3 16 0.000 -75.000 53.125 -1.389 -75.000 47.878 0.000 -75.000 48.000
3 16 0.000 -75.000 53.125 -1.956 -75.000 52.978 -1.389 -75.000 47.878
3 16 -1.956 -75.000 52.978 -2.736 -75.000 47.518 -1.389 -75.000 47.878
3 16 -1.956 -75.000 52.978 -3.869 -75.000 52.542 -2.736 -75.000 47.518
3 16 -3.869 -75.000 52.542 -4.000 -75.000 46.928 -2.736 -75.000 47.518
3 16 -3.869 -75.000 52.542 -5.695 -75.000 51.825 -4.000 -75.000 46.928
3 16 -5.695 -75.000 51.825 -7.394 -75.000 50.844 -4.000 -75.000 46.928
3 16 13.088 -75.000 39.019 8.000 -75.000 40.000 12.796 -75.000 37.079
3 16 13.088 -75.000 39.019 13.088 -75.000 40.981 8.000 -75.000 40.000
3 16 13.088 -75.000 40.981 7.878 -75.000 41.389 8.000 -75.000 40.000
3 16 13.088 -75.000 40.981 12.796 -75.000 42.921 7.878 -75.000 41.389
3 16 12.796 -75.000 42.921 7.518 -75.000 42.736 7.878 -75.000 41.389
3 16 12.796 -75.000 42.921 12.218 -75.000 44.795 7.518 -75.000 42.736
3 16 12.218 -75.000 44.795 6.928 -75.000 44.000 7.518 -75.000 42.736
3 16 12.218 -75.000 44.795 11.367 -75.000 46.563 6.928 -75.000 44.000
3 16 11.367 -75.000 46.563 6.128 -75.000 45.142 6.928 -75.000 44.000
3 16 11.367 -75.000 46.563 10.262 -75.000 48.183 6.128 -75.000 45.142
3 16 10.262 -75.000 48.183 5.142 -75.000 46.128 6.128 -75.000 45.142
3 16 10.262 -75.000 48.183 8.927 -75.000 49.621 5.142 -75.000 46.128
3 16 8.927 -75.000 49.621 4.000 -75.000 46.928 5.142 -75.000 46.128
3 16 8.927 -75.000 49.621 7.394 -75.000 50.844 4.000 -75.000 46.928
3 16 7.394 -75.000 50.844 5.695 -75.000 51.825 4.000 -75.000 46.928
3 16 13.088 0.000 40.981 8.000 0.000 40.000 7.878 0.000 41.389
3 16 13.088 0.000 40.981 13.088 0.000 39.019 8.000 0.000 40.000
3 16 13.088 0.000 39.019 7.878 0.000 38.611 8.000 0.000 40.000
3 16 13.088 0.000 39.019 12.796 0.000 37.079 7.878 0.000 38.611
3 16 12.796 0.000 37.079 7.518 0.000 37.264 7.878 0.000 38.611
3 16 12.796 0.000 37.079 12.218 0.000 35.205 7.518 0.000 37.264
3 16 12.218 0.000 35.205 6.928 0.000 36.000 7.518 0.000 37.264
3 16 12.218 0.000 35.205 11.367 0.000 33.438 6.928 0.000 36.000
3 16 11.367 0.000 33.438 6.128 0.000 34.858 6.928 0.000 36.000
3 16 11.367 0.000 33.438 10.262 0.000 31.817 6.128 0.000 34.858
3 16 10.262 0.000 31.817 5.142 0.000 33.872 6.128 0.000 34.858
3 16 10.262 0.000 31.817 8.927 0.000 30.379 5.142 0.000 33.872
3 16 8.927 0.000 30.379 4.000 0.000 33.072 5.142 0.000 33.872
3 16 -7.394 0.000 29.156 -5.142 0.000 33.872 -4.000 0.000 33.072
3 16 -7.394 0.000 29.156 -8.927 0.000 30.379 -5.142 0.000 33.872
3 16 -8.927 0.000 30.379 -6.128 0.000 34.858 -5.142 0.000 33.872
3 16 -8.927 0.000 30.379 -10.262 0.000 31.817 -6.128 0.000 34.858
3 16 -10.262 0.000 31.817 -6.928 0.000 36.000 -6.128 0.000 34.858
3 16 -10.262 0.000 31.817 -11.367 0.000 33.438 -6.928 0.000 36.000
3 16 -11.367 0.000 33.438 -7.518 0.000 37.264 -6.928 0.000 36.000
3 16 -11.367 0.000 33.438 -12.218 0.000 35.205 -7.518 0.000 37.264
3 16 -12.218 0.000 35.205 -7.878 0.000 38.611 -7.518 0.000 37.264
3 16 -12.218 0.000 35.205 -12.796 0.000 37.079 -7.878 0.000 38.611
3 16 -12.796 0.000 37.079 -8.000 0.000 40.000 -7.878 0.000 38.611
3 16 -5.695 0.000 51.825 -2.736 0.000 47.518 -4.000 0.000 46.928
3 16 -5.695 0.000 51.825 -3.869 0.000 52.542 -2.736 0.000 47.518
3 16 -3.869 0.000 52.542 -1.389 0.000 47.878 -2.736 0.000 47.518
3 16 -3.869 0.000 52.542 -1.956 0.000 52.978 -1.389 0.000 47.878
3 16 -1.956 0.000 52.978 0.000 0.000 48.000 -1.389 0.000 47.878
3 16 -1.956 0.000 52.978 0.000 0.000 53.125 0.000 0.000 48.000
3 16 0.000 0.000 53.125 1.389 0.000 47.878 0.000 0.000 48.000
3 16 0.000 0.000 53.125 1.956 0.000 52.978 1.389 0.000 47.878
3 16 1.956 0.000 52.978 2.736 0.000 47.518 1.389 0.000 47.878
3 16 7.394 0.000 29.156 4.000 0.000 33.072 8.927 0.000 30.379
3 16 7.394 0.000 29.156 5.695 0.000 28.175 4.000 0.000 33.072
3 16 5.695 0.000 28.175 2.736 0.000 32.482 4.000 0.000 33.072
3 16 5.695 0.000 28.175 3.869 0.000 27.458 2.736 0.000 32.482
3 16 3.869 0.000 27.458 1.389 0.000 32.122 2.736 0.000 32.482
3 16 3.869 0.000 27.458 1.956 0.000 27.022 1.389 0.000 32.122
3 16 1.956 0.000 27.022 0.000 0.000 32.000 1.389 0.000 32.122
3 16 1.956 0.000 27.022 0.000 0.000 26.875 0.000 0.000 32.000
3 16 0.000 0.000 26.875 -1.389 0.000 32.122 0.000 0.000 32.000
3 16 0.000 0.000 26.875 -1.956 0.000 27.022 -1.389 0.000 32.122
3 16 -1.956 0.000 27.022 -2.736 0.000 32.482 -1.389 0.000 32.122
3 16 -1.956 0.000 27.022 -3.869 0.000 27.458 -2.736 0.000 32.482
3 16 -3.869 0.000 27.458 -4.000 0.000 33.072 -2.736 0.000 32.482
3 16 -3.869 0.000 27.458 -5.695 0.000 28.175 -4.000 0.000 33.072
3 16 -5.695 0.000 28.175 -7.394 0.000 29.156 -4.000 0.000 33.072
3 16 -13.088 0.000 39.019 -8.000 0.000 40.000 -12.796 0.000 37.079
3 16 -13.088 0.000 39.019 -13.088 0.000 40.981 -8.000 0.000 40.000
3 16 -13.088 0.000 40.981 -7.878 0.000 41.389 -8.000 0.000 40.000
3 16 -13.088 0.000 40.981 -12.796 0.000 42.921 -7.878 0.000 41.389
3 16 -12.796 0.000 42.921 -7.518 0.000 42.736 -7.878 0.000 41.389
3 16 -12.796 0.000 42.921 -12.218 0.000 44.795 -7.518 0.000 42.736
3 16 -12.218 0.000 44.795 -6.928 0.000 44.000 -7.518 0.000 42.736
3 16 -12.218 0.000 44.795 -11.367 0.000 46.563 -6.928 0.000 44.000
3 16 -11.367 0.000 46.563 -6.128 0.000 45.142 -6.928 0.000 44.000
3 16 -11.367 0.000 46.563 -10.262 0.000 48.183 -6.128 0.000 45.142
3 16 -10.262 0.000 48.183 -5.142 0.000 46.128 -6.128 0.000 45.142
3 16 -10.262 0.000 48.183 -8.927 0.000 49.621 -5.142 0.000 46.128
3 16 -8.927 0.000 49.621 -4.000 0.000 46.928 -5.142 0.000 46.128
3 16 -8.927 0.000 49.621 -7.394 0.000 50.844 -4.000 0.000 46.928
3 16 -7.394 0.000 50.844 -5.695 0.000 51.825 -4.000 0.000 46.928
3 16 3.869 0.000 52.542 2.736 0.000 47.518 1.956 0.000 52.978
3 16 3.869 0.000 52.542 5.695 0.000 51.825 2.736 0.000 47.518
3 16 5.695 0.000 51.825 4.000 0.000 46.928 2.736 0.000 47.518
3 16 5.695 0.000 51.825 7.394 0.000 50.844 4.000 0.000 46.928
3 16 7.394 0.000 50.844 5.142 0.000 46.128 4.000 0.000 46.928
3 16 7.394 0.000 50.844 8.927 0.000 49.621 5.142 0.000 46.128
3 16 8.927 0.000 49.621 6.128 0.000 45.142 5.142 0.000 46.128
3 16 8.927 0.000 49.621 10.262 0.000 48.183 6.128 0.000 45.142
3 16 10.262 0.000 48.183 6.928 0.000 44.000 6.128 0.000 45.142
3 16 10.262 0.000 48.183 11.367 0.000 46.563 6.928 0.000 44.000
3 16 11.367 0.000 46.563 7.518 0.000 42.736 6.928 0.000 44.000
3 16 11.367 0.000 46.563 12.218 0.000 44.795 7.518 0.000 42.736
3 16 12.218 0.000 44.795 7.878 0.000 41.389 7.518 0.000 42.736
3 16 12.218 0.000 44.795 12.796 0.000 42.921 7.878 0.000 41.389
3 16 12.796 0.000 42.921 13.088 0.000 40.981 7.878 0.000 41.389
3 16 1.956 -75.000 52.978 1.956 0.000 52.978 0.000 0.000 53.125
3 16 1.956 -75.000 52.978 3.869 -75.000 52.542 1.956 0.000 52.978
3 16 3.869 -75.000 52.542 3.869 0.000 52.542 1.956 0.000 52.978
3 16 3.869 -75.000 52.542 5.695 -75.000 51.825 3.869 0.000 52.542
3 16 5.695 -75.000 51.825 5.695 0.000 51.825 3.869 0.000 52.542
3 16 5.695 -75.000 51.825 7.394 -75.000 50.844 5.695 0.000 51.825
3 16 7.394 -75.000 50.844 7.394 0.000 50.844 5.695 0.000 51.825
3 16 7.394 -75.000 50.844 8.927 -75.000 49.621 7.394 0.000 50.844
3 16 8.927 -75.000 49.621 8.927 0.000 49.621 7.394 0.000 50.844
3 16 8.927 -75.000 49.621 10.262 -75.000 48.183 8.927 0.000 49.621
3 16 10.262 -75.000 48.183 10.262 0.000 48.183 8.927 0.000 49.621
3 16 10.262 -75.000 48.183 11.367 -75.000 46.563 10.262 0.000 48.183
3 16 11.367 -75.000 46.563 11.367 0.000 46.563 10.262 0.000 48.183
3 16 11.367 -75.000 46.563 12.218 -75.000 44.795 11.367 0.000 46.563
3 16 12.218 -75.000 44.795 12.218 0.000 44.795 11.367 0.000 46.563
3 16 12.218 -75.000 44.795 12.796 -75.000 42.921 12.218 0.000 44.795
3 16 12.796 -75.000 42.921 12.796 0.000 42.921 12.218 0.000 44.795
3 16 12.796 -75.000 42.921 13.088 -75.000 40.981 12.796 0.000 42.921
3 16 13.088 -75.000 40.981 13.088 0.000 40.981 12.796 0.000 42.921
3 16 13.088 -75.000 40.981 13.088 -75.000 39.019 13.088 0.000 40.981
3 16 13.088 -75.000 39.019 13.088 0.000 39.019 13.088 0.000 40.981
3 16 13.088 -75.000 39.019 12.796 -75.000 37.079 13.088 0.000 39.019
3 16 12.796 -75.000 37.079 12.796 0.000 37.079 13.088 0.000 39.019
3 16 12.796 -75.000 37.079 12.218 -75.000 35.205 12.796 0.000 37.079
3 16 12.218 -75.000 35.205 12.218 0.000 35.205 12.796 0.000 37.079
3 16 12.218 -75.000 35.205 11.367 -75.000 33.438 12.218 0.000 35.205
3 16 11.367 -75.000 33.438 11.367 0.000 33.438 12.218 0.000 35.205
3 16 11.367 -75.000 33.438 10.262 -75.000 31.817 11.367 0.000 33.438
3 16 10.262 -75.000 31.817 10.262 0.000 31.817 11.367 0.000 33.438
3 16 10.262 -75.000 31.817 8.927 -75.000 30.379 10.262 0.000 31.817
3 16 8.927 -75.000 30.379 8.927 0.000 30.379 10.262 0.000 31.817
3 16 8.927 -75.000 30.379 7.394 -75.000 29.156 8.927 0.000 30.379
3 16 7.394 -75.000 29.156 7.394 0.000 29.156 8.927 0.000 30.379
3 16 7.394 -75.000 29.156 5.695 -75.000 28.175 7.394 0.000 29.156
3 16 5.695 -75.000 28.175 5.695 0.000 28.175 7.394 0.000 29.156
3 16 5.695 -75.000 28.175 3.869 -75.000 27.458 5.695 0.000 28.175
3 16 3.869 -75.000 27.458 3.869 0.000 27.458 5.695 0.000 28.175
3 16 3.869 -75.000 27.458 1.956 -75.000 27.022 3.869 0.000 27.458
3 16 1.956 -75.000 27.022 1.956 0.000 27.022 3.869 0.000 27.458
3 16 1.956 -75.000 27.022 0.000 -75.000 26.875 1.956 0.000 27.022
3 16 0.000 -75.000 26.875 0.000 0.000 26.875 1.956 0.000 27.022
3 16 0.000 -75.000 26.875 -1.956 -75.000 27.022 0.000 0.000 26.875
3 16 -1.956 -75.000 27.022 -1.956 0.000 27.022 0.000 0.000 26.875
3 16 -1.956 -75.000 27.022 -3.869 -75.000 27.458 -1.956 0.000 27.022
3 16 -3.869 -75.000 27.458 -3.869 0.000 27.458 -1.956 0.000 27.022
3 16 -3.869 -75.000 27.458 -5.695 -75.000 28.175 -3.869 0.000 27.458
3 16 -5.695 -75.000 28.175 -5.695 0.000 28.175 -3.869 0.000 27.458
3 16 -5.695 -75.000 28.175 -7.394 -75.000 29.156 -5.695 0.000 28.175
3 16 -7.394 -75.000 29.156 -7.394 0.000 29.156 -5.695 0.000 28.175
3 16 -7.394 -75.000 29.156 -8.927 -75.000 30.379 -7.394 0.000 29.156
3 16 -8.927 -75.000 30.379 -8.927 0.000 30.379 -7.394 0.000 29.156
3 16 -8.927 -75.000 30.379 -10.262 -75.000 31.817 -8.927 0.000 30.379
3 16 -10.262 -75.000 31.817 -10.262 0.000 31.817 -8.927 0.000 30.379
3 16 -10.262 -75.000 31.817 -11.367 -75.000 33.438 -10.262 0.000 31.817
3 16 -11.367 -75.000 33.438 -11.367 0.000 33.438 -10.262 0.000 31.817
3 16 -11.367 -75.000 33.438 -12.218 -75.000 35.205 -11.367 0.000 33.438
3 16 -12.218 -75.000 35.205 -12.218 0.000 35.205 -11.367 0.000 33.438
3 16 -12.218 -75.000 35.205 -12.796 -75.000 37.079 -12.218 0.000 35.205
3 16 -12.796 -75.000 37.079 -12.796 0.000 37.079 -12.218 0.000 35.205
3 16 -12.796 -75.000 37.079 -13.088 -75.000 39.019 -12.796 0.000 37.079
3 16 -13.088 -75.000 39.019 -13.088 0.000 39.019 -12.796 0.000 37.079
3 16 -13.088 -75.000 39.019 -13.088 -75.000 40.981 -13.088 0.000 39.019
3 16 -13.088 -75.000 40.981 -13.088 0.000 40.981 -13.088 0.000 39.019
3 16 -13.088 -75.000 40.981 -12.796 -75.000 42.921 -13.088 0.000 40.981
3 16 -12.796 -75.000 42.921 -12.796 0.000 42.921 -13.088 0.000 40.981
3 16 -12.796 -75.000 42.921 -12.218 -75.000 44.795 -12.796 0.000 42.921
3 16 -12.218 -75.000 44.795 -12.218 0.000 44.795 -12.796 0.000 42.921
3 16 -12.218 -75.000 44.795 -11.367 -75.000 46.563 -12.218 0.000 44.795
3 16 -11.367 -75.000 46.563 -11.367 0.000 46.563 -12.218 0.000 44.795
3 16 -11.367 -75.000 46.563 -10.262 -75.000 48.183 -11.367 0.000 46.563
3 16 -10.262 -75.000 48.183 -10.262 0.000 48.183 -11.367 0.000 46.563
3 16 -10.262 -75.000 48.183 -8.927 -75.000 49.621 -10.262 0.000 48.183
3 16 -8.927 -75.000 49.621 -8.927 0.000 49.621 -10.262 0.000 48.183
3 16 -8.927 -75.000 49.621 -7.394 -75.000 50.844 -8.927 0.000 49.621
3 16 -7.394 -75.000 50.844 -7.394 0.000 50.844 -8.927 0.000 49.621
3 16 -7.394 -75.000 50.844 -5.695 -75.000 51.825 -7.394 0.000 50.844
3 16 -5.695 -75.000 51.825 -5.695 0.000 51.825 -7.394 0.000 50.844
3 16 -5.695 -75.000 51.825 -3.869 -75.000 52.542 -5.695 0.000 51.825
3 16 -3.869 -75.000 52.542 -3.869 0.000 52.542 -5.695 0.000 51.825
3 16 -3.869 -75.000 52.542 -1.956 -75.000 52.978 -3.869 0.000 52.542
3 16 -1.956 -75.000 52.978 -1.956 0.000 52.978 -3.869 0.000 52.542
3 16 -1.956 -75.000 52.978 0.000 -75.000 53.125 -1.956 0.000 52.978
3 16 0.000 -75.000 53.125 0.000 0.000 53.125 -1.956 0.000 52.978
3 16 0.000 -75.000 53.125 1.956 -75.000 52.978 0.000 0.000 53.125
3 16 0.000 -0.500 47.500 1.302 -74.500 47.386 0.000 -74.500 47.500
3 16 0.000 -0.500 47.500 1.302 -0.500 47.386 1.302 -74.500 47.386
3 16 1.302 -0.500 47.386 2.565 -74.500 47.048 1.302 -74.500 47.386
3 16 1.302 -0.500 47.386 2.565 -0.500 47.048 2.565 -74.500 47.048
3 16 2.565 -0.500 47.048 3.750 -74.500 46.495 2.565 -74.500 47.048
3 16 2.565 -0.500 47.048 3.750 -0.500 46.495 3.750 -74.500 46.495
3 16 3.750 -0.500 46.495 4.821 -74.500 45.745 3.750 -74.500 46.495
3 16 3.750 -0.500 46.495 4.821 -0.500 45.745 4.821 -74.500 45.745
3 16 4.821 -0.500 45.745 5.745 -74.500 44.821 4.821 -74.500 45.745
3 16 4.821 -0.500 45.745 5.745 -0.500 44.821 5.745 -74.500 44.821
3 16 5.745 -0.500 44.821 6.495 -74.500 43.750 5.745 -74.500 44.821
3 16 5.745 -0.500 44.821 6.495 -0.500 43.750 6.495 -74.500 43.750
3 16 6.495 -0.500 43.750 7.048 -74.500 42.565 6.495 -74.500 43.750
3 16 6.495 -0.500 43.750 7.048 -0.500 42.565 7.048 -74.500 42.565
3 16 7.048 -0.500 42.565 7.386 -74.500 41.302 7.048 -74.500 42.565
3 16 7.048 -0.500 42.565 7.386 -0.500 41.302 7.386 -74.500 41.302
3 16 7.386 -0.500 41.302 7.500 -74.500 40.000 7.386 -74.500 41.302
3 16 7.386 -0.500 41.302 7.500 -0.500 40.000 7.500 -74.500 40.000
3 16 7.500 -0.500 40.000 7.386 -74.500 38.698 7.500 -74.500 40.000
3 16 7.500 -0.500 40.000 7.386 -0.500 38.698 7.386 -74.500 38.698
3 16 7.386 -0.500 38.698 7.048 -74.500 37.435 7.386 -74.500 38.698
3 16 7.386 -0.500 38.698 7.048 -0.500 37.435 7.048 -74.500 37.435
3 16 7.048 -0.500 37.435 6.495 -74.500 36.250 7.048 -74.500 37.435
3 16 7.048 -0.500 37.435 6.495 -0.500 36.250 6.495 -74.500 36.250
3 16 6.495 -0.500 36.250 5.745 -74.500 35.179 6.495 -74.500 36.250
3 16 6.495 -0.500 36.250 5.745 -0.500 35.179 5.745 -74.500 35.179
3 16 5.745 -0.500 35.179 4.821 -74.500 34.255 5.745 -74.500 35.179
3 16 5.745 -0.500 35.179 4.821 -0.500 34.255 4.821 -74.500 34.255
3 16 4.821 -0.500 34.255 3.750 -74.500 33.505 4.821 -74.500 34.255
3 16 4.821 -0.500 34.255 3.750 -0.500 33.505 3.750 -74.500 33.505
3 16 3.750 -0.500 33.505 2.565 -74.500 32.952 3.750 -74.500 33.505
3 16 3.750 -0.500 33.505 2.565 -0.500 32.952 2.565 -74.500 32.952
3 16 2.565 -0.500 32.952 1.302 -74.500 32.614 2.565 -74.500 32.952
3 16 2.565 -0.500 32.952 1.302 -0.500 32.614 1.302 -74.500 32.614
3 16 1.302 -0.500 32.614 0.000 -74.500 32.500 1.302 -74.500 32.614
3 16 1.302 -0.500 32.614 0.000 -0.500 32.500 0.000 -74.500 32.500
3 16 0.000 -0.500 32.500 -1.302 -74.500 32.614 0.000 -74.500 32.500
3 16 0.000 -0.500 32.500 -1.302 -0.500 32.614 -1.302 -74.500 32.614
3 16 -1.302 -0.500 32.614 -2.565 -74.500 32.952 -1.302 -74.500 32.614
3 16 -1.302 -0.500 32.614 -2.565 -0.500 32.952 -2.565 -74.500 32.952
3 16 -2.565 -0.500 32.952 -3.750 -74.500 33.505 -2.565 -74.500 32.952
3 16 -2.565 -0.500 32.952 -3.750 -0.500 33.505 -3.750 -74.500 33.505
3 16 -3.750 -0.500 33.505 -4.821 -74.500 34.255 -3.750 -74.500 33.505
3 16 -3.750 -0.500 33.505 -4.821 -0.500 34.255 -4.821 -74.500 34.255
3 16 -4.821 -0.500 34.255 -5.745 -74.500 35.179 -4.821 -74.500 34.255
3 16 -4.821 -0.500 34.255 -5.745 -0.500 35.179 -5.745 -74.500 35.179
3 16 -5.745 -0.500 35.179 -6.495 -74.500 36.250 -5.745 -74.500 35.179
3 16 -5.745 -0.500 35.179 -6.495 -0.500 36.250 -6.495 -74.500 36.250
3 16 -6.495 -0.500 36.250 -7.048 -74.500 37.435 -6.495 -74.500 36.250
3 16 -6.495 -0.500 36.250 -7.048 -0.500 37.435 -7.048 -74.500 37.435
3 16 -7.048 -0.500 37.435 -7.386 -74.500 38.698 -7.048 -74.500 37.435
3 16 -7.048 -0.500 37.435 -7.386 -0.500 38.698 -7.386 -74.500 38.698
3 16 -7.386 -0.500 38.698 -7.500 -74.500 40.000 -7.386 -74.500 38.698
3 16 -7.386 -0.500 38.698 -7.500 -0.500 40.000 -7.500 -74.500 40.000
3 16 -7.500 -0.500 40.000 -7.386 -74.500 41.302 -7.500 -74.500 40.000
3 16 -7.500 -0.500 40.000 -7.386 -0.500 41.302 -7.386 -74.500 41.302
3 16 -7.386 -0.500 41.302 -7.048 -74.500 42.565 -7.386 -74.500 41.302
3 16 -7.386 -0.500 41.302 -7.048 -0.500 42.565 -7.048 -74.500 42.565
3 16 -7.048 -0.500 42.565 -6.495 -74.500 43.750 -7.048 -74.500 42.565
3 16 -7.048 -0.500 42.565 -6.495 -0.500 43.750 -6.495 -74.500 43.750
3 16 -6.495 -0.500 43.750 -5.745 -74.500 44.821 -6.495 -74.500 43.750
3 16 -6.495 -0.500 43.750 -5.745 -0.500 44.821 -5.745 -74.500 44.821
3 16 -5.745 -0.500 44.821 -4.821 -74.500 45.745 -5.745 -74.500 44.821
3 16 -5.745 -0.500 44.821 -4.821 -0.500 45.745 -4.821 -74.500 45.745
3 16 -4.821 -0.500 45.745 -3.750 -74.500 46.495 -4.821 -74.500 45.745
3 16 -4.821 -0.500 45.745 -3.750 -0.500 46.495 -3.750 -74.500 46.495
3 16 -3.750 -0.500 46.495 -2.565 -74.500 47.048 -3.750 -74.500 46.495
3 16 -3.750 -0.500 46.495 -2.565 -0.500 47.048 -2.565 -74.500 47.048
3 16 -2.565 -0.500 47.048 -1.302 -74.500 47.386 -2.565 -74.500 47.048
3 16 -2.565 -0.500 47.048 -1.302 -0.500 47.386 -1.302 -74.500 47.386
3 16 -1.302 -0.500 47.386 0.000 -74.500 47.500 -1.302 -74.500 47.386
3 16 -1.302 -0.500 47.386 0.000 -0.500 47.500 0.000 -74.500 47.500
3 16 1.389 0.000 47.878 2.565 -0.500 47.048 1.302 -0.500 47.386
3 16 1.389 0.000 47.878 2.736 0.000 47.518 2.565 -0.500 47.048
3 16 2.736 0.000 47.518 3.750 -0.500 46.495 2.565 -0.500 47.048
3 16 2.736 0.000 47.518 4.000 0.000 46.928 3.750 -0.500 46.495
3 16 4.000 0.000 46.928 4.821 -0.500 45.745 3.750 -0.500 46.495
3 16 4.000 0.000 46.928 5.142 0.000 46.128 4.821 -0.500 45.745
3 16 5.142 0.000 46.128 5.745 -0.500 44.821 4.821 -0.500 45.745
3 16 5.142 0.000 46.128 6.128 0.000 45.142 5.745 -0.500 44.821
3 16 6.128 0.000 45.142 6.495 -0.500 43.750 5.745 -0.500 44.821
3 16 6.128 0.000 45.142 6.928 0.000 44.000 6.495 -0.500 43.750
3 16 6.928 0.000 44.000 7.048 -0.500 42.565 6.495 -0.500 43.750
3 16 6.928 0.000 44.000 7.518 0.000 42.736 7.048 -0.500 42.565
3 16 7.518 0.000 42.736 7.386 -0.500 41.302 7.048 -0.500 42.565
3 16 7.518 0.000 42.736 7.878 0.000 41.389 7.386 -0.500 41.302
3 16 7.878 0.000 41.389 7.500 -0.500 40.000 7.386 -0.500 41.302
3 16 7.878 0.000 41.389 8.000 0.000 40.000 7.500 -0.500 40.000
3 16 8.000 0.000 40.000 7.386 -0.500 38.698 7.500 -0.500 40.000
3 16 8.000 0.000 40.000 7.878 0.000 38.611 7.386 -0.500 38.698
3 16 7.878 0.000 38.611 7.048 -0.500 37.435 7.386 -0.500 38.698
3 16 7.878 0.000 38.611 7.518 0.000 37.264 7.048 -0.500 37.435
3 16 7.518 0.000 37.264 6.495 -0.500 36.250 7.048 -0.500 37.435
3 16 7.518 0.000 37.264 6.928 0.000 36.000 6.495 -0.500 36.250
3 16 6.928 0.000 36.000 5.745 -0.500 35.179 6.495 -0.500 36.250
3 16 6.928 0.000 36.000 6.128 0.000 34.858 5.745 -0.500 35.179
3 16 6.128 0.000 34.858 4.821 -0.500 34.255 5.745 -0.500 35.179
3 16 6.128 0.000 34.858 5.142 0.000 33.872 4.821 -0.500 34.255
3 16 5.142 0.000 33.872 3.750 -0.500 33.505 4.821 -0.500 34.255
3 16 5.142 0.000 33.872 4.000 0.000 33.072 3.750 -0.500 33.505
3 16 4.000 0.000 33.072 2.565 -0.500 32.952 3.750 -0.500 33.505
3 16 4.000 0.000 33.072 2.736 0.000 32.482 2.565 -0.500 32.952
3 16 2.736 0.000 32.482 1.302 -0.500 32.614 2.565 -0.500 32.952
3 16 2.736 0.000 32.482 1.389 0.000 32.122 1.302 -0.500 32.614
3 16 1.389 0.000 32.122 0.000 -0.500 32.500 1.302 -0.500 32.614
3 16 1.389 0.000 32.122 0.000 0.000 32.000 0.000 -0.500 32.500
3 16 0.000 0.000 32.000 -1.302 -0.500 32.614 0.000 -0.500 32.500
3 16 0.000 0.000 32.000 -1.389 0.000 32.122 -1.302 -0.500 32.614
3 16 -1.389 0.000 32.122 -2.565 -0.500 32.952 -1.302 -0.500 32.614
3 16 -1.389 0.000 32.122 -2.736 0.000 32.482 -2.565 -0.500 32.952
3 16 -2.736 0.000 32.482 -3.750 -0.500 33.505 -2.565 -0.500 32.952
3 16 -2.736 0.000 32.482 -4.000 0.000 33.072 -3.750 -0.500 33.505
3 16 -4.000 0.000 33.072 -4.821 -0.500 34.255 -3.750 -0.500 33.505
3 16 -4.000 0.000 33.072 -5.142 0.000 33.872 -4.821 -0.500 34.255
3 16 -5.142 0.000 33.872 -5.745 -0.500 35.179 -4.821 -0.500 34.255
3 16 -5.142 0.000 33.872 -6.128 0.000 34.858 -5.745 -0.500 35.179
3 16 -6.128 0.000 34.858 -6.495 -0.500 36.250 -5.745 -0.500 35.179
3 16 -6.128 0.000 34.858 -6.928 0.000 36.000 -6.495 -0.500 36.250
3 16 -6.928 0.000 36.000 -7.048 -0.500 37.435 -6.495 -0.500 36.250
3 16 -6.928 0.000 36.000 -7.518 0.000 37.264 -7.048 -0.500 37.435
3 16 -7.518 0.000 37.264 -7.386 -0.500 38.698 -7.048 -0.500 37.435
3 16 -7.518 0.000 37.264 -7.878 0.000 38.611 -7.386 -0.500 38.698
3 16 -7.878 0.000 38.611 -7.500 -0.500 40.000 -7.386 -0.500 38.698
3 16 -7.878 0.000 38.611 -8.000 0.000 40.000 -7.500 -0.500 40.000
3 16 -8.000 0.000 40.000 -7.386 -0.500 41.302 -7.500 -0.500 40.000
3 16 -8.000 0.000 40.000 -7.878 0.000 41.389 -7.386 -0.500 41.302
3 16 -7.878 0.000 41.389 -7.048 -0.500 42.565 -7.386 -0.500 41.302
3 16 -7.878 0.000 41.389 -7.518 0.000 42.736 -7.048 -0.500 42.565
3 16 -7.518 0.000 42.736 -6.495 -0.500 43.750 -7.048 -0.500 42.565
3 16 -7.518 0.000 42.736 -6.928 0.000 44.000 -6.495 -0.500 43.750
3 16 -6.928 0.000 44.000 -5.745 -0.500 44.821 -6.495 -0.500 43.750
3 16 -6.928 0.000 44.000 -6.128 0.000 45.142 -5.745 -0.500 44.821
3 16 -6.128 0.000 45.142 -4.821 -0.500 45.745 -5.745 -0.500 44.821
3 16 -6.128 0.000 45.142 -5.142 0.000 46.128 -4.821 -0.500 45.745
3 16 -5.142 0.000 46.128 -3.750 -0.500 46.495 -4.821 -0.500 45.745
3 16 -5.142 0.000 46.128 -4.000 0.000 46.928 -3.750 -0.500 46.495
3 16 -4.000 0.000 46.928 -2.565 -0.500 47.048 -3.750 -0.500 46.495
3 16 -4.000 0.000 46.928 -2.736 0.000 47.518 -2.565 -0.500 47.048
3 16 -2.736 0.000 47.518 -1.302 -0.500 47.386 -2.565 -0.500 47.048
3 16 -2.736 0.000 47.518 -1.389 0.000 47.878 -1.302 -0.500 47.386
3 16 -1.389 0.000 47.878 0.000 -0.500 47.500 -1.302 -0.500 47.386
3 16 -1.389 0.000 47.878 0.000 0.000 48.000 0.000 -0.500 47.500
3 16 0.000 0.000 48.000 1.302 -0.500 47.386 0.000 -0.500 47.500
3 16 0.000 0.000 48.000 1.389 0.000 47.878 1.302 -0.500 47.386
3 16 1.389 -75.000 32.122 2.565 -74.500 32.952 1.302 -74.500 32.614
3 16 1.389 -75.000 32.122 2.736 -75.000 32.482 2.565 -74.500 32.952
3 16 2.736 -75.000 32.482 3.750 -74.500 33.505 2.565 -74.500 32.952
3 16 2.736 -75.000 32.482 4.000 -75.000 33.072 3.750 -74.500 33.505
3 16 4.000 -75.000 33.072 4.821 -74.500 34.255 3.750 -74.500 33.505
3 16 4.000 -75.000 33.072 5.142 -75.000 33.872 4.821 -74.500 34.255
3 16 5.142 -75.000 33.872 5.745 -74.500 35.179 4.821 -74.500 34.255
3 16 5.142 -75.000 33.872 6.128 -75.000 34.858 5.745 -74.500 35.179
3 16 6.128 -75.000 34.858 6.495 -74.500 36.250 5.745 -74.500 35.179
3 16 6.128 -75.000 34.858 6.928 -75.000 36.000 6.495 -74.500 36.250
3 16 6.928 -75.000 36.000 7.048 -74.500 37.435 6.495 -74.500 36.250
3 16 6.928 -75.000 36.000 7.518 -75.000 37.264 7.048 -74.500 37.435
3 16 7.518 -75.000 37.264 7.386 -74.500 38.698 7.048 -74.500 37.435
3 16 7.518 -75.000 37.264 7.878 -75.000 38.611 7.386 -74.500 38.698
3 16 7.878 -75.000 38.611 7.500 -74.500 40.000 7.386 -74.500 38.698
3 16 7.878 -75.000 38.611 8.000 -75.000 40.000 7.500 -74.500 40.000
3 16 8.000 -75.000 40.000 7.386 -74.500 41.302 7.500 -74.500 40.000
3 16 8.000 -75.000 40.000 7.878 -75.000 41.389 7.386 -74.500 41.302
3 16 7.878 -75.000 41.389 7.048 -74.500 42.565 7.386 -74.500 41.302
3 16 7.878 -75.000 41.389 7.518 -75.000 42.736 7.048 -74.500 42.565
3 16 7.518 -75.000 42.736 6.495 -74.500 43.750 7.048 -74.500 42.565
3 16 7.518 -75.000 42.736 6.928 -75.000 44.000 6.495 -74.500 43.750
3 16 6.928 -75.000 44.000 5.745 -74.500 44.821 6.495 -74.500 43.750
3 16 6.928 -75.000 44.000 6.128 -75.000 45.142 5.745 -74.500 44.821
3 16 6.128 -75.000 45.142 4.821 -74.500 45.745 5.745 -74.500 44.821
3 16 6.128 -75.000 45.142 5.142 -75.000 46.128 4.821 -74.500 45.745
3 16 5.142 -75.000 46.128 3.750 -74.500 46.495 4.821 -74.500 45.745
3 16 5.142 -75.000 46.128 4.000 -75.000 46.928 3.750 -74.500 46.495
3 16 4.000 -75.000 46.928 2.565 -74.500 47.048 3.750 -74.500 46.495
3 16 4.000 -75.000 46.928 2.736 -75.000 47.518 2.565 -74.500 47.048
3 16 2.736 -75.000 47.518 1.302 -74.500 47.386 2.565 -74.500 47.048
3 16 2.736 -75.000 47.518 1.389 -75.000 47.878 1.302 -74.500 47.386
3 16 1.389 -75.000 47.878 0.000 -74.500 47.500 1.302 -74.500 47.386
3 16 1.389 -75.000 47.878 0.000 -75.000 48.000 0.000 -74.500 47.500
3 16 0.000 -75.000 48.000 -1.302 -74.500 47.386 0.000 -74.500 47.500
3 16 0.000 -75.000 48.000 -1.389 -75.000 47.878 -1.302 -74.500 47.386
3 16 -1.389 -75.000 47.878 -2.565 -74.500 47.048 -1.302 -74.500 47.386
3 16 -1.389 -75.000 47.878 -2.736 -75.000 47.518 -2.565 -74.500 47.048
3 16 -2.736 -75.000 47.518 -3.750 -74.500 46.495 -2.565 -74.500 47.048
3 16 -2.736 -75.000 47.518 -4.000 -75.000 46.928 -3.750 -74.500 46.495
3 16 -4.000 -75.000 46.928 -4.821 -74.500 45.745 -3.750 -74.500 46.495
3 16 -4.000 -75.000 46.928 -5.142 -75.000 46.128 -4.821 -74.500 45.745
3 16 -5.142 -75.000 46.128 -5.745 -74.500 44.821 -4.821 -74.500 45.745
3 16 -5.142 -75.000 46.128 -6.128 -75.000 45.142 -5.745 -74.500 44.821
3 16 -6.128 -75.000 45.142 -6.495 -74.500 43.750 -5.745 -74.500 44.821
3 16 -6.128 -75.000 45.142 -6.928 -75.000 44.000 -6.495 -74.500 43.750
3 16 -6.928 -75.000 44.000 -7.048 -74.500 42.565 -6.495 -74.500 43.750
3 16 -6.928 -75.000 44.000 -7.518 -75.000 42.736 -7.048 -74.500 42.565
3 16 -7.518 -75.000 42.736 -7.386 -74.500 41.302 -7.048 -74.500 42.565
3 16 -7.518 -75.000 42.736 -7.878 -75.000 41.389 -7.386 -74.500 41.302
3 16 -7.878 -75.000 41.389 -7.500 -74.500 40.000 -7.386 -74.500 41.302
3 16 -7.878 -75.000 41.389 -8.000 -75.000 40.000 -7.500 -74.500 40.000
3 16 -8.000 -75.000 40.000 -7.386 -74.500 38.698 -7.500 -74.500 40.000
3 16 -8.000 -75.000 40.000 -7.878 -75.000 38.611 -7.386 -74.500 38.698
3 16 -7.878 -75.000 38.611 -7.048 -74.500 37.435 -7.386 -74.500 38.698
3 16 -7.878 -75.000 38.611 -7.518 -75.000 37.264 -7.048 -74.500 37.435
3 16 -7.518 -75.000 37.264 -6.495 -74.500 36.250 -7.048 -74.500 37.435
3 16 -7.518 -75.000 37.264 -6.928 -75.000 36.000 -6.495 -74.500 36.250
3 16 -6.928 -75.000 36.000 -5.745 -74.500 35.179 -6.495 -74.500 36.250
3 16 -6.928 -75.000 36.000 -6.128 -75.000 34.858 -5.745 -74.500 35.179
3 16 -6.128 -75.000 34.858 -4.821 -74.500 34.255 -5.745 -74.500 35.179
3 16 -6.128 -75.000 34.858 -5.142 -75.000 33.872 -4.821 -74.500 34.255
3 16 -5.142 -75.000 33.872 -3.750 -74.500 33.505 -4.821 -74.500 34.255
3 16 -5.142 -75.000 33.872 -4.000 -75.000 33.072 -3.750 -74.500 33.505
3 16 -4.000 -75.000 33.072 -2.565 -74.500 32.952 -3.750 -74.500 33.505
3 16 -4.000 -75.000 33.072 -2.736 -75.000 32.482 -2.565 -74.500 32.952
3 16 -2.736 -75.000 32.482 -1.302 -74.500 32.614 -2.565 -74.500 32.952
3 16 -2.736 -75.000 32.482 -1.389 -75.000 32.122 -1.302 -74.500 32.614
3 16 -1.389 -75.000 32.122 0.000 -74.500 32.500 -1.302 -74.500 32.614
3 16 -1.389 -75.000 32.122 0.000 -75.000 32.000 0.000 -74.500 32.500
3 16 0.000 -75.000 32.000 1.302 -74.500 32.614 0.000 -74.500 32.500
3 16 0.000 -75.000 32.000 1.389 -75.000 32.122 1.302 -74.500 32.614
2 24 -2.736 -75.000 32.482 -4.000 -75.000 33.072
2 24 -5.695 -75.000 28.175 -7.394 -75.000 29.156
2 24 7.518 -75.000 42.736 6.928 -75.000 44.000
2 24 0.000 -75.000 48.000 -1.389 -75.000 47.878
2 24 -5.695 -75.000 51.825 -7.394 -75.000 50.844
2 24 7.048 -74.500 42.565 6.495 -74.500 43.750
2 24 -2.565 -74.500 32.952 -3.750 -74.500 33.505
2 24 1.956 -75.000 27.022 0.000 -75.000 26.875
2 24 2.736 -75.000 32.482 1.389 -75.000 32.122
2 24 2.565 -74.500 32.952 1.302 -74.500 32.614
2 24 -3.869 -75.000 27.458 -5.695 -75.000 28.175
2 24 -7.518 -75.000 42.736 -7.878 -75.000 41.389
2 24 -1.302 -74.500 47.386 -2.565 -74.500 47.048
2 24 -1.389 -75.000 32.122 -2.736 -75.000 32.482
2 24 7.878 -75.000 41.389 7.518 -75.000 42.736
2 24 7.386 -74.500 41.302 7.048 -74.500 42.565
2 24 -1.302 -74.500 32.614 -2.565 -74.500 32.952
2 24 -1.956 -75.000 27.022 -3.869 -75.000 27.458
2 24 -4.821 -74.500 45.745 -5.745 -74.500 44.821
2 24 -5.745 -74.500 44.821 -6.495 -74.500 43.750
2 24 0.000 -75.000 32.000 -1.389 -75.000 32.122
2 24 8.000 -75.000 40.000 7.878 -75.000 41.389
2 24 7.500 -74.500 40.000 7.386 -74.500 41.302
2 24 0.000 -74.500 32.500 -1.302 -74.500 32.614
2 24 -2.736 -75.000 47.518 -4.000 -75.000 46.928
2 24 -7.048 -74.500 42.565 -7.386 -74.500 41.302
2 24 0.000 -75.000 26.875 -1.956 -75.000 27.022
2 24 1.389 -75.000 32.122 0.000 -75.000 32.000
2 24 1.302 -74.500 32.614 0.000 -74.500 32.500
2 24 -1.389 -75.000 47.878 -2.736 -75.000 47.518
2 24 0.000 -74.500 47.500 -1.302 -74.500 47.386
2 24 -7.394 -75.000 50.844 -8.927 -75.000 49.621
2 24 -10.262 -75.000 48.183 -11.367 -75.000 46.563
2 24 -7.878 -75.000 41.389 -8.000 -75.000 40.000
2 24 12.218 -75.000 44.795 11.367 -75.000 46.563
2 24 3.869 -75.000 27.458 1.956 -75.000 27.022
2 24 4.000 -75.000 33.072 2.736 -75.000 32.482
2 24 3.750 -74.500 33.505 2.565 -74.500 32.952
2 24 7.048 -74.500 37.435 6.495 -74.500 36.250
2 24 13.088 -75.000 40.981 12.796 -75.000 42.921
2 24 -7.878 -75.000 38.611 -8.000 -75.000 40.000
2 24 1.389 -75.000 47.878 0.000 -75.000 48.000
2 24 -1.956 -75.000 52.978 -3.869 -75.000 52.542
2 24 -12.796 -75.000 42.921 -13.088 -75.000 40.981
2 24 11.367 -75.000 46.563 10.262 -75.000 48.183
2 24 -3.750 -74.500 46.495 -4.821 -74.500 45.745
2 24 -12.796 -75.000 37.079 -13.088 -75.000 39.019
2 24 8.927 -75.000 49.621 7.394 -75.000 50.844
2 24 -6.128 -75.000 34.858 -6.928 -75.000 36.000
2 24 5.142 -75.000 46.128 4.000 -75.000 46.928
2 24 -7.518 -75.000 37.264 -7.878 -75.000 38.611
2 24 -13.088 -75.000 39.019 -13.088 -75.000 40.981
2 24 2.736 -75.000 47.518 1.389 -75.000 47.878
2 24 10.262 -75.000 48.183 8.927 -75.000 49.621
2 24 5.745 -74.500 44.821 4.821 -74.500 45.745
2 24 -4.821 -74.500 34.255 -5.745 -74.500 35.179
2 24 0.000 -75.000 53.125 -1.956 -75.000 52.978
2 24 -12.218 -75.000 35.205 -12.796 -75.000 37.079
2 24 -10.262 -75.000 31.817 -11.367 -75.000 33.438
2 24 7.394 -75.000 50.844 5.695 -75.000 51.825
2 24 -6.928 -75.000 36.000 -7.518 -75.000 37.264
2 24 -8.927 -75.000 30.379 -10.262 -75.000 31.817
2 24 4.000 -75.000 46.928 2.736 -75.000 47.518
2 24 1.956 -75.000 52.978 0.000 -75.000 53.125
2 24 4.821 -74.500 45.745 3.750 -74.500 46.495
2 24 -5.745 -74.500 35.179 -6.495 -74.500 36.250
2 24 -11.367 -75.000 33.438 -12.218 -75.000 35.205
2 24 5.695 -75.000 51.825 3.869 -75.000 52.542
2 24 3.869 -75.000 52.542 1.956 -75.000 52.978
2 24 -5.142 -75.000 33.872 -6.128 -75.000 34.858
2 24 6.128 -75.000 45.142 5.142 -75.000 46.128
2 24 3.750 -74.500 46.495 2.565 -74.500 47.048
2 24 -6.495 -74.500 36.250 -7.048 -74.500 37.435
2 24 -4.000 -75.000 33.072 -5.142 -75.000 33.872
2 24 6.928 -75.000 44.000 6.128 -75.000 45.142
2 24 6.495 -74.500 43.750 5.745 -74.500 44.821
2 24 -3.750 -74.500 33.505 -4.821 -74.500 34.255
2 24 -7.394 -75.000 29.156 -8.927 -75.000 30.379
2 24 2.565 -74.500 47.048 1.302 -74.500 47.386
2 24 -7.048 -74.500 37.435 -7.386 -74.500 38.698
2 24 -12.218 -75.000 44.795 -12.796 -75.000 42.921
2 24 -3.869 -75.000 52.542 -5.695 -75.000 51.825
2 24 5.695 -75.000 28.175 3.869 -75.000 27.458
2 24 7.394 -75.000 29.156 5.695 -75.000 28.175
2 24 5.142 -75.000 33.872 4.000 -75.000 33.072
2 24 6.495 -74.500 36.250 5.745 -74.500 35.179
2 24 4.821 -74.500 34.255 3.750 -74.500 33.505
2 24 8.927 -75.000 30.379 7.394 -75.000 29.156
2 24 11.367 -75.000 33.438 10.262 -75.000 31.817
2 24 6.128 -75.000 34.858 5.142 -75.000 33.872
2 24 12.796 -75.000 37.079 12.218 -75.000 35.205
2 24 5.745 -74.500 35.179 4.821 -74.500 34.255
2 24 10.262 -75.000 31.817 8.927 -75.000 30.379
2 24 6.928 -75.000 36.000 6.128 -75.000 34.858
2 24 7.518 -75.000 37.264 6.928 -75.000 36.000
2 24 12.218 -75.000 35.205 11.367 -75.000 33.438
2 24 7.878 -75.000 38.611 7.518 -75.000 37.264
2 24 7.386 -74.500 38.698 7.048 -74.500 37.435
2 24 8.000 -75.000 40.000 7.878 -75.000 38.611
2 24 13.088 -75.000 39.019 13.088 -75.000 40.981
2 24 7.500 -74.500 40.000 7.386 -74.500 38.698
2 24 -4.000 -75.000 46.928 -5.142 -75.000 46.128
2 24 -6.495 -74.500 43.750 -7.048 -74.500 42.565
2 24 -6.128 -75.000 45.142 -6.928 -75.000 44.000
2 24 -5.142 -75.000 46.128 -6.128 -75.000 45.142
2 24 -8.927 -75.000 49.621 -10.262 -75.000 48.183
2 24 -6.928 -75.000 44.000 -7.518 -75.000 42.736
2 24 12.796 -75.000 42.921 12.218 -75.000 44.795
2 24 -2.565 -74.500 47.048 -3.750 -74.500 46.495
2 24 -11.367 -75.000 46.563 -12.218 -75.000 44.795
2 24 -7.386 -74.500 41.302 -7.500 -74.500 40.000
2 24 13.088 -75.000 39.019 12.796 -75.000 37.079
2 24 8.000 0.000 40.000 7.878 0.000 41.389
2 24 0.000 0.000 32.000 -1.389 0.000 32.122
2 24 13.088 0.000 40.981 12.796 0.000 42.921
2 24 -7.878 0.000 41.389 -8.000 0.000 40.000
2 24 -8.927 0.000 49.621 -10.262 0.000 48.183
2 24 12.218 0.000 44.795 11.367 0.000 46.563
2 24 -7.386 -0.500 41.302 -7.500 -0.500 40.000
2 24 0.000 0.000 48.000 -1.389 0.000 47.878
2 24 -2.736 0.000 32.482 -4.000 0.000 33.072
2 24 -5.695 0.000 51.825 -7.394 0.000 50.844
2 24 7.518 0.000 42.736 6.928 0.000 44.000
2 24 0.000 -0.500 47.500 -1.302 -0.500 47.386
2 24 13.088 0.000 39.019 13.088 0.000 40.981
2 24 8.000 0.000 40.000 7.878 0.000 38.611
2 24 -1.956 0.000 27.022 -3.869 0.000 27.458
2 24 7.500 -0.500 40.000 7.386 -0.500 41.302
2 24 0.000 -0.500 32.500 -1.302 -0.500 32.614
2 24 13.088 0.000 39.019 12.796 0.000 37.079
2 24 3.750 -0.500 33.505 2.565 -0.500 32.952
2 24 7.048 -0.500 37.435 6.495 -0.500 36.250
2 24 7.878 0.000 38.611 7.518 0.000 37.264
2 24 -6.928 0.000 44.000 -7.518 0.000 42.736
2 24 12.796 0.000 42.921 12.218 0.000 44.795
2 24 -6.495 -0.500 43.750 -7.048 -0.500 42.565
2 24 -4.000 0.000 46.928 -5.142 0.000 46.128
2 24 12.796 0.000 37.079 12.218 0.000 35.205
2 24 6.128 0.000 34.858 5.142 0.000 33.872
2 24 7.518 0.000 37.264 6.928 0.000 36.000
2 24 -3.869 0.000 27.458 -5.695 0.000 28.175
2 24 -7.518 0.000 42.736 -7.878 0.000 41.389
2 24 7.386 -0.500 41.302 7.048 -0.500 42.565
2 24 -1.302 -0.500 32.614 -2.565 -0.500 32.952
2 24 -7.048 -0.500 42.565 -7.386 -0.500 41.302
2 24 -1.389 0.000 32.122 -2.736 0.000 32.482
2 24 7.878 0.000 41.389 7.518 0.000 42.736
2 24 0.000 0.000 53.125 -1.956 0.000 52.978
2 24 6.495 -0.500 43.750 5.745 -0.500 44.821
2 24 -3.750 -0.500 33.505 -4.821 -0.500 34.255
2 24 12.218 0.000 35.205 11.367 0.000 33.438
2 24 6.928 0.000 36.000 6.128 0.000 34.858
2 24 -10.262 0.000 48.183 -11.367 0.000 46.563
2 24 -7.394 0.000 50.844 -8.927 0.000 49.621
2 24 -7.518 0.000 37.264 -7.878 0.000 38.611
2 24 2.736 0.000 47.518 1.389 0.000 47.878
2 24 -13.088 0.000 39.019 -13.088 0.000 40.981
2 24 10.262 0.000 48.183 8.927 0.000 49.621
2 24 2.565 -0.500 47.048 1.302 -0.500 47.386
2 24 -7.048 -0.500 37.435 -7.386 -0.500 38.698
2 24 11.367 0.000 33.438 10.262 0.000 31.817
2 24 8.927 0.000 30.379 7.394 0.000 29.156
2 24 -3.869 0.000 52.542 -5.695 0.000 51.825
2 24 -5.695 0.000 28.175 -7.394 0.000 29.156
2 24 -12.218 0.000 44.795 -12.796 0.000 42.921
2 24 7.048 -0.500 42.565 6.495 -0.500 43.750
2 24 -2.565 -0.500 32.952 -3.750 -0.500 33.505
2 24 -5.142 0.000 33.872 -6.128 0.000 34.858
2 24 1.956 0.000 52.978 0.000 0.000 53.125
2 24 6.128 0.000 45.142 5.142 0.000 46.128
2 24 5.745 -0.500 44.821 4.821 -0.500 45.745
2 24 -4.821 -0.500 34.255 -5.745 -0.500 35.179
2 24 10.262 0.000 31.817 8.927 0.000 30.379
2 24 5.142 0.000 33.872 4.000 0.000 33.072
2 24 5.745 -0.500 35.179 4.821 -0.500 34.255
2 24 -7.878 0.000 38.611 -8.000 0.000 40.000
2 24 -1.956 0.000 52.978 -3.869 0.000 52.542
2 24 1.389 0.000 47.878 0.000 0.000 48.000
2 24 1.302 -0.500 47.386 0.000 -0.500 47.500
2 24 -7.386 -0.500 38.698 -7.500 -0.500 40.000
2 24 -4.000 0.000 33.072 -5.142 0.000 33.872
2 24 6.928 0.000 44.000 6.128 0.000 45.142
2 24 2.736 0.000 32.482 1.389 0.000 32.122
2 24 1.956 0.000 27.022 0.000 0.000 26.875
2 24 2.565 -0.500 32.952 1.302 -0.500 32.614
2 24 -7.394 0.000 29.156 -8.927 0.000 30.379
2 24 0.000 0.000 26.875 -1.956 0.000 27.022
2 24 1.302 -0.500 32.614 0.000 -0.500 32.500
2 24 -8.927 0.000 30.379 -10.262 0.000 31.817
2 24 -6.928 0.000 36.000 -7.518 0.000 37.264
2 24 4.000 0.000 46.928 2.736 0.000 47.518
2 24 3.750 -0.500 46.495 2.565 -0.500 47.048
2 24 -6.495 -0.500 36.250 -7.048 -0.500 37.435
2 24 -6.128 0.000 34.858 -6.928 0.000 36.000
2 24 -12.796 0.000 37.079 -13.088 0.000 39.019
2 24 5.142 0.000 46.128 4.000 0.000 46.928
2 24 4.821 -0.500 45.745 3.750 -0.500 46.495
2 24 -5.745 -0.500 35.179 -6.495 -0.500 36.250
2 24 7.500 -0.500 40.000 7.386 -0.500 38.698
2 24 -10.262 0.000 31.817 -11.367 0.000 33.438
2 24 -12.218 0.000 35.205 -12.796 0.000 37.079
2 24 7.394 0.000 50.844 5.695 0.000 51.825
2 24 3.869 0.000 52.542 1.956 0.000 52.978
2 24 -11.367 0.000 33.438 -12.218 0.000 35.205
2 24 5.695 0.000 51.825 3.869 0.000 52.542
2 24 -12.796 0.000 42.921 -13.088 0.000 40.981
2 24 11.367 0.000 46.563 10.262 0.000 48.183
2 24 -2.736 0.000 47.518 -4.000 0.000 46.928
2 24 -2.565 -0.500 47.048 -3.750 -0.500 46.495
2 24 -1.389 0.000 47.878 -2.736 0.000 47.518
2 24 -1.302 -0.500 47.386 -2.565 -0.500 47.048
2 24 7.394 0.000 29.156 5.695 0.000 28.175
2 24 4.000 0.000 33.072 2.736 0.000 32.482
2 24 3.869 0.000 27.458 1.956 0.000 27.022
2 24 5.695 0.000 28.175 3.869 0.000 27.458
2 24 7.386 -0.500 38.698 7.048 -0.500 37.435
2 24 1.389 0.000 32.122 0.000 0.000 32.000
2 24 -4.821 -0.500 45.745 -5.745 -0.500 44.821
2 24 8.927 0.000 49.621 7.394 0.000 50.844
2 24 -11.367 0.000 46.563 -12.218 0.000 44.795
2 24 -6.128 0.000 45.142 -6.928 0.000 44.000
2 24 -3.750 -0.500 46.495 -4.821 -0.500 45.745
2 24 -5.142 0.000 46.128 -6.128 0.000 45.142
2 24 -5.745 -0.500 44.821 -6.495 -0.500 43.750
2 24 4.821 -0.500 34.255 3.750 -0.500 33.505
2 24 6.495 -0.500 36.250 5.745 -0.500 35.179
2 24 1.302 -74.500 47.386 0.000 -74.500 47.500
2 24 -7.386 -74.500 38.698 -7.500 -74.500 40.000
