0 FILE MX08-0018.dat
0 6mm Bearing Tube - 15mm
0 Name:  MX08-0018.dat
0 Author:  
0 BL_Item_No 08-0018
0 BFC CERTIFY CCW
3 16 -3.061 -37.500 72.609 -6.099 -37.500 68.378 -4.654 -37.500 67.728
3 16 -3.061 -37.500 72.609 -3.632 -37.500 72.872 -6.099 -37.500 68.378
3 16 -3.632 -37.500 72.872 -7.456 -37.500 69.198 -6.099 -37.500 68.378
3 16 -1.251 -37.500 72.099 -3.141 -37.500 67.256 -1.582 -37.500 66.971
3 16 -1.251 -37.500 72.099 -1.868 -37.500 72.221 -3.141 -37.500 67.256
3 16 -1.868 -37.500 72.221 -4.654 -37.500 67.728 -3.141 -37.500 67.256
3 16 -1.868 -37.500 72.221 -2.472 -37.500 72.392 -4.654 -37.500 67.728
3 16 -2.472 -37.500 72.392 -3.061 -37.500 72.609 -4.654 -37.500 67.728
3 16 3.061 -37.500 87.391 6.099 -37.500 91.622 4.654 -37.500 92.272
3 16 3.061 -37.500 87.391 3.632 -37.500 87.128 6.099 -37.500 91.622
3 16 3.632 -37.500 87.128 7.456 -37.500 90.802 6.099 -37.500 91.622
3 16 -4.180 -37.500 73.179 -7.456 -37.500 69.198 -3.632 -37.500 72.872
3 16 -4.180 -37.500 73.179 -4.702 -37.500 73.528 -7.456 -37.500 69.198
3 16 -4.702 -37.500 73.528 -8.703 -37.500 70.176 -7.456 -37.500 69.198
3 16 -4.702 -37.500 73.528 -5.196 -37.500 73.917 -8.703 -37.500 70.176
3 16 -5.196 -37.500 73.917 -9.824 -37.500 71.297 -8.703 -37.500 70.176
3 16 -5.657 -37.500 74.343 -9.824 -37.500 71.297 -5.196 -37.500 73.917
3 16 -5.657 -37.500 74.343 -6.083 -37.500 74.804 -9.824 -37.500 71.297
3 16 -6.083 -37.500 74.804 -10.802 -37.500 72.544 -9.824 -37.500 71.297
3 16 1.251 -37.500 87.902 3.141 -37.500 92.744 1.582 -37.500 93.029
3 16 1.251 -37.500 87.902 1.868 -37.500 87.779 3.141 -37.500 92.744
3 16 1.868 -37.500 87.779 4.654 -37.500 92.272 3.141 -37.500 92.744
3 16 1.868 -37.500 87.779 2.472 -37.500 87.608 4.654 -37.500 92.272
3 16 2.472 -37.500 87.608 3.061 -37.500 87.391 4.654 -37.500 92.272
3 16 -7.975 -37.500 79.372 -13.125 -37.500 80.000 -13.029 -37.500 78.418
3 16 -7.975 -37.500 79.372 -8.000 -37.500 80.000 -13.125 -37.500 80.000
3 16 -8.000 -37.500 80.000 -13.029 -37.500 81.582 -13.125 -37.500 80.000
3 16 4.180 -37.500 86.821 7.456 -37.500 90.802 3.632 -37.500 87.128
3 16 4.180 -37.500 86.821 4.702 -37.500 86.472 7.456 -37.500 90.802
3 16 4.702 -37.500 86.472 8.703 -37.500 89.824 7.456 -37.500 90.802
3 16 4.702 -37.500 86.472 5.196 -37.500 86.083 8.703 -37.500 89.824
3 16 5.196 -37.500 86.083 9.824 -37.500 88.703 8.703 -37.500 89.824
3 16 7.608 -37.500 82.472 12.744 -37.500 83.141 12.272 -37.500 84.654
3 16 7.608 -37.500 82.472 7.779 -37.500 81.868 12.744 -37.500 83.141
3 16 7.779 -37.500 81.868 13.029 -37.500 81.582 12.744 -37.500 83.141
3 16 4.180 -37.500 73.179 6.099 -37.500 68.378 7.456 -37.500 69.198
3 16 4.180 -37.500 73.179 3.632 -37.500 72.872 6.099 -37.500 68.378
3 16 3.632 -37.500 72.872 4.654 -37.500 67.728 6.099 -37.500 68.378
3 16 0.628 -37.500 72.025 0.000 -37.500 66.875 1.582 -37.500 66.971
3 16 0.628 -37.500 72.025 0.000 -37.500 72.000 0.000 -37.500 66.875
3 16 0.000 -37.500 72.000 -1.582 -37.500 66.971 0.000 -37.500 66.875
3 16 0.000 -37.500 72.000 -0.628 -37.500 72.025 -1.582 -37.500 66.971
3 16 -0.628 -37.500 72.025 -1.251 -37.500 72.099 -1.582 -37.500 66.971
3 16 -6.472 -37.500 75.298 -10.802 -37.500 72.544 -6.083 -37.500 74.804
3 16 -6.472 -37.500 75.298 -6.821 -37.500 75.820 -10.802 -37.500 72.544
3 16 -6.821 -37.500 75.820 -11.622 -37.500 73.901 -10.802 -37.500 72.544
3 16 -6.821 -37.500 75.820 -7.128 -37.500 76.368 -11.622 -37.500 73.901
3 16 -7.128 -37.500 76.368 -12.272 -37.500 75.346 -11.622 -37.500 73.901
3 16 -7.391 -37.500 76.939 -12.272 -37.500 75.346 -7.128 -37.500 76.368
3 16 -7.391 -37.500 76.939 -7.608 -37.500 77.528 -12.272 -37.500 75.346
3 16 -7.608 -37.500 77.528 -12.744 -37.500 76.859 -12.272 -37.500 75.346
3 16 -7.608 -37.500 77.528 -7.779 -37.500 78.132 -12.744 -37.500 76.859
3 16 -7.779 -37.500 78.132 -13.029 -37.500 78.418 -12.744 -37.500 76.859
3 16 -7.779 -37.500 78.132 -7.902 -37.500 78.749 -13.029 -37.500 78.418
3 16 -7.902 -37.500 78.749 -7.975 -37.500 79.372 -13.029 -37.500 78.418
3 16 -7.975 -37.500 80.628 -13.029 -37.500 81.582 -8.000 -37.500 80.000
3 16 -7.975 -37.500 80.628 -7.902 -37.500 81.251 -13.029 -37.500 81.582
3 16 -7.902 -37.500 81.251 -12.744 -37.500 83.141 -13.029 -37.500 81.582
3 16 -7.902 -37.500 81.251 -7.779 -37.500 81.868 -12.744 -37.500 83.141
3 16 -7.779 -37.500 81.868 -12.272 -37.500 84.654 -12.744 -37.500 83.141
3 16 -8.703 -37.500 89.824 -5.196 -37.500 86.083 -7.456 -37.500 90.802
3 16 -2.472 -37.500 87.608 -3.141 -37.500 92.744 -4.654 -37.500 92.272
3 16 -2.472 -37.500 87.608 -1.868 -37.500 87.779 -3.141 -37.500 92.744
3 16 -1.868 -37.500 87.779 -1.582 -37.500 93.029 -3.141 -37.500 92.744
3 16 7.391 -37.500 76.939 11.622 -37.500 73.901 12.272 -37.500 75.346
3 16 7.391 -37.500 76.939 7.128 -37.500 76.368 11.622 -37.500 73.901
3 16 7.128 -37.500 76.368 10.802 -37.500 72.544 11.622 -37.500 73.901
3 16 6.821 -37.500 75.820 10.802 -37.500 72.544 7.128 -37.500 76.368
3 16 6.821 -37.500 75.820 6.472 -37.500 75.298 10.802 -37.500 72.544
3 16 6.472 -37.500 75.298 9.824 -37.500 71.297 10.802 -37.500 72.544
3 16 3.061 -37.500 72.609 4.654 -37.500 67.728 3.632 -37.500 72.872
3 16 3.061 -37.500 72.609 2.472 -37.500 72.392 4.654 -37.500 67.728
3 16 2.472 -37.500 72.392 3.141 -37.500 67.256 4.654 -37.500 67.728
3 16 2.472 -37.500 72.392 1.868 -37.500 72.221 3.141 -37.500 67.256
3 16 1.868 -37.500 72.221 1.582 -37.500 66.971 3.141 -37.500 67.256
3 16 1.868 -37.500 72.221 1.251 -37.500 72.099 1.582 -37.500 66.971
3 16 1.251 -37.500 72.099 0.628 -37.500 72.025 1.582 -37.500 66.971
3 16 -7.608 -37.500 82.472 -12.272 -37.500 84.654 -7.779 -37.500 81.868
3 16 -7.608 -37.500 82.472 -7.391 -37.500 83.061 -12.272 -37.500 84.654
3 16 -7.391 -37.500 83.061 -11.622 -37.500 86.099 -12.272 -37.500 84.654
3 16 -7.391 -37.500 83.061 -7.128 -37.500 83.632 -11.622 -37.500 86.099
3 16 -7.128 -37.500 83.632 -10.802 -37.500 87.456 -11.622 -37.500 86.099
3 16 -4.702 -37.500 86.472 -7.456 -37.500 90.802 -5.196 -37.500 86.083
3 16 -4.702 -37.500 86.472 -4.180 -37.500 86.821 -7.456 -37.500 90.802
3 16 -4.180 -37.500 86.821 -6.099 -37.500 91.622 -7.456 -37.500 90.802
3 16 -4.180 -37.500 86.821 -3.632 -37.500 87.128 -6.099 -37.500 91.622
3 16 -3.632 -37.500 87.128 -4.654 -37.500 92.272 -6.099 -37.500 91.622
3 16 -3.632 -37.500 87.128 -3.061 -37.500 87.391 -4.654 -37.500 92.272
3 16 -3.061 -37.500 87.391 -2.472 -37.500 87.608 -4.654 -37.500 92.272
3 16 -1.251 -37.500 87.902 -1.582 -37.500 93.029 -1.868 -37.500 87.779
3 16 -1.251 -37.500 87.902 -0.628 -37.500 87.975 -1.582 -37.500 93.029
3 16 -0.628 -37.500 87.975 0.000 -37.500 93.125 -1.582 -37.500 93.029
3 16 -0.628 -37.500 87.975 0.000 -37.500 88.000 0.000 -37.500 93.125
3 16 0.000 -37.500 88.000 1.582 -37.500 93.029 0.000 -37.500 93.125
3 16 0.000 -37.500 88.000 0.628 -37.500 87.975 1.582 -37.500 93.029
3 16 0.628 -37.500 87.975 1.251 -37.500 87.902 1.582 -37.500 93.029
3 16 6.821 -37.500 84.180 11.622 -37.500 86.099 10.802 -37.500 87.456
3 16 6.821 -37.500 84.180 7.128 -37.500 83.632 11.622 -37.500 86.099
3 16 7.128 -37.500 83.632 12.272 -37.500 84.654 11.622 -37.500 86.099
3 16 7.128 -37.500 83.632 7.391 -37.500 83.061 12.272 -37.500 84.654
3 16 7.391 -37.500 83.061 7.608 -37.500 82.472 12.272 -37.500 84.654
3 16 7.902 -37.500 81.251 13.029 -37.500 81.582 7.779 -37.500 81.868
3 16 7.902 -37.500 81.251 7.975 -37.500 80.628 13.029 -37.500 81.582
3 16 7.975 -37.500 80.628 13.125 -37.500 80.000 13.029 -37.500 81.582
3 16 7.975 -37.500 80.628 8.000 -37.500 80.000 13.125 -37.500 80.000
3 16 8.000 -37.500 80.000 13.029 -37.500 78.418 13.125 -37.500 80.000
3 16 7.975 -37.500 79.372 13.029 -37.500 78.418 8.000 -37.500 80.000
3 16 7.975 -37.500 79.372 7.902 -37.500 78.749 13.029 -37.500 78.418
3 16 7.902 -37.500 78.749 12.744 -37.500 76.859 13.029 -37.500 78.418
3 16 7.902 -37.500 78.749 7.779 -37.500 78.132 12.744 -37.500 76.859
3 16 7.779 -37.500 78.132 12.272 -37.500 75.346 12.744 -37.500 76.859
3 16 7.779 -37.500 78.132 7.608 -37.500 77.528 12.272 -37.500 75.346
3 16 7.608 -37.500 77.528 7.391 -37.500 76.939 12.272 -37.500 75.346
3 16 -6.821 -37.500 84.180 -10.802 -37.500 87.456 -7.128 -37.500 83.632
3 16 -6.821 -37.500 84.180 -6.472 -37.500 84.702 -10.802 -37.500 87.456
3 16 -6.472 -37.500 84.702 -9.824 -37.500 88.703 -10.802 -37.500 87.456
3 16 -6.472 -37.500 84.702 -6.083 -37.500 85.196 -9.824 -37.500 88.703
3 16 -6.083 -37.500 85.196 -8.703 -37.500 89.824 -9.824 -37.500 88.703
3 16 -6.083 -37.500 85.196 -5.657 -37.500 85.657 -8.703 -37.500 89.824
3 16 -5.657 -37.500 85.657 -5.196 -37.500 86.083 -8.703 -37.500 89.824
3 16 5.657 -37.500 85.657 9.824 -37.500 88.703 5.196 -37.500 86.083
3 16 5.657 -37.500 85.657 6.083 -37.500 85.196 9.824 -37.500 88.703
3 16 6.083 -37.500 85.196 10.802 -37.500 87.456 9.824 -37.500 88.703
3 16 6.083 -37.500 85.196 6.472 -37.500 84.702 10.802 -37.500 87.456
3 16 6.472 -37.500 84.702 6.821 -37.500 84.180 10.802 -37.500 87.456
3 16 6.083 -37.500 74.804 9.824 -37.500 71.297 6.472 -37.500 75.298
3 16 6.083 -37.500 74.804 5.657 -37.500 74.343 9.824 -37.500 71.297
3 16 5.657 -37.500 74.343 8.703 -37.500 70.176 9.824 -37.500 71.297
3 16 5.657 -37.500 74.343 5.196 -37.500 73.917 8.703 -37.500 70.176
3 16 5.196 -37.500 73.917 7.456 -37.500 69.198 8.703 -37.500 70.176
3 16 5.196 -37.500 73.917 4.702 -37.500 73.528 7.456 -37.500 69.198
3 16 4.702 -37.500 73.528 4.180 -37.500 73.179 7.456 -37.500 69.198
3 16 9.824 0.000 71.297 6.083 0.000 74.804 10.802 0.000 72.544
3 16 -7.456 0.000 90.802 -4.702 0.000 86.472 -8.703 0.000 89.824
3 16 -5.196 0.000 86.083 -8.703 0.000 89.824 -4.702 0.000 86.472
3 16 -5.196 0.000 86.083 -5.657 0.000 85.657 -8.703 0.000 89.824
3 16 -5.657 0.000 85.657 -9.824 0.000 88.703 -8.703 0.000 89.824
3 16 -5.657 0.000 85.657 -6.083 0.000 85.196 -9.824 0.000 88.703
3 16 -6.083 0.000 85.196 -10.802 0.000 87.456 -9.824 0.000 88.703
3 16 -7.975 0.000 80.628 -13.125 0.000 80.000 -13.029 0.000 81.582
3 16 -7.975 0.000 80.628 -8.000 0.000 80.000 -13.125 0.000 80.000
3 16 -8.000 0.000 80.000 -13.029 0.000 78.418 -13.125 0.000 80.000
3 16 -7.975 0.000 79.372 -13.029 0.000 78.418 -8.000 0.000 80.000
3 16 -7.975 0.000 79.372 -7.902 0.000 78.749 -13.029 0.000 78.418
3 16 -7.902 0.000 78.749 -12.744 0.000 76.859 -13.029 0.000 78.418
3 16 -7.902 0.000 78.749 -7.779 0.000 78.132 -12.744 0.000 76.859
3 16 -7.779 0.000 78.132 -12.272 0.000 75.346 -12.744 0.000 76.859
3 16 6.472 0.000 75.298 10.802 0.000 72.544 6.083 0.000 74.804
3 16 6.472 0.000 75.298 6.821 0.000 75.820 10.802 0.000 72.544
3 16 6.821 0.000 75.820 11.622 0.000 73.901 10.802 0.000 72.544
3 16 6.821 0.000 75.820 7.128 0.000 76.368 11.622 0.000 73.901
3 16 7.128 0.000 76.368 12.272 0.000 75.346 11.622 0.000 73.901
3 16 -1.251 0.000 87.902 -3.141 0.000 92.744 -1.582 0.000 93.029
3 16 -1.251 0.000 87.902 -1.868 0.000 87.779 -3.141 0.000 92.744
3 16 -1.868 0.000 87.779 -4.654 0.000 92.272 -3.141 0.000 92.744
3 16 7.391 0.000 76.939 12.272 0.000 75.346 7.128 0.000 76.368
3 16 7.391 0.000 76.939 7.608 0.000 77.528 12.272 0.000 75.346
3 16 7.608 0.000 77.528 12.744 0.000 76.859 12.272 0.000 75.346
3 16 7.608 0.000 77.528 7.779 0.000 78.132 12.744 0.000 76.859
3 16 7.779 0.000 78.132 13.029 0.000 78.418 12.744 0.000 76.859
3 16 7.902 0.000 81.251 12.744 0.000 83.141 13.029 0.000 81.582
3 16 7.902 0.000 81.251 7.779 0.000 81.868 12.744 0.000 83.141
3 16 7.779 0.000 81.868 12.272 0.000 84.654 12.744 0.000 83.141
3 16 -2.472 0.000 87.608 -4.654 0.000 92.272 -1.868 0.000 87.779
3 16 -2.472 0.000 87.608 -3.061 0.000 87.391 -4.654 0.000 92.272
3 16 -3.061 0.000 87.391 -6.099 0.000 91.622 -4.654 0.000 92.272
3 16 -3.061 0.000 87.391 -3.632 0.000 87.128 -6.099 0.000 91.622
3 16 -3.632 0.000 87.128 -7.456 0.000 90.802 -6.099 0.000 91.622
3 16 -3.632 0.000 87.128 -4.180 0.000 86.821 -7.456 0.000 90.802
3 16 -4.180 0.000 86.821 -4.702 0.000 86.472 -7.456 0.000 90.802
3 16 -6.472 0.000 84.702 -10.802 0.000 87.456 -6.083 0.000 85.196
3 16 -6.472 0.000 84.702 -6.821 0.000 84.180 -10.802 0.000 87.456
3 16 -6.821 0.000 84.180 -11.622 0.000 86.099 -10.802 0.000 87.456
3 16 -6.821 0.000 84.180 -7.128 0.000 83.632 -11.622 0.000 86.099
3 16 -7.128 0.000 83.632 -12.272 0.000 84.654 -11.622 0.000 86.099
3 16 -8.703 0.000 70.176 -5.196 0.000 73.917 -7.456 0.000 69.198
3 16 7.608 0.000 82.472 12.272 0.000 84.654 7.779 0.000 81.868
3 16 7.608 0.000 82.472 7.391 0.000 83.061 12.272 0.000 84.654
3 16 7.391 0.000 83.061 11.622 0.000 86.099 12.272 0.000 84.654
3 16 7.391 0.000 83.061 7.128 0.000 83.632 11.622 0.000 86.099
3 16 7.128 0.000 83.632 10.802 0.000 87.456 11.622 0.000 86.099
3 16 0.628 0.000 87.975 0.000 0.000 93.125 1.582 0.000 93.029
3 16 0.628 0.000 87.975 0.000 0.000 88.000 0.000 0.000 93.125
3 16 0.000 0.000 88.000 -1.582 0.000 93.029 0.000 0.000 93.125
3 16 0.000 0.000 88.000 -0.628 0.000 87.975 -1.582 0.000 93.029
3 16 -0.628 0.000 87.975 -1.251 0.000 87.902 -1.582 0.000 93.029
3 16 7.902 0.000 78.749 13.029 0.000 78.418 7.779 0.000 78.132
3 16 7.902 0.000 78.749 7.975 0.000 79.372 13.029 0.000 78.418
3 16 7.975 0.000 79.372 13.125 0.000 80.000 13.029 0.000 78.418
3 16 7.975 0.000 79.372 8.000 0.000 80.000 13.125 0.000 80.000
3 16 8.000 0.000 80.000 13.029 0.000 81.582 13.125 0.000 80.000
3 16 8.000 0.000 80.000 7.975 0.000 80.628 13.029 0.000 81.582
3 16 7.975 0.000 80.628 7.902 0.000 81.251 13.029 0.000 81.582
3 16 6.821 0.000 84.180 10.802 0.000 87.456 7.128 0.000 83.632
3 16 6.821 0.000 84.180 6.472 0.000 84.702 10.802 0.000 87.456
3 16 6.472 0.000 84.702 9.824 0.000 88.703 10.802 0.000 87.456
3 16 -7.391 0.000 83.061 -12.272 0.000 84.654 -7.128 0.000 83.632
3 16 -7.391 0.000 83.061 -7.608 0.000 82.472 -12.272 0.000 84.654
3 16 -7.608 0.000 82.472 -12.744 0.000 83.141 -12.272 0.000 84.654
3 16 -7.608 0.000 82.472 -7.779 0.000 81.868 -12.744 0.000 83.141
3 16 -7.779 0.000 81.868 -13.029 0.000 81.582 -12.744 0.000 83.141
3 16 -7.779 0.000 81.868 -7.902 0.000 81.251 -13.029 0.000 81.582
3 16 -7.902 0.000 81.251 -7.975 0.000 80.628 -13.029 0.000 81.582
3 16 -6.472 0.000 75.298 -9.824 0.000 71.297 -10.802 0.000 72.544
3 16 -6.472 0.000 75.298 -6.083 0.000 74.804 -9.824 0.000 71.297
3 16 -6.083 0.000 74.804 -8.703 0.000 70.176 -9.824 0.000 71.297
3 16 -6.083 0.000 74.804 -5.657 0.000 74.343 -8.703 0.000 70.176
3 16 -5.657 0.000 74.343 -5.196 0.000 73.917 -8.703 0.000 70.176
3 16 -4.702 0.000 73.528 -7.456 0.000 69.198 -5.196 0.000 73.917
3 16 -4.702 0.000 73.528 -4.180 0.000 73.179 -7.456 0.000 69.198
3 16 -4.180 0.000 73.179 -6.099 0.000 68.378 -7.456 0.000 69.198
3 16 -4.180 0.000 73.179 -3.632 0.000 72.872 -6.099 0.000 68.378
3 16 -3.632 0.000 72.872 -4.654 0.000 67.728 -6.099 0.000 68.378
3 16 1.251 0.000 72.099 3.141 0.000 67.256 1.582 0.000 66.971
3 16 1.251 0.000 72.099 1.868 0.000 72.221 3.141 0.000 67.256
3 16 1.868 0.000 72.221 4.654 0.000 67.728 3.141 0.000 67.256
3 16 4.180 0.000 86.821 6.099 0.000 91.622 7.456 0.000 90.802
3 16 4.180 0.000 86.821 3.632 0.000 87.128 6.099 0.000 91.622
3 16 3.632 0.000 87.128 4.654 0.000 92.272 6.099 0.000 91.622
3 16 -3.061 0.000 72.609 -4.654 0.000 67.728 -3.632 0.000 72.872
3 16 -3.061 0.000 72.609 -2.472 0.000 72.392 -4.654 0.000 67.728
3 16 -2.472 0.000 72.392 -3.141 0.000 67.256 -4.654 0.000 67.728
3 16 -2.472 0.000 72.392 -1.868 0.000 72.221 -3.141 0.000 67.256
3 16 -1.868 0.000 72.221 -1.582 0.000 66.971 -3.141 0.000 67.256
3 16 -1.251 0.000 72.099 -1.582 0.000 66.971 -1.868 0.000 72.221
3 16 -1.251 0.000 72.099 -0.628 0.000 72.025 -1.582 0.000 66.971
3 16 -0.628 0.000 72.025 0.000 0.000 66.875 -1.582 0.000 66.971
3 16 -0.628 0.000 72.025 0.000 0.000 72.000 0.000 0.000 66.875
3 16 0.000 0.000 72.000 1.582 0.000 66.971 0.000 0.000 66.875
3 16 0.000 0.000 72.000 0.628 0.000 72.025 1.582 0.000 66.971
3 16 0.628 0.000 72.025 1.251 0.000 72.099 1.582 0.000 66.971
3 16 6.083 0.000 85.196 9.824 0.000 88.703 6.472 0.000 84.702
3 16 6.083 0.000 85.196 5.657 0.000 85.657 9.824 0.000 88.703
3 16 5.657 0.000 85.657 8.703 0.000 89.824 9.824 0.000 88.703
3 16 5.657 0.000 85.657 5.196 0.000 86.083 8.703 0.000 89.824
3 16 5.196 0.000 86.083 7.456 0.000 90.802 8.703 0.000 89.824
3 16 5.196 0.000 86.083 4.702 0.000 86.472 7.456 0.000 90.802
3 16 4.702 0.000 86.472 4.180 0.000 86.821 7.456 0.000 90.802
3 16 3.061 0.000 87.391 4.654 0.000 92.272 3.632 0.000 87.128
3 16 3.061 0.000 87.391 2.472 0.000 87.608 4.654 0.000 92.272
3 16 2.472 0.000 87.608 3.141 0.000 92.744 4.654 0.000 92.272
3 16 2.472 0.000 87.608 1.868 0.000 87.779 3.141 0.000 92.744
3 16 1.868 0.000 87.779 1.582 0.000 93.029 3.141 0.000 92.744
3 16 1.868 0.000 87.779 1.251 0.000 87.902 1.582 0.000 93.029
3 16 1.251 0.000 87.902 0.628 0.000 87.975 1.582 0.000 93.029
3 16 -7.608 0.000 77.528 -12.272 0.000 75.346 -7.779 0.000 78.132
3 16 -7.608 0.000 77.528 -7.391 0.000 76.939 -12.272 0.000 75.346
3 16 -7.391 0.000 76.939 -11.622 0.000 73.901 -12.272 0.000 75.346
3 16 -7.391 0.000 76.939 -7.128 0.000 76.368 -11.622 0.000 73.901
3 16 -7.128 0.000 76.368 -10.802 0.000 72.544 -11.622 0.000 73.901
3 16 -7.128 0.000 76.368 -6.821 0.000 75.820 -10.802 0.000 72.544
3 16 -6.821 0.000 75.820 -6.472 0.000 75.298 -10.802 0.000 72.544
3 16 2.472 0.000 72.392 4.654 0.000 67.728 1.868 0.000 72.221
3 16 2.472 0.000 72.392 3.061 0.000 72.609 4.654 0.000 67.728
3 16 3.061 0.000 72.609 6.099 0.000 68.378 4.654 0.000 67.728
3 16 3.061 0.000 72.609 3.632 0.000 72.872 6.099 0.000 68.378
3 16 3.632 0.000 72.872 7.456 0.000 69.198 6.099 0.000 68.378
3 16 4.180 0.000 73.179 7.456 0.000 69.198 3.632 0.000 72.872
3 16 4.180 0.000 73.179 4.702 0.000 73.528 7.456 0.000 69.198
3 16 4.702 0.000 73.528 8.703 0.000 70.176 7.456 0.000 69.198
3 16 4.702 0.000 73.528 5.196 0.000 73.917 8.703 0.000 70.176
3 16 5.196 0.000 73.917 9.824 0.000 71.297 8.703 0.000 70.176
3 16 5.196 0.000 73.917 5.657 0.000 74.343 9.824 0.000 71.297
3 16 5.657 0.000 74.343 6.083 0.000 74.804 9.824 0.000 71.297
3 16 1.582 -37.500 93.029 1.582 0.000 93.029 0.000 0.000 93.125
3 16 1.582 -37.500 93.029 3.141 -37.500 92.744 1.582 0.000 93.029
3 16 3.141 -37.500 92.744 3.141 0.000 92.744 1.582 0.000 93.029
3 16 3.141 -37.500 92.744 4.654 -37.500 92.272 3.141 0.000 92.744
3 16 4.654 -37.500 92.272 4.654 0.000 92.272 3.141 0.000 92.744
3 16 4.654 -37.500 92.272 6.099 -37.500 91.622 4.654 0.000 92.272
3 16 6.099 -37.500 91.622 6.099 0.000 91.622 4.654 0.000 92.272
3 16 6.099 -37.500 91.622 7.456 -37.500 90.802 6.099 0.000 91.622
3 16 7.456 -37.500 90.802 7.456 0.000 90.802 6.099 0.000 91.622
3 16 7.456 -37.500 90.802 8.703 -37.500 89.824 7.456 0.000 90.802
3 16 8.703 -37.500 89.824 8.703 0.000 89.824 7.456 0.000 90.802
3 16 8.703 -37.500 89.824 9.824 -37.500 88.703 8.703 0.000 89.824
3 16 9.824 -37.500 88.703 9.824 0.000 88.703 8.703 0.000 89.824
3 16 9.824 -37.500 88.703 10.802 -37.500 87.456 9.824 0.000 88.703
3 16 10.802 -37.500 87.456 10.802 0.000 87.456 9.824 0.000 88.703
3 16 10.802 -37.500 87.456 11.622 -37.500 86.099 10.802 0.000 87.456
3 16 11.622 -37.500 86.099 11.622 0.000 86.099 10.802 0.000 87.456
3 16 11.622 -37.500 86.099 12.272 -37.500 84.654 11.622 0.000 86.099
3 16 12.272 -37.500 84.654 12.272 0.000 84.654 11.622 0.000 86.099
3 16 12.272 -37.500 84.654 12.744 -37.500 83.141 12.272 0.000 84.654
3 16 12.744 -37.500 83.141 12.744 0.000 83.141 12.272 0.000 84.654
3 16 12.744 -37.500 83.141 13.029 -37.500 81.582 12.744 0.000 83.141
3 16 13.029 -37.500 81.582 13.029 0.000 81.582 12.744 0.000 83.141
3 16 13.029 -37.500 81.582 13.125 -37.500 80.000 13.029 0.000 81.582
3 16 13.125 -37.500 80.000 13.125 0.000 80.000 13.029 0.000 81.582
3 16 13.125 -37.500 80.000 13.029 -37.500 78.418 13.125 0.000 80.000
3 16 13.029 -37.500 78.418 13.029 0.000 78.418 13.125 0.000 80.000
3 16 13.029 -37.500 78.418 12.744 -37.500 76.859 13.029 0.000 78.418
3 16 12.744 -37.500 76.859 12.744 0.000 76.859 13.029 0.000 78.418
3 16 12.744 -37.500 76.859 12.272 -37.500 75.346 12.744 0.000 76.859
3 16 12.272 -37.500 75.346 12.272 0.000 75.346 12.744 0.000 76.859
3 16 12.272 -37.500 75.346 11.622 -37.500 73.901 12.272 0.000 75.346
3 16 11.622 -37.500 73.901 11.622 0.000 73.901 12.272 0.000 75.346
3 16 11.622 -37.500 73.901 10.802 -37.500 72.544 11.622 0.000 73.901
3 16 10.802 -37.500 72.544 10.802 0.000 72.544 11.622 0.000 73.901
3 16 10.802 -37.500 72.544 9.824 -37.500 71.297 10.802 0.000 72.544
3 16 9.824 -37.500 71.297 9.824 0.000 71.297 10.802 0.000 72.544
3 16 9.824 -37.500 71.297 8.703 -37.500 70.176 9.824 0.000 71.297
3 16 8.703 -37.500 70.176 8.703 0.000 70.176 9.824 0.000 71.297
3 16 8.703 -37.500 70.176 7.456 -37.500 69.198 8.703 0.000 70.176
3 16 7.456 -37.500 69.198 7.456 0.000 69.198 8.703 0.000 70.176
3 16 7.456 -37.500 69.198 6.099 -37.500 68.378 7.456 0.000 69.198
3 16 6.099 -37.500 68.378 6.099 0.000 68.378 7.456 0.000 69.198
3 16 6.099 -37.500 68.378 4.654 -37.500 67.728 6.099 0.000 68.378
3 16 4.654 -37.500 67.728 4.654 0.000 67.728 6.099 0.000 68.378
3 16 4.654 -37.500 67.728 3.141 -37.500 67.256 4.654 0.000 67.728
3 16 3.141 -37.500 67.256 3.141 0.000 67.256 4.654 0.000 67.728
3 16 3.141 -37.500 67.256 1.582 -37.500 66.971 3.141 0.000 67.256
3 16 1.582 -37.500 66.971 1.582 0.000 66.971 3.141 0.000 67.256
3 16 1.582 -37.500 66.971 0.000 -37.500 66.875 1.582 0.000 66.971
3 16 0.000 -37.500 66.875 0.000 0.000 66.875 1.582 0.000 66.971
3 16 0.000 -37.500 66.875 -1.582 -37.500 66.971 0.000 0.000 66.875
3 16 -1.582 -37.500 66.971 -1.582 0.000 66.971 0.000 0.000 66.875
3 16 -1.582 -37.500 66.971 -3.141 -37.500 67.256 -1.582 0.000 66.971
3 16 -3.141 -37.500 67.256 -3.141 0.000 67.256 -1.582 0.000 66.971
3 16 -3.141 -37.500 67.256 -4.654 -37.500 67.728 -3.141 0.000 67.256
3 16 -4.654 -37.500 67.728 -4.654 0.000 67.728 -3.141 0.000 67.256
3 16 -4.654 -37.500 67.728 -6.099 -37.500 68.378 -4.654 0.000 67.728
3 16 -6.099 -37.500 68.378 -6.099 0.000 68.378 -4.654 0.000 67.728
3 16 -6.099 -37.500 68.378 -7.456 -37.500 69.198 -6.099 0.000 68.378
3 16 -7.456 -37.500 69.198 -7.456 0.000 69.198 -6.099 0.000 68.378
3 16 -7.456 -37.500 69.198 -8.703 -37.500 70.176 -7.456 0.000 69.198
3 16 -8.703 -37.500 70.176 -8.703 0.000 70.176 -7.456 0.000 69.198
3 16 -8.703 -37.500 70.176 -9.824 -37.500 71.297 -8.703 0.000 70.176
3 16 -9.824 -37.500 71.297 -9.824 0.000 71.297 -8.703 0.000 70.176
3 16 -9.824 -37.500 71.297 -10.802 -37.500 72.544 -9.824 0.000 71.297
3 16 -10.802 -37.500 72.544 -10.802 0.000 72.544 -9.824 0.000 71.297
3 16 -10.802 -37.500 72.544 -11.622 -37.500 73.901 -10.802 0.000 72.544
3 16 -11.622 -37.500 73.901 -11.622 0.000 73.901 -10.802 0.000 72.544
3 16 -11.622 -37.500 73.901 -12.272 -37.500 75.346 -11.622 0.000 73.901
3 16 -12.272 -37.500 75.346 -12.272 0.000 75.346 -11.622 0.000 73.901
3 16 -12.272 -37.500 75.346 -12.744 -37.500 76.859 -12.272 0.000 75.346
3 16 -12.744 -37.500 76.859 -12.744 0.000 76.859 -12.272 0.000 75.346
3 16 -12.744 -37.500 76.859 -13.029 -37.500 78.418 -12.744 0.000 76.859
3 16 -13.029 -37.500 78.418 -13.029 0.000 78.418 -12.744 0.000 76.859
3 16 -13.029 -37.500 78.418 -13.125 -37.500 80.000 -13.029 0.000 78.418
3 16 -13.125 -37.500 80.000 -13.125 0.000 80.000 -13.029 0.000 78.418
3 16 -13.125 -37.500 80.000 -13.029 -37.500 81.582 -13.125 0.000 80.000
3 16 -13.029 -37.500 81.582 -13.029 0.000 81.582 -13.125 0.000 80.000
3 16 -13.029 -37.500 81.582 -12.744 -37.500 83.141 -13.029 0.000 81.582
3 16 -12.744 -37.500 83.141 -12.744 0.000 83.141 -13.029 0.000 81.582
3 16 -12.744 -37.500 83.141 -12.272 -37.500 84.654 -12.744 0.000 83.141
3 16 -12.272 -37.500 84.654 -12.272 0.000 84.654 -12.744 0.000 83.141
3 16 -12.272 -37.500 84.654 -11.622 -37.500 86.099 -12.272 0.000 84.654
3 16 -11.622 -37.500 86.099 -11.622 0.000 86.099 -12.272 0.000 84.654
3 16 -11.622 -37.500 86.099 -10.802 -37.500 87.456 -11.622 0.000 86.099
3 16 -10.802 -37.500 87.456 -10.802 0.000 87.456 -11.622 0.000 86.099
3 16 -10.802 -37.500 87.456 -9.824 -37.500 88.703 -10.802 0.000 87.456
3 16 -9.824 -37.500 88.703 -9.824 0.000 88.703 -10.802 0.000 87.456
3 16 -9.824 -37.500 88.703 -8.703 -37.500 89.824 -9.824 0.000 88.703
3 16 -8.703 -37.500 89.824 -8.703 0.000 89.824 -9.824 0.000 88.703
3 16 -8.703 -37.500 89.824 -7.456 -37.500 90.802 -8.703 0.000 89.824
3 16 -7.456 -37.500 90.802 -7.456 0.000 90.802 -8.703 0.000 89.824
3 16 -7.456 -37.500 90.802 -6.099 -37.500 91.622 -7.456 0.000 90.802
3 16 -6.099 -37.500 91.622 -6.099 0.000 91.622 -7.456 0.000 90.802
3 16 -6.099 -37.500 91.622 -4.654 -37.500 92.272 -6.099 0.000 91.622
3 16 -4.654 -37.500 92.272 -4.654 0.000 92.272 -6.099 0.000 91.622
3 16 -4.654 -37.500 92.272 -3.141 -37.500 92.744 -4.654 0.000 92.272
3 16 -3.141 -37.500 92.744 -3.141 0.000 92.744 -4.654 0.000 92.272
3 16 -3.141 -37.500 92.744 -1.582 -37.500 93.029 -3.141 0.000 92.744
3 16 -1.582 -37.500 93.029 -1.582 0.000 93.029 -3.141 0.000 92.744
3 16 -1.582 -37.500 93.029 0.000 -37.500 93.125 -1.582 0.000 93.029
3 16 0.000 -37.500 93.125 0.000 0.000 93.125 -1.582 0.000 93.029
3 16 0.000 -37.500 93.125 1.582 -37.500 93.029 0.000 0.000 93.125
3 16 -0.588 -0.500 87.477 0.000 -37.000 87.500 -0.588 -37.000 87.477
3 16 -0.588 -0.500 87.477 0.000 -0.500 87.500 0.000 -37.000 87.500
3 16 0.000 -0.500 87.500 0.588 -37.000 87.477 0.000 -37.000 87.500
3 16 0.000 -0.500 87.500 0.588 -0.500 87.477 0.588 -37.000 87.477
3 16 0.588 -0.500 87.477 1.173 -37.000 87.408 0.588 -37.000 87.477
3 16 0.588 -0.500 87.477 1.173 -0.500 87.408 1.173 -37.000 87.408
3 16 1.173 -0.500 87.408 1.751 -37.000 87.293 1.173 -37.000 87.408
3 16 1.173 -0.500 87.408 1.751 -0.500 87.293 1.751 -37.000 87.293
3 16 1.751 -0.500 87.293 2.318 -37.000 87.133 1.751 -37.000 87.293
3 16 1.751 -0.500 87.293 2.318 -0.500 87.133 2.318 -37.000 87.133
3 16 2.318 -0.500 87.133 2.870 -37.000 86.929 2.318 -37.000 87.133
3 16 2.318 -0.500 87.133 2.870 -0.500 86.929 2.870 -37.000 86.929
3 16 2.870 -0.500 86.929 3.405 -37.000 86.683 2.870 -37.000 86.929
3 16 2.870 -0.500 86.929 3.405 -0.500 86.683 3.405 -37.000 86.683
3 16 3.405 -0.500 86.683 3.919 -37.000 86.395 3.405 -37.000 86.683
3 16 3.405 -0.500 86.683 3.919 -0.500 86.395 3.919 -37.000 86.395
3 16 3.919 -0.500 86.395 4.408 -37.000 86.068 3.919 -37.000 86.395
3 16 3.919 -0.500 86.395 4.408 -0.500 86.068 4.408 -37.000 86.068
3 16 4.408 -0.500 86.068 4.871 -37.000 85.703 4.408 -37.000 86.068
3 16 4.408 -0.500 86.068 4.871 -0.500 85.703 4.871 -37.000 85.703
3 16 4.871 -0.500 85.703 5.303 -37.000 85.303 4.871 -37.000 85.703
3 16 4.871 -0.500 85.703 5.303 -0.500 85.303 5.303 -37.000 85.303
3 16 5.303 -0.500 85.303 5.703 -37.000 84.871 5.303 -37.000 85.303
3 16 5.303 -0.500 85.303 5.703 -0.500 84.871 5.703 -37.000 84.871
3 16 5.703 -0.500 84.871 6.068 -37.000 84.408 5.703 -37.000 84.871
3 16 5.703 -0.500 84.871 6.068 -0.500 84.408 6.068 -37.000 84.408
3 16 6.068 -0.500 84.408 6.395 -37.000 83.919 6.068 -37.000 84.408
3 16 6.068 -0.500 84.408 6.395 -0.500 83.919 6.395 -37.000 83.919
3 16 6.395 -0.500 83.919 6.683 -37.000 83.405 6.395 -37.000 83.919
3 16 6.395 -0.500 83.919 6.683 -0.500 83.405 6.683 -37.000 83.405
3 16 6.683 -0.500 83.405 6.929 -37.000 82.870 6.683 -37.000 83.405
3 16 6.683 -0.500 83.405 6.929 -0.500 82.870 6.929 -37.000 82.870
3 16 6.929 -0.500 82.870 7.133 -37.000 82.318 6.929 -37.000 82.870
3 16 6.929 -0.500 82.870 7.133 -0.500 82.318 7.133 -37.000 82.318
3 16 7.133 -0.500 82.318 7.293 -37.000 81.751 7.133 -37.000 82.318
3 16 7.133 -0.500 82.318 7.293 -0.500 81.751 7.293 -37.000 81.751
3 16 7.293 -0.500 81.751 7.408 -37.000 81.173 7.293 -37.000 81.751
3 16 7.293 -0.500 81.751 7.408 -0.500 81.173 7.408 -37.000 81.173
3 16 7.408 -0.500 81.173 7.477 -37.000 80.588 7.408 -37.000 81.173
3 16 7.408 -0.500 81.173 7.477 -0.500 80.588 7.477 -37.000 80.588
3 16 7.477 -0.500 80.588 7.500 -37.000 80.000 7.477 -37.000 80.588
3 16 7.477 -0.500 80.588 7.500 -0.500 80.000 7.500 -37.000 80.000
3 16 7.500 -0.500 80.000 7.477 -37.000 79.412 7.500 -37.000 80.000
3 16 7.500 -0.500 80.000 7.477 -0.500 79.412 7.477 -37.000 79.412
3 16 7.477 -0.500 79.412 7.408 -37.000 78.827 7.477 -37.000 79.412
3 16 7.477 -0.500 79.412 7.408 -0.500 78.827 7.408 -37.000 78.827
3 16 7.408 -0.500 78.827 7.293 -37.000 78.249 7.408 -37.000 78.827
3 16 7.408 -0.500 78.827 7.293 -0.500 78.249 7.293 -37.000 78.249
3 16 7.293 -0.500 78.249 7.133 -37.000 77.682 7.293 -37.000 78.249
3 16 7.293 -0.500 78.249 7.133 -0.500 77.682 7.133 -37.000 77.682
3 16 7.133 -0.500 77.682 6.929 -37.000 77.130 7.133 -37.000 77.682
3 16 7.133 -0.500 77.682 6.929 -0.500 77.130 6.929 -37.000 77.130
3 16 6.929 -0.500 77.130 6.683 -37.000 76.595 6.929 -37.000 77.130
3 16 6.929 -0.500 77.130 6.683 -0.500 76.595 6.683 -37.000 76.595
3 16 6.683 -0.500 76.595 6.395 -37.000 76.081 6.683 -37.000 76.595
3 16 6.683 -0.500 76.595 6.395 -0.500 76.081 6.395 -37.000 76.081
3 16 6.395 -0.500 76.081 6.068 -37.000 75.592 6.395 -37.000 76.081
3 16 6.395 -0.500 76.081 6.068 -0.500 75.592 6.068 -37.000 75.592
3 16 6.068 -0.500 75.592 5.703 -37.000 75.129 6.068 -37.000 75.592
3 16 6.068 -0.500 75.592 5.703 -0.500 75.129 5.703 -37.000 75.129
3 16 5.703 -0.500 75.129 5.303 -37.000 74.697 5.703 -37.000 75.129
3 16 5.703 -0.500 75.129 5.303 -0.500 74.697 5.303 -37.000 74.697
3 16 5.303 -0.500 74.697 4.871 -37.000 74.297 5.303 -37.000 74.697
3 16 5.303 -0.500 74.697 4.871 -0.500 74.297 4.871 -37.000 74.297
3 16 4.871 -0.500 74.297 4.408 -37.000 73.932 4.871 -37.000 74.297
3 16 4.871 -0.500 74.297 4.408 -0.500 73.932 4.408 -37.000 73.932
3 16 4.408 -0.500 73.932 3.919 -37.000 73.605 4.408 -37.000 73.932
3 16 4.408 -0.500 73.932 3.919 -0.500 73.605 3.919 -37.000 73.605
3 16 3.919 -0.500 73.605 3.405 -37.000 73.317 3.919 -37.000 73.605
3 16 3.919 -0.500 73.605 3.405 -0.500 73.317 3.405 -37.000 73.317
3 16 3.405 -0.500 73.317 2.870 -37.000 73.071 3.405 -37.000 73.317
3 16 3.405 -0.500 73.317 2.870 -0.500 73.071 2.870 -37.000 73.071
3 16 2.870 -0.500 73.071 2.318 -37.000 72.867 2.870 -37.000 73.071
3 16 2.870 -0.500 73.071 2.318 -0.500 72.867 2.318 -37.000 72.867
3 16 2.318 -0.500 72.867 1.751 -37.000 72.707 2.318 -37.000 72.867
3 16 2.318 -0.500 72.867 1.751 -0.500 72.707 1.751 -37.000 72.707
3 16 1.751 -0.500 72.707 1.173 -37.000 72.592 1.751 -37.000 72.707
3 16 1.751 -0.500 72.707 1.173 -0.500 72.592 1.173 -37.000 72.592
3 16 1.173 -0.500 72.592 0.588 -37.000 72.523 1.173 -37.000 72.592
3 16 1.173 -0.500 72.592 0.588 -0.500 72.523 0.588 -37.000 72.523
3 16 0.588 -0.500 72.523 0.000 -37.000 72.500 0.588 -37.000 72.523
3 16 0.588 -0.500 72.523 0.000 -0.500 72.500 0.000 -37.000 72.500
3 16 0.000 -0.500 72.500 -0.588 -37.000 72.523 0.000 -37.000 72.500
3 16 0.000 -0.500 72.500 -0.588 -0.500 72.523 -0.588 -37.000 72.523
3 16 -0.588 -0.500 72.523 -1.173 -37.000 72.592 -0.588 -37.000 72.523
3 16 -0.588 -0.500 72.523 -1.173 -0.500 72.592 -1.173 -37.000 72.592
3 16 -1.173 -0.500 72.592 -1.751 -37.000 72.707 -1.173 -37.000 72.592
3 16 -1.173 -0.500 72.592 -1.751 -0.500 72.707 -1.751 -37.000 72.707
3 16 -1.751 -0.500 72.707 -2.318 -37.000 72.867 -1.751 -37.000 72.707
3 16 -1.751 -0.500 72.707 -2.318 -0.500 72.867 -2.318 -37.000 72.867
3 16 -2.318 -0.500 72.867 -2.870 -37.000 73.071 -2.318 -37.000 72.867
3 16 -2.318 -0.500 72.867 -2.870 -0.500 73.071 -2.870 -37.000 73.071
3 16 -2.870 -0.500 73.071 -3.405 -37.000 73.317 -2.870 -37.000 73.071
3 16 -2.870 -0.500 73.071 -3.405 -0.500 73.317 -3.405 -37.000 73.317
3 16 -3.405 -0.500 73.317 -3.919 -37.000 73.605 -3.405 -37.000 73.317
3 16 -3.405 -0.500 73.317 -3.919 -0.500 73.605 -3.919 -37.000 73.605
3 16 -3.919 -0.500 73.605 -4.408 -37.000 73.932 -3.919 -37.000 73.605
3 16 -3.919 -0.500 73.605 -4.408 -0.500 73.932 -4.408 -37.000 73.932
3 16 -4.408 -0.500 73.932 -4.871 -37.000 74.297 -4.408 -37.000 73.932
3 16 -4.408 -0.500 73.932 -4.871 -0.500 74.297 -4.871 -37.000 74.297
3 16 -4.871 -0.500 74.297 -5.303 -37.000 74.697 -4.871 -37.000 74.297
3 16 -4.871 -0.500 74.297 -5.303 -0.500 74.697 -5.303 -37.000 74.697
3 16 -5.303 -0.500 74.697 -5.703 -37.000 75.129 -5.303 -37.000 74.697
3 16 -5.303 -0.500 74.697 -5.703 -0.500 75.129 -5.703 -37.000 75.129
3 16 -5.703 -0.500 75.129 -6.068 -37.000 75.592 -5.703 -37.000 75.129
3 16 -5.703 -0.500 75.129 -6.068 -0.500 75.592 -6.068 -37.000 75.592
3 16 -6.068 -0.500 75.592 -6.395 -37.000 76.081 -6.068 -37.000 75.592
3 16 -6.068 -0.500 75.592 -6.395 -0.500 76.081 -6.395 -37.000 76.081
3 16 -6.395 -0.500 76.081 -6.683 -37.000 76.595 -6.395 -37.000 76.081
3 16 -6.395 -0.500 76.081 -6.683 -0.500 76.595 -6.683 -37.000 76.595
3 16 -6.683 -0.500 76.595 -6.929 -37.000 77.130 -6.683 -37.000 76.595
3 16 -6.683 -0.500 76.595 -6.929 -0.500 77.130 -6.929 -37.000 77.130
3 16 -6.929 -0.500 77.130 -7.133 -37.000 77.682 -6.929 -37.000 77.130
3 16 -6.929 -0.500 77.130 -7.133 -0.500 77.682 -7.133 -37.000 77.682
3 16 -7.133 -0.500 77.682 -7.293 -37.000 78.249 -7.133 -37.000 77.682
3 16 -7.133 -0.500 77.682 -7.293 -0.500 78.249 -7.293 -37.000 78.249
3 16 -7.293 -0.500 78.249 -7.408 -37.000 78.827 -7.293 -37.000 78.249
3 16 -7.293 -0.500 78.249 -7.408 -0.500 78.827 -7.408 -37.000 78.827
3 16 -7.408 -0.500 78.827 -7.477 -37.000 79.412 -7.408 -37.000 78.827
3 16 -7.408 -0.500 78.827 -7.477 -0.500 79.412 -7.477 -37.000 79.412
3 16 -7.477 -0.500 79.412 -7.500 -37.000 80.000 -7.477 -37.000 79.412
3 16 -7.477 -0.500 79.412 -7.500 -0.500 80.000 -7.500 -37.000 80.000
3 16 -7.500 -0.500 80.000 -7.477 -37.000 80.588 -7.500 -37.000 80.000
3 16 -7.500 -0.500 80.000 -7.477 -0.500 80.588 -7.477 -37.000 80.588
3 16 -7.477 -0.500 80.588 -7.408 -37.000 81.173 -7.477 -37.000 80.588
3 16 -7.477 -0.500 80.588 -7.408 -0.500 81.173 -7.408 -37.000 81.173
3 16 -7.408 -0.500 81.173 -7.293 -37.000 81.751 -7.408 -37.000 81.173
3 16 -7.408 -0.500 81.173 -7.293 -0.500 81.751 -7.293 -37.000 81.751
3 16 -7.293 -0.500 81.751 -7.133 -37.000 82.318 -7.293 -37.000 81.751
3 16 -7.293 -0.500 81.751 -7.133 -0.500 82.318 -7.133 -37.000 82.318
3 16 -7.133 -0.500 82.318 -6.929 -37.000 82.870 -7.133 -37.000 82.318
3 16 -7.133 -0.500 82.318 -6.929 -0.500 82.870 -6.929 -37.000 82.870
3 16 -6.929 -0.500 82.870 -6.683 -37.000 83.405 -6.929 -37.000 82.870
3 16 -6.929 -0.500 82.870 -6.683 -0.500 83.405 -6.683 -37.000 83.405
3 16 -6.683 -0.500 83.405 -6.395 -37.000 83.919 -6.683 -37.000 83.405
3 16 -6.683 -0.500 83.405 -6.395 -0.500 83.919 -6.395 -37.000 83.919
3 16 -6.395 -0.500 83.919 -6.068 -37.000 84.408 -6.395 -37.000 83.919
3 16 -6.395 -0.500 83.919 -6.068 -0.500 84.408 -6.068 -37.000 84.408
3 16 -6.068 -0.500 84.408 -5.703 -37.000 84.871 -6.068 -37.000 84.408
3 16 -6.068 -0.500 84.408 -5.703 -0.500 84.871 -5.703 -37.000 84.871
3 16 -5.703 -0.500 84.871 -5.303 -37.000 85.303 -5.703 -37.000 84.871
3 16 -5.703 -0.500 84.871 -5.303 -0.500 85.303 -5.303 -37.000 85.303
3 16 -5.303 -0.500 85.303 -4.871 -37.000 85.703 -5.303 -37.000 85.303
3 16 -5.303 -0.500 85.303 -4.871 -0.500 85.703 -4.871 -37.000 85.703
3 16 -4.871 -0.500 85.703 -4.408 -37.000 86.068 -4.871 -37.000 85.703
3 16 -4.871 -0.500 85.703 -4.408 -0.500 86.068 -4.408 -37.000 86.068
3 16 -4.408 -0.500 86.068 -3.919 -37.000 86.395 -4.408 -37.000 86.068
3 16 -4.408 -0.500 86.068 -3.919 -0.500 86.395 -3.919 -37.000 86.395
3 16 -3.919 -0.500 86.395 -3.405 -37.000 86.683 -3.919 -37.000 86.395
3 16 -3.919 -0.500 86.395 -3.405 -0.500 86.683 -3.405 -37.000 86.683
3 16 -3.405 -0.500 86.683 -2.870 -37.000 86.929 -3.405 -37.000 86.683
3 16 -3.405 -0.500 86.683 -2.870 -0.500 86.929 -2.870 -37.000 86.929
3 16 -2.870 -0.500 86.929 -2.318 -37.000 87.133 -2.870 -37.000 86.929
3 16 -2.870 -0.500 86.929 -2.318 -0.500 87.133 -2.318 -37.000 87.133
3 16 -2.318 -0.500 87.133 -1.751 -37.000 87.293 -2.318 -37.000 87.133
3 16 -2.318 -0.500 87.133 -1.751 -0.500 87.293 -1.751 -37.000 87.293
3 16 -1.751 -0.500 87.293 -1.173 -37.000 87.408 -1.751 -37.000 87.293
3 16 -1.751 -0.500 87.293 -1.173 -0.500 87.408 -1.173 -37.000 87.408
3 16 -1.173 -0.500 87.408 -0.588 -37.000 87.477 -1.173 -37.000 87.408
3 16 -1.173 -0.500 87.408 -0.588 -0.500 87.477 -0.588 -37.000 87.477
3 16 0.628 0.000 87.975 1.173 -0.500 87.408 0.588 -0.500 87.477
3 16 0.628 0.000 87.975 1.251 0.000 87.902 1.173 -0.500 87.408
3 16 1.251 0.000 87.902 1.751 -0.500 87.293 1.173 -0.500 87.408
3 16 1.251 0.000 87.902 1.868 0.000 87.779 1.751 -0.500 87.293
3 16 1.868 0.000 87.779 2.318 -0.500 87.133 1.751 -0.500 87.293
3 16 1.868 0.000 87.779 2.472 0.000 87.608 2.318 -0.500 87.133
3 16 2.472 0.000 87.608 2.870 -0.500 86.929 2.318 -0.500 87.133
3 16 2.472 0.000 87.608 3.061 0.000 87.391 2.870 -0.500 86.929
3 16 3.061 0.000 87.391 3.405 -0.500 86.683 2.870 -0.500 86.929
3 16 3.061 0.000 87.391 3.632 0.000 87.128 3.405 -0.500 86.683
3 16 3.632 0.000 87.128 3.919 -0.500 86.395 3.405 -0.500 86.683
3 16 3.632 0.000 87.128 4.180 0.000 86.821 3.919 -0.500 86.395
3 16 4.180 0.000 86.821 4.408 -0.500 86.068 3.919 -0.500 86.395
3 16 4.180 0.000 86.821 4.702 0.000 86.472 4.408 -0.500 86.068
3 16 4.702 0.000 86.472 4.871 -0.500 85.703 4.408 -0.500 86.068
3 16 4.702 0.000 86.472 5.196 0.000 86.083 4.871 -0.500 85.703
3 16 5.196 0.000 86.083 5.303 -0.500 85.303 4.871 -0.500 85.703
3 16 5.196 0.000 86.083 5.657 0.000 85.657 5.303 -0.500 85.303
3 16 5.657 0.000 85.657 5.703 -0.500 84.871 5.303 -0.500 85.303
3 16 5.657 0.000 85.657 6.083 0.000 85.196 5.703 -0.500 84.871
3 16 6.083 0.000 85.196 6.068 -0.500 84.408 5.703 -0.500 84.871
3 16 6.083 0.000 85.196 6.472 0.000 84.702 6.068 -0.500 84.408
3 16 6.472 0.000 84.702 6.395 -0.500 83.919 6.068 -0.500 84.408
3 16 6.472 0.000 84.702 6.821 0.000 84.180 6.395 -0.500 83.919
3 16 6.821 0.000 84.180 6.683 -0.500 83.405 6.395 -0.500 83.919
3 16 6.821 0.000 84.180 7.128 0.000 83.632 6.683 -0.500 83.405
3 16 7.128 0.000 83.632 6.929 -0.500 82.870 6.683 -0.500 83.405
3 16 7.128 0.000 83.632 7.391 0.000 83.061 6.929 -0.500 82.870
3 16 7.391 0.000 83.061 7.133 -0.500 82.318 6.929 -0.500 82.870
3 16 7.391 0.000 83.061 7.608 0.000 82.472 7.133 -0.500 82.318
3 16 7.608 0.000 82.472 7.293 -0.500 81.751 7.133 -0.500 82.318
3 16 7.608 0.000 82.472 7.779 0.000 81.868 7.293 -0.500 81.751
3 16 7.779 0.000 81.868 7.408 -0.500 81.173 7.293 -0.500 81.751
3 16 7.779 0.000 81.868 7.902 0.000 81.251 7.408 -0.500 81.173
3 16 7.902 0.000 81.251 7.477 -0.500 80.588 7.408 -0.500 81.173
3 16 7.902 0.000 81.251 7.975 0.000 80.628 7.477 -0.500 80.588
3 16 7.975 0.000 80.628 7.500 -0.500 80.000 7.477 -0.500 80.588
3 16 7.975 0.000 80.628 8.000 0.000 80.000 7.500 -0.500 80.000
3 16 8.000 0.000 80.000 7.477 -0.500 79.412 7.500 -0.500 80.000
3 16 8.000 0.000 80.000 7.975 0.000 79.372 7.477 -0.500 79.412
3 16 7.975 0.000 79.372 7.408 -0.500 78.827 7.477 -0.500 79.412
3 16 7.975 0.000 79.372 7.902 0.000 78.749 7.408 -0.500 78.827
3 16 7.902 0.000 78.749 7.293 -0.500 78.249 7.408 -0.500 78.827
3 16 7.902 0.000 78.749 7.779 0.000 78.132 7.293 -0.500 78.249
3 16 7.779 0.000 78.132 7.133 -0.500 77.682 7.293 -0.500 78.249
3 16 7.779 0.000 78.132 7.608 0.000 77.528 7.133 -0.500 77.682
3 16 7.608 0.000 77.528 6.929 -0.500 77.130 7.133 -0.500 77.682
3 16 7.608 0.000 77.528 7.391 0.000 76.939 6.929 -0.500 77.130
3 16 7.391 0.000 76.939 6.683 -0.500 76.595 6.929 -0.500 77.130
3 16 7.391 0.000 76.939 7.128 0.000 76.368 6.683 -0.500 76.595
3 16 7.128 0.000 76.368 6.395 -0.500 76.081 6.683 -0.500 76.595
3 16 7.128 0.000 76.368 6.821 0.000 75.820 6.395 -0.500 76.081
3 16 6.821 0.000 75.820 6.068 -0.500 75.592 6.395 -0.500 76.081
3 16 6.821 0.000 75.820 6.472 0.000 75.298 6.068 -0.500 75.592
3 16 6.472 0.000 75.298 5.703 -0.500 75.129 6.068 -0.500 75.592
3 16 6.472 0.000 75.298 6.083 0.000 74.804 5.703 -0.500 75.129
3 16 6.083 0.000 74.804 5.303 -0.500 74.697 5.703 -0.500 75.129
3 16 6.083 0.000 74.804 5.657 0.000 74.343 5.303 -0.500 74.697
3 16 5.657 0.000 74.343 4.871 -0.500 74.297 5.303 -0.500 74.697
3 16 5.657 0.000 74.343 5.196 0.000 73.917 4.871 -0.500 74.297
3 16 5.196 0.000 73.917 4.408 -0.500 73.932 4.871 -0.500 74.297
3 16 5.196 0.000 73.917 4.702 0.000 73.528 4.408 -0.500 73.932
3 16 4.702 0.000 73.528 3.919 -0.500 73.605 4.408 -0.500 73.932
3 16 4.702 0.000 73.528 4.180 0.000 73.179 3.919 -0.500 73.605
3 16 4.180 0.000 73.179 3.405 -0.500 73.317 3.919 -0.500 73.605
3 16 4.180 0.000 73.179 3.632 0.000 72.872 3.405 -0.500 73.317
3 16 3.632 0.000 72.872 2.870 -0.500 73.071 3.405 -0.500 73.317
3 16 3.632 0.000 72.872 3.061 0.000 72.609 2.870 -0.500 73.071
3 16 3.061 0.000 72.609 2.318 -0.500 72.867 2.870 -0.500 73.071
3 16 3.061 0.000 72.609 2.472 0.000 72.392 2.318 -0.500 72.867
3 16 2.472 0.000 72.392 1.751 -0.500 72.707 2.318 -0.500 72.867
3 16 2.472 0.000 72.392 1.868 0.000 72.221 1.751 -0.500 72.707
3 16 1.868 0.000 72.221 1.173 -0.500 72.592 1.751 -0.500 72.707
3 16 1.868 0.000 72.221 1.251 0.000 72.099 1.173 -0.500 72.592
3 16 1.251 0.000 72.099 0.588 -0.500 72.523 1.173 -0.500 72.592
3 16 1.251 0.000 72.099 0.628 0.000 72.025 0.588 -0.500 72.523
3 16 0.628 0.000 72.025 0.000 -0.500 72.500 0.588 -0.500 72.523
3 16 0.628 0.000 72.025 0.000 0.000 72.000 0.000 -0.500 72.500
3 16 0.000 0.000 72.000 -0.588 -0.500 72.523 0.000 -0.500 72.500
3 16 0.000 0.000 72.000 -0.628 0.000 72.025 -0.588 -0.500 72.523
3 16 -0.628 0.000 72.025 -1.173 -0.500 72.592 -0.588 -0.500 72.523
3 16 -0.628 0.000 72.025 -1.251 0.000 72.099 -1.173 -0.500 72.592
3 16 -1.251 0.000 72.099 -1.751 -0.500 72.707 -1.173 -0.500 72.592
3 16 -1.251 0.000 72.099 -1.868 0.000 72.221 -1.751 -0.500 72.707
3 16 -1.868 0.000 72.221 -2.318 -0.500 72.867 -1.751 -0.500 72.707
3 16 -1.868 0.000 72.221 -2.472 0.000 72.392 -2.318 -0.500 72.867
3 16 -2.472 0.000 72.392 -2.870 -0.500 73.071 -2.318 -0.500 72.867
3 16 -2.472 0.000 72.392 -3.061 0.000 72.609 -2.870 -0.500 73.071
3 16 -3.061 0.000 72.609 -3.405 -0.500 73.317 -2.870 -0.500 73.071
3 16 -3.061 0.000 72.609 -3.632 0.000 72.872 -3.405 -0.500 73.317
3 16 -3.632 0.000 72.872 -3.919 -0.500 73.605 -3.405 -0.500 73.317
3 16 -3.632 0.000 72.872 -4.180 0.000 73.179 -3.919 -0.500 73.605
3 16 -4.180 0.000 73.179 -4.408 -0.500 73.932 -3.919 -0.500 73.605
3 16 -4.180 0.000 73.179 -4.702 0.000 73.528 -4.408 -0.500 73.932
3 16 -4.702 0.000 73.528 -4.871 -0.500 74.297 -4.408 -0.500 73.932
3 16 -4.702 0.000 73.528 -5.196 0.000 73.917 -4.871 -0.500 74.297
3 16 -5.196 0.000 73.917 -5.303 -0.500 74.697 -4.871 -0.500 74.297
3 16 -5.196 0.000 73.917 -5.657 0.000 74.343 -5.303 -0.500 74.697
3 16 -5.657 0.000 74.343 -5.703 -0.500 75.129 -5.303 -0.500 74.697
3 16 -5.657 0.000 74.343 -6.083 0.000 74.804 -5.703 -0.500 75.129
3 16 -6.083 0.000 74.804 -6.068 -0.500 75.592 -5.703 -0.500 75.129
3 16 -6.083 0.000 74.804 -6.472 0.000 75.298 -6.068 -0.500 75.592
3 16 -6.472 0.000 75.298 -6.395 -0.500 76.081 -6.068 -0.500 75.592
3 16 -6.472 0.000 75.298 -6.821 0.000 75.820 -6.395 -0.500 76.081
3 16 -6.821 0.000 75.820 -6.683 -0.500 76.595 -6.395 -0.500 76.081
3 16 -6.821 0.000 75.820 -7.128 0.000 76.368 -6.683 -0.500 76.595
3 16 -7.128 0.000 76.368 -6.929 -0.500 77.130 -6.683 -0.500 76.595
3 16 -7.128 0.000 76.368 -7.391 0.000 76.939 -6.929 -0.500 77.130
3 16 -7.391 0.000 76.939 -7.133 -0.500 77.682 -6.929 -0.500 77.130
3 16 -7.391 0.000 76.939 -7.608 0.000 77.528 -7.133 -0.500 77.682
3 16 -7.608 0.000 77.528 -7.293 -0.500 78.249 -7.133 -0.500 77.682
3 16 -7.608 0.000 77.528 -7.779 0.000 78.132 -7.293 -0.500 78.249
3 16 -7.779 0.000 78.132 -7.408 -0.500 78.827 -7.293 -0.500 78.249
3 16 -7.779 0.000 78.132 -7.902 0.000 78.749 -7.408 -0.500 78.827
3 16 -7.902 0.000 78.749 -7.477 -0.500 79.412 -7.408 -0.500 78.827
3 16 -7.902 0.000 78.749 -7.975 0.000 79.372 -7.477 -0.500 79.412
3 16 -7.975 0.000 79.372 -7.500 -0.500 80.000 -7.477 -0.500 79.412
3 16 -7.975 0.000 79.372 -8.000 0.000 80.000 -7.500 -0.500 80.000
3 16 -8.000 0.000 80.000 -7.477 -0.500 80.588 -7.500 -0.500 80.000
3 16 -8.000 0.000 80.000 -7.975 0.000 80.628 -7.477 -0.500 80.588
3 16 -7.975 0.000 80.628 -7.408 -0.500 81.173 -7.477 -0.500 80.588
3 16 -7.975 0.000 80.628 -7.902 0.000 81.251 -7.408 -0.500 81.173
3 16 -7.902 0.000 81.251 -7.293 -0.500 81.751 -7.408 -0.500 81.173
3 16 -7.902 0.000 81.251 -7.779 0.000 81.868 -7.293 -0.500 81.751
3 16 -7.779 0.000 81.868 -7.133 -0.500 82.318 -7.293 -0.500 81.751
3 16 -7.779 0.000 81.868 -7.608 0.000 82.472 -7.133 -0.500 82.318
3 16 -7.608 0.000 82.472 -6.929 -0.500 82.870 -7.133 -0.500 82.318
3 16 -7.608 0.000 82.472 -7.391 0.000 83.061 -6.929 -0.500 82.870
3 16 -7.391 0.000 83.061 -6.683 -0.500 83.405 -6.929 -0.500 82.870
3 16 -7.391 0.000 83.061 -7.128 0.000 83.632 -6.683 -0.500 83.405
3 16 -7.128 0.000 83.632 -6.395 -0.500 83.919 -6.683 -0.500 83.405
3 16 -7.128 0.000 83.632 -6.821 0.000 84.180 -6.395 -0.500 83.919
3 16 -6.821 0.000 84.180 -6.068 -0.500 84.408 -6.395 -0.500 83.919
3 16 -6.821 0.000 84.180 -6.472 0.000 84.702 -6.068 -0.500 84.408
3 16 -6.472 0.000 84.702 -5.703 -0.500 84.871 -6.068 -0.500 84.408
3 16 -6.472 0.000 84.702 -6.083 0.000 85.196 -5.703 -0.500 84.871
3 16 -6.083 0.000 85.196 -5.303 -0.500 85.303 -5.703 -0.500 84.871
3 16 -6.083 0.000 85.196 -5.657 0.000 85.657 -5.303 -0.500 85.303
3 16 -5.657 0.000 85.657 -4.871 -0.500 85.703 -5.303 -0.500 85.303
3 16 -5.657 0.000 85.657 -5.196 0.000 86.083 -4.871 -0.500 85.703
3 16 -5.196 0.000 86.083 -4.408 -0.500 86.068 -4.871 -0.500 85.703
3 16 -5.196 0.000 86.083 -4.702 0.000 86.472 -4.408 -0.500 86.068
3 16 -4.702 0.000 86.472 -3.919 -0.500 86.395 -4.408 -0.500 86.068
3 16 -4.702 0.000 86.472 -4.180 0.000 86.821 -3.919 -0.500 86.395
3 16 -4.180 0.000 86.821 -3.405 -0.500 86.683 -3.919 -0.500 86.395
3 16 -4.180 0.000 86.821 -3.632 0.000 87.128 -3.405 -0.500 86.683
3 16 -3.632 0.000 87.128 -2.870 -0.500 86.929 -3.405 -0.500 86.683
3 16 -3.632 0.000 87.128 -3.061 0.000 87.391 -2.870 -0.500 86.929
3 16 -3.061 0.000 87.391 -2.318 -0.500 87.133 -2.870 -0.500 86.929
3 16 -3.061 0.000 87.391 -2.472 0.000 87.608 -2.318 -0.500 87.133
3 16 -2.472 0.000 87.608 -1.751 -0.500 87.293 -2.318 -0.500 87.133
3 16 -2.472 0.000 87.608 -1.868 0.000 87.779 -1.751 -0.500 87.293
3 16 -1.868 0.000 87.779 -1.173 -0.500 87.408 -1.751 -0.500 87.293
3 16 -1.868 0.000 87.779 -1.251 0.000 87.902 -1.173 -0.500 87.408
3 16 -1.251 0.000 87.902 -0.588 -0.500 87.477 -1.173 -0.500 87.408
3 16 -1.251 0.000 87.902 -0.628 0.000 87.975 -0.588 -0.500 87.477
3 16 -0.628 0.000 87.975 0.000 -0.500 87.500 -0.588 -0.500 87.477
3 16 -0.628 0.000 87.975 0.000 0.000 88.000 0.000 -0.500 87.500
3 16 0.000 0.000 88.000 0.588 -0.500 87.477 0.000 -0.500 87.500
3 16 0.000 0.000 88.000 0.628 0.000 87.975 0.588 -0.500 87.477
3 16 0.628 -37.500 72.025 1.173 -37.000 72.592 0.588 -37.000 72.523
3 16 0.628 -37.500 72.025 1.251 -37.500 72.099 1.173 -37.000 72.592
3 16 1.251 -37.500 72.099 1.751 -37.000 72.707 1.173 -37.000 72.592
3 16 1.251 -37.500 72.099 1.868 -37.500 72.221 1.751 -37.000 72.707
3 16 1.868 -37.500 72.221 2.318 -37.000 72.867 1.751 -37.000 72.707
3 16 1.868 -37.500 72.221 2.472 -37.500 72.392 2.318 -37.000 72.867
3 16 2.472 -37.500 72.392 2.870 -37.000 73.071 2.318 -37.000 72.867
3 16 2.472 -37.500 72.392 3.061 -37.500 72.609 2.870 -37.000 73.071
3 16 3.061 -37.500 72.609 3.405 -37.000 73.317 2.870 -37.000 73.071
3 16 3.061 -37.500 72.609 3.632 -37.500 72.872 3.405 -37.000 73.317
3 16 3.632 -37.500 72.872 3.919 -37.000 73.605 3.405 -37.000 73.317
3 16 3.632 -37.500 72.872 4.180 -37.500 73.179 3.919 -37.000 73.605
3 16 4.180 -37.500 73.179 4.408 -37.000 73.932 3.919 -37.000 73.605
3 16 4.180 -37.500 73.179 4.702 -37.500 73.528 4.408 -37.000 73.932
3 16 4.702 -37.500 73.528 4.871 -37.000 74.297 4.408 -37.000 73.932
3 16 4.702 -37.500 73.528 5.196 -37.500 73.917 4.871 -37.000 74.297
3 16 5.196 -37.500 73.917 5.303 -37.000 74.697 4.871 -37.000 74.297
3 16 5.196 -37.500 73.917 5.657 -37.500 74.343 5.303 -37.000 74.697
3 16 5.657 -37.500 74.343 5.703 -37.000 75.129 5.303 -37.000 74.697
3 16 5.657 -37.500 74.343 6.083 -37.500 74.804 5.703 -37.000 75.129
3 16 6.083 -37.500 74.804 6.068 -37.000 75.592 5.703 -37.000 75.129
3 16 6.083 -37.500 74.804 6.472 -37.500 75.298 6.068 -37.000 75.592
3 16 6.472 -37.500 75.298 6.395 -37.000 76.081 6.068 -37.000 75.592
3 16 6.472 -37.500 75.298 6.821 -37.500 75.820 6.395 -37.000 76.081
3 16 6.821 -37.500 75.820 6.683 -37.000 76.595 6.395 -37.000 76.081
3 16 6.821 -37.500 75.820 7.128 -37.500 76.368 6.683 -37.000 76.595
3 16 7.128 -37.500 76.368 6.929 -37.000 77.130 6.683 -37.000 76.595
3 16 7.128 -37.500 76.368 7.391 -37.500 76.939 6.929 -37.000 77.130
3 16 7.391 -37.500 76.939 7.133 -37.000 77.682 6.929 -37.000 77.130
3 16 7.391 -37.500 76.939 7.608 -37.500 77.528 7.133 -37.000 77.682
3 16 7.608 -37.500 77.528 7.293 -37.000 78.249 7.133 -37.000 77.682
3 16 7.608 -37.500 77.528 7.779 -37.500 78.132 7.293 -37.000 78.249
3 16 7.779 -37.500 78.132 7.408 -37.000 78.827 7.293 -37.000 78.249
3 16 7.779 -37.500 78.132 7.902 -37.500 78.749 7.408 -37.000 78.827
3 16 7.902 -37.500 78.749 7.477 -37.000 79.412 7.408 -37.000 78.827
3 16 7.902 -37.500 78.749 7.975 -37.500 79.372 7.477 -37.000 79.412
3 16 7.975 -37.500 79.372 7.500 -37.000 80.000 7.477 -37.000 79.412
3 16 7.975 -37.500 79.372 8.000 -37.500 80.000 7.500 -37.000 80.000
3 16 8.000 -37.500 80.000 7.477 -37.000 80.588 7.500 -37.000 80.000
3 16 8.000 -37.500 80.000 7.975 -37.500 80.628 7.477 -37.000 80.588
3 16 7.975 -37.500 80.628 7.408 -37.000 81.173 7.477 -37.000 80.588
3 16 7.975 -37.500 80.628 7.902 -37.500 81.251 7.408 -37.000 81.173
3 16 7.902 -37.500 81.251 7.293 -37.000 81.751 7.408 -37.000 81.173
3 16 7.902 -37.500 81.251 7.779 -37.500 81.868 7.293 -37.000 81.751
3 16 7.779 -37.500 81.868 7.133 -37.000 82.318 7.293 -37.000 81.751
3 16 7.779 -37.500 81.868 7.608 -37.500 82.472 7.133 -37.000 82.318
3 16 7.608 -37.500 82.472 6.929 -37.000 82.870 7.133 -37.000 82.318
3 16 7.608 -37.500 82.472 7.391 -37.500 83.061 6.929 -37.000 82.870
3 16 7.391 -37.500 83.061 6.683 -37.000 83.405 6.929 -37.000 82.870
3 16 7.391 -37.500 83.061 7.128 -37.500 83.632 6.683 -37.000 83.405
3 16 7.128 -37.500 83.632 6.395 -37.000 83.919 6.683 -37.000 83.405
3 16 7.128 -37.500 83.632 6.821 -37.500 84.180 6.395 -37.000 83.919
3 16 6.821 -37.500 84.180 6.068 -37.000 84.408 6.395 -37.000 83.919
3 16 6.821 -37.500 84.180 6.472 -37.500 84.702 6.068 -37.000 84.408
3 16 6.472 -37.500 84.702 5.703 -37.000 84.871 6.068 -37.000 84.408
3 16 6.472 -37.500 84.702 6.083 -37.500 85.196 5.703 -37.000 84.871
3 16 6.083 -37.500 85.196 5.303 -37.000 85.303 5.703 -37.000 84.871
3 16 6.083 -37.500 85.196 5.657 -37.500 85.657 5.303 -37.000 85.303
3 16 5.657 -37.500 85.657 4.871 -37.000 85.703 5.303 -37.000 85.303
3 16 5.657 -37.500 85.657 5.196 -37.500 86.083 4.871 -37.000 85.703
3 16 5.196 -37.500 86.083 4.408 -37.000 86.068 4.871 -37.000 85.703
3 16 5.196 -37.500 86.083 4.702 -37.500 86.472 4.408 -37.000 86.068
3 16 4.702 -37.500 86.472 3.919 -37.000 86.395 4.408 -37.000 86.068
3 16 4.702 -37.500 86.472 4.180 -37.500 86.821 3.919 -37.000 86.395
3 16 4.180 -37.500 86.821 3.405 -37.000 86.683 3.919 -37.000 86.395
3 16 4.180 -37.500 86.821 3.632 -37.500 87.128 3.405 -37.000 86.683
3 16 3.632 -37.500 87.128 2.870 -37.000 86.929 3.405 -37.000 86.683
3 16 3.632 -37.500 87.128 3.061 -37.500 87.391 2.870 -37.000 86.929
3 16 3.061 -37.500 87.391 2.318 -37.000 87.133 2.870 -37.000 86.929
3 16 3.061 -37.500 87.391 2.472 -37.500 87.608 2.318 -37.000 87.133
3 16 2.472 -37.500 87.608 1.751 -37.000 87.293 2.318 -37.000 87.133
3 16 2.472 -37.500 87.608 1.868 -37.500 87.779 1.751 -37.000 87.293
3 16 1.868 -37.500 87.779 1.173 -37.000 87.408 1.751 -37.000 87.293
3 16 1.868 -37.500 87.779 1.251 -37.500 87.902 1.173 -37.000 87.408
3 16 1.251 -37.500 87.902 0.588 -37.000 87.477 1.173 -37.000 87.408
3 16 1.251 -37.500 87.902 0.628 -37.500 87.975 0.588 -37.000 87.477
3 16 0.628 -37.500 87.975 0.000 -37.000 87.500 0.588 -37.000 87.477
3 16 0.628 -37.500 87.975 0.000 -37.500 88.000 0.000 -37.000 87.500
3 16 0.000 -37.500 88.000 -0.588 -37.000 87.477 0.000 -37.000 87.500
3 16 0.000 -37.500 88.000 -0.628 -37.500 87.975 -0.588 -37.000 87.477
3 16 -0.628 -37.500 87.975 -1.173 -37.000 87.408 -0.588 -37.000 87.477
3 16 -0.628 -37.500 87.975 -1.251 -37.500 87.902 -1.173 -37.000 87.408
3 16 -1.251 -37.500 87.902 -1.751 -37.000 87.293 -1.173 -37.000 87.408
3 16 -1.251 -37.500 87.902 -1.868 -37.500 87.779 -1.751 -37.000 87.293
3 16 -1.868 -37.500 87.779 -2.318 -37.000 87.133 -1.751 -37.000 87.293
3 16 -1.868 -37.500 87.779 -2.472 -37.500 87.608 -2.318 -37.000 87.133
3 16 -2.472 -37.500 87.608 -2.870 -37.000 86.929 -2.318 -37.000 87.133
3 16 -2.472 -37.500 87.608 -3.061 -37.500 87.391 -2.870 -37.000 86.929
3 16 -3.061 -37.500 87.391 -3.405 -37.000 86.683 -2.870 -37.000 86.929
3 16 -3.061 -37.500 87.391 -3.632 -37.500 87.128 -3.405 -37.000 86.683
3 16 -3.632 -37.500 87.128 -3.919 -37.000 86.395 -3.405 -37.000 86.683
3 16 -3.632 -37.500 87.128 -4.180 -37.500 86.821 -3.919 -37.000 86.395
3 16 -4.180 -37.500 86.821 -4.408 -37.000 86.068 -3.919 -37.000 86.395
3 16 -4.180 -37.500 86.821 -4.702 -37.500 86.472 -4.408 -37.000 86.068
3 16 -4.702 -37.500 86.472 -4.871 -37.000 85.703 -4.408 -37.000 86.068
3 16 -4.702 -37.500 86.472 -5.196 -37.500 86.083 -4.871 -37.000 85.703
3 16 -5.196 -37.500 86.083 -5.303 -37.000 85.303 -4.871 -37.000 85.703
3 16 -5.196 -37.500 86.083 -5.657 -37.500 85.657 -5.303 -37.000 85.303
3 16 -5.657 -37.500 85.657 -5.703 -37.000 84.871 -5.303 -37.000 85.303
3 16 -5.657 -37.500 85.657 -6.083 -37.500 85.196 -5.703 -37.000 84.871
3 16 -6.083 -37.500 85.196 -6.068 -37.000 84.408 -5.703 -37.000 84.871
3 16 -6.083 -37.500 85.196 -6.472 -37.500 84.702 -6.068 -37.000 84.408
3 16 -6.472 -37.500 84.702 -6.395 -37.000 83.919 -6.068 -37.000 84.408
3 16 -6.472 -37.500 84.702 -6.821 -37.500 84.180 -6.395 -37.000 83.919
3 16 -6.821 -37.500 84.180 -6.683 -37.000 83.405 -6.395 -37.000 83.919
3 16 -6.821 -37.500 84.180 -7.128 -37.500 83.632 -6.683 -37.000 83.405
3 16 -7.128 -37.500 83.632 -6.929 -37.000 82.870 -6.683 -37.000 83.405
3 16 -7.128 -37.500 83.632 -7.391 -37.500 83.061 -6.929 -37.000 82.870
3 16 -7.391 -37.500 83.061 -7.133 -37.000 82.318 -6.929 -37.000 82.870
3 16 -7.391 -37.500 83.061 -7.608 -37.500 82.472 -7.133 -37.000 82.318
3 16 -7.608 -37.500 82.472 -7.293 -37.000 81.751 -7.133 -37.000 82.318
3 16 -7.608 -37.500 82.472 -7.779 -37.500 81.868 -7.293 -37.000 81.751
3 16 -7.779 -37.500 81.868 -7.408 -37.000 81.173 -7.293 -37.000 81.751
3 16 -7.779 -37.500 81.868 -7.902 -37.500 81.251 -7.408 -37.000 81.173
3 16 -7.902 -37.500 81.251 -7.477 -37.000 80.588 -7.408 -37.000 81.173
3 16 -7.902 -37.500 81.251 -7.975 -37.500 80.628 -7.477 -37.000 80.588
3 16 -7.975 -37.500 80.628 -7.500 -37.000 80.000 -7.477 -37.000 80.588
3 16 -7.975 -37.500 80.628 -8.000 -37.500 80.000 -7.500 -37.000 80.000
3 16 -8.000 -37.500 80.000 -7.477 -37.000 79.412 -7.500 -37.000 80.000
3 16 -8.000 -37.500 80.000 -7.975 -37.500 79.372 -7.477 -37.000 79.412
3 16 -7.975 -37.500 79.372 -7.408 -37.000 78.827 -7.477 -37.000 79.412
3 16 -7.975 -37.500 79.372 -7.902 -37.500 78.749 -7.408 -37.000 78.827
3 16 -7.902 -37.500 78.749 -7.293 -37.000 78.249 -7.408 -37.000 78.827
3 16 -7.902 -37.500 78.749 -7.779 -37.500 78.132 -7.293 -37.000 78.249
3 16 -7.779 -37.500 78.132 -7.133 -37.000 77.682 -7.293 -37.000 78.249
3 16 -7.779 -37.500 78.132 -7.608 -37.500 77.528 -7.133 -37.000 77.682
3 16 -7.608 -37.500 77.528 -6.929 -37.000 77.130 -7.133 -37.000 77.682
3 16 -7.608 -37.500 77.528 -7.391 -37.500 76.939 -6.929 -37.000 77.130
3 16 -7.391 -37.500 76.939 -6.683 -37.000 76.595 -6.929 -37.000 77.130
3 16 -7.391 -37.500 76.939 -7.128 -37.500 76.368 -6.683 -37.000 76.595
3 16 -7.128 -37.500 76.368 -6.395 -37.000 76.081 -6.683 -37.000 76.595
3 16 -7.128 -37.500 76.368 -6.821 -37.500 75.820 -6.395 -37.000 76.081
3 16 -6.821 -37.500 75.820 -6.068 -37.000 75.592 -6.395 -37.000 76.081
3 16 -6.821 -37.500 75.820 -6.472 -37.500 75.298 -6.068 -37.000 75.592
3 16 -6.472 -37.500 75.298 -5.703 -37.000 75.129 -6.068 -37.000 75.592
3 16 -6.472 -37.500 75.298 -6.083 -37.500 74.804 -5.703 -37.000 75.129
3 16 -6.083 -37.500 74.804 -5.303 -37.000 74.697 -5.703 -37.000 75.129
3 16 -6.083 -37.500 74.804 -5.657 -37.500 74.343 -5.303 -37.000 74.697
3 16 -5.657 -37.500 74.343 -4.871 -37.000 74.297 -5.303 -37.000 74.697
3 16 -5.657 -37.500 74.343 -5.196 -37.500 73.917 -4.871 -37.000 74.297
3 16 -5.196 -37.500 73.917 -4.408 -37.000 73.932 -4.871 -37.000 74.297
3 16 -5.196 -37.500 73.917 -4.702 -37.500 73.528 -4.408 -37.000 73.932
3 16 -4.702 -37.500 73.528 -3.919 -37.000 73.605 -4.408 -37.000 73.932
3 16 -4.702 -37.500 73.528 -4.180 -37.500 73.179 -3.919 -37.000 73.605
3 16 -4.180 -37.500 73.179 -3.405 -37.000 73.317 -3.919 -37.000 73.605
3 16 -4.180 -37.500 73.179 -3.632 -37.500 72.872 -3.405 -37.000 73.317
3 16 -3.632 -37.500 72.872 -2.870 -37.000 73.071 -3.405 -37.000 73.317
3 16 -3.632 -37.500 72.872 -3.061 -37.500 72.609 -2.870 -37.000 73.071
3 16 -3.061 -37.500 72.609 -2.318 -37.000 72.867 -2.870 -37.000 73.071
3 16 -3.061 -37.500 72.609 -2.472 -37.500 72.392 -2.318 -37.000 72.867
3 16 -2.472 -37.500 72.392 -1.751 -37.000 72.707 -2.318 -37.000 72.867
3 16 -2.472 -37.500 72.392 -1.868 -37.500 72.221 -1.751 -37.000 72.707
3 16 -1.868 -37.500 72.221 -1.173 -37.000 72.592 -1.751 -37.000 72.707
3 16 -1.868 -37.500 72.221 -1.251 -37.500 72.099 -1.173 -37.000 72.592
3 16 -1.251 -37.500 72.099 -0.588 -37.000 72.523 -1.173 -37.000 72.592
3 16 -1.251 -37.500 72.099 -0.628 -37.500 72.025 -0.588 -37.000 72.523
3 16 -0.628 -37.500 72.025 0.000 -37.000 72.500 -0.588 -37.000 72.523
3 16 -0.628 -37.500 72.025 0.000 -37.500 72.000 0.000 -37.000 72.500
3 16 0.000 -37.500 72.000 0.588 -37.000 72.523 0.000 -37.000 72.500
3 16 0.000 -37.500 72.000 0.628 -37.500 72.025 0.588 -37.000 72.523
2 24 -4.654 -37.500 67.728 -6.099 -37.500 68.378
2 24 -2.472 -37.500 72.392 -3.061 -37.500 72.609
2 24 -7.902 -37.500 81.251 -7.975 -37.500 80.628
2 24 12.272 -37.500 84.654 11.622 -37.500 86.099
2 24 7.608 -37.500 82.472 7.391 -37.500 83.061
2 24 7.133 -37.000 82.318 6.929 -37.000 82.870
2 24 -2.318 -37.000 72.867 -2.870 -37.000 73.071
2 24 -7.408 -37.000 81.173 -7.477 -37.000 80.588
2 24 -1.173 -37.000 87.408 -1.751 -37.000 87.293
2 24 7.902 -37.500 78.749 7.779 -37.500 78.132
2 24 7.408 -37.000 78.827 7.293 -37.000 78.249
2 24 -3.061 -37.500 72.609 -3.632 -37.500 72.872
2 24 -4.654 -37.500 92.272 -6.099 -37.500 91.622
2 24 7.391 -37.500 83.061 7.128 -37.500 83.632
2 24 -11.622 -37.500 86.099 -12.272 -37.500 84.654
2 24 0.000 -37.000 87.500 -0.588 -37.000 87.477
2 24 6.929 -37.000 82.870 6.683 -37.000 83.405
2 24 -2.870 -37.000 73.071 -3.405 -37.000 73.317
2 24 -7.500 -37.000 80.000 -7.477 -37.000 80.588
2 24 -6.099 -37.500 68.378 -7.456 -37.500 69.198
2 24 11.622 -37.500 86.099 10.802 -37.500 87.456
2 24 0.588 -37.000 87.477 0.000 -37.000 87.500
2 24 -7.477 -37.000 79.412 -7.500 -37.000 80.000
2 24 -8.000 -37.500 80.000 -7.975 -37.500 80.628
2 24 -12.272 -37.500 84.654 -12.744 -37.500 83.141
2 24 0.000 -37.500 88.000 -0.628 -37.500 87.975
2 24 13.125 -37.500 80.000 13.029 -37.500 78.418
2 24 -1.582 -37.500 66.971 -3.141 -37.500 67.256
2 24 13.029 -37.500 81.582 12.744 -37.500 83.141
2 24 -6.083 -37.500 85.196 -6.472 -37.500 84.702
2 24 -5.657 -37.500 85.657 -6.083 -37.500 85.196
2 24 -5.196 -37.500 86.083 -5.657 -37.500 85.657
2 24 -6.395 -37.000 83.919 -6.683 -37.000 83.405
2 24 -3.919 -37.000 86.395 -4.408 -37.000 86.068
2 24 -1.251 -37.500 72.099 -1.868 -37.500 72.221
2 24 -3.141 -37.500 67.256 -4.654 -37.500 67.728
2 24 12.744 -37.500 83.141 12.272 -37.500 84.654
2 24 -7.128 -37.500 83.632 -7.391 -37.500 83.061
2 24 -3.632 -37.500 87.128 -4.180 -37.500 86.821
2 24 7.902 -37.500 81.251 7.779 -37.500 81.868
2 24 -6.929 -37.000 82.870 -7.133 -37.000 82.318
2 24 -2.870 -37.000 86.929 -3.405 -37.000 86.683
2 24 7.408 -37.000 81.173 7.293 -37.000 81.751
2 24 -1.173 -37.000 72.592 -1.751 -37.000 72.707
2 24 2.472 -37.500 72.392 1.868 -37.500 72.221
2 24 2.318 -37.000 72.867 1.751 -37.000 72.707
2 24 -1.868 -37.500 72.221 -2.472 -37.500 72.392
2 24 7.779 -37.500 81.868 7.608 -37.500 82.472
2 24 7.293 -37.000 81.751 7.133 -37.000 82.318
2 24 -1.751 -37.000 72.707 -2.318 -37.000 72.867
2 24 -7.293 -37.000 81.751 -7.408 -37.000 81.173
2 24 -1.751 -37.000 87.293 -2.318 -37.000 87.133
2 24 -7.608 -37.500 82.472 -7.779 -37.500 81.868
2 24 -2.472 -37.500 87.608 -3.061 -37.500 87.391
2 24 -1.251 -37.500 87.902 -1.868 -37.500 87.779
2 24 -9.824 -37.500 88.703 -10.802 -37.500 87.456
2 24 -8.703 -37.500 89.824 -9.824 -37.500 88.703
2 24 6.099 -37.500 91.622 4.654 -37.500 92.272
2 24 7.456 -37.500 90.802 6.099 -37.500 91.622
2 24 -10.802 -37.500 72.544 -11.622 -37.500 73.901
2 24 -11.622 -37.500 73.901 -12.272 -37.500 75.346
2 24 0.000 -37.500 66.875 -1.582 -37.500 66.971
2 24 13.125 -37.500 80.000 13.029 -37.500 81.582
2 24 1.251 -37.500 72.099 0.628 -37.500 72.025
2 24 1.173 -37.000 72.592 0.588 -37.000 72.523
2 24 3.632 -37.500 87.128 3.061 -37.500 87.391
2 24 -5.657 -37.500 74.343 -6.083 -37.500 74.804
2 24 -13.029 -37.500 78.418 -13.125 -37.500 80.000
2 24 4.180 -37.500 86.821 3.632 -37.500 87.128
2 24 5.196 -37.500 86.083 4.702 -37.500 86.472
2 24 -6.083 -37.500 74.804 -6.472 -37.500 75.298
2 24 -6.821 -37.500 75.820 -7.128 -37.500 76.368
2 24 -7.128 -37.500 76.368 -7.391 -37.500 76.939
2 24 1.582 -37.500 93.029 0.000 -37.500 93.125
2 24 5.657 -37.500 85.657 5.196 -37.500 86.083
2 24 3.919 -37.000 86.395 3.405 -37.000 86.683
2 24 4.408 -37.000 86.068 3.919 -37.000 86.395
2 24 4.871 -37.000 85.703 4.408 -37.000 86.068
2 24 -5.703 -37.000 75.129 -6.068 -37.000 75.592
2 24 -6.068 -37.000 75.592 -6.395 -37.000 76.081
2 24 -6.395 -37.000 76.081 -6.683 -37.000 76.595
2 24 4.654 -37.500 92.272 3.141 -37.500 92.744
2 24 -12.272 -37.500 75.346 -12.744 -37.500 76.859
2 24 1.582 -37.500 66.971 0.000 -37.500 66.875
2 24 -3.632 -37.500 72.872 -4.180 -37.500 73.179
2 24 -7.975 -37.500 79.372 -8.000 -37.500 80.000
2 24 -12.744 -37.500 83.141 -13.029 -37.500 81.582
2 24 -3.141 -37.500 92.744 -4.654 -37.500 92.272
2 24 0.628 -37.500 87.975 0.000 -37.500 88.000
2 24 7.128 -37.500 83.632 6.821 -37.500 84.180
2 24 6.683 -37.000 83.405 6.395 -37.000 83.919
2 24 -3.405 -37.000 73.317 -3.919 -37.000 73.605
2 24 -4.180 -37.500 73.179 -4.702 -37.500 73.528
2 24 -13.029 -37.500 81.582 -13.125 -37.500 80.000
2 24 -7.902 -37.500 78.749 -7.975 -37.500 79.372
2 24 -1.582 -37.500 93.029 -3.141 -37.500 92.744
2 24 1.251 -37.500 87.902 0.628 -37.500 87.975
2 24 6.821 -37.500 84.180 6.472 -37.500 84.702
2 24 1.751 -37.000 87.293 1.173 -37.000 87.408
2 24 6.395 -37.000 83.919 6.068 -37.000 84.408
2 24 -3.919 -37.000 73.605 -4.408 -37.000 73.932
2 24 -7.293 -37.000 78.249 -7.408 -37.000 78.827
2 24 -7.456 -37.500 69.198 -8.703 -37.500 70.176
2 24 1.868 -37.500 87.779 1.251 -37.500 87.902
2 24 -7.779 -37.500 78.132 -7.902 -37.500 78.749
2 24 10.802 -37.500 87.456 9.824 -37.500 88.703
2 24 6.068 -37.000 84.408 5.703 -37.000 84.871
2 24 -4.408 -37.000 73.932 -4.871 -37.000 74.297
2 24 1.868 -37.500 72.221 1.251 -37.500 72.099
2 24 1.751 -37.000 72.707 1.173 -37.000 72.592
2 24 -4.702 -37.500 73.528 -5.196 -37.500 73.917
2 24 6.472 -37.500 84.702 6.083 -37.500 85.196
2 24 2.318 -37.000 87.133 1.751 -37.000 87.293
2 24 -7.133 -37.000 77.682 -7.293 -37.000 78.249
2 24 -8.703 -37.500 70.176 -9.824 -37.500 71.297
2 24 3.061 -37.500 87.391 2.472 -37.500 87.608
2 24 9.824 -37.500 88.703 8.703 -37.500 89.824
2 24 -7.391 -37.500 76.939 -7.608 -37.500 77.528
2 24 3.405 -37.000 86.683 2.870 -37.000 86.929
2 24 5.303 -37.000 85.303 4.871 -37.000 85.703
2 24 -5.303 -37.000 74.697 -5.703 -37.000 75.129
2 24 -6.683 -37.000 76.595 -6.929 -37.000 77.130
2 24 -5.196 -37.500 73.917 -5.657 -37.500 74.343
2 24 6.083 -37.500 85.196 5.657 -37.500 85.657
2 24 2.472 -37.500 87.608 1.868 -37.500 87.779
2 24 -7.608 -37.500 77.528 -7.779 -37.500 78.132
2 24 2.870 -37.000 86.929 2.318 -37.000 87.133
2 24 5.703 -37.000 84.871 5.303 -37.000 85.303
2 24 -4.871 -37.000 74.297 -5.303 -37.000 74.697
2 24 -6.929 -37.000 77.130 -7.133 -37.000 77.682
2 24 7.975 -37.500 79.372 7.902 -37.500 78.749
2 24 7.477 -37.000 79.412 7.408 -37.000 78.827
2 24 -9.824 -37.500 71.297 -10.802 -37.500 72.544
2 24 8.703 -37.500 89.824 7.456 -37.500 90.802
2 24 3.141 -37.500 92.744 1.582 -37.500 93.029
2 24 -12.744 -37.500 76.859 -13.029 -37.500 78.418
2 24 7.477 -37.000 80.588 7.408 -37.000 81.173
2 24 -0.588 -37.000 72.523 -1.173 -37.000 72.592
2 24 -5.703 -37.000 84.871 -6.068 -37.000 84.408
2 24 -5.303 -37.000 85.303 -5.703 -37.000 84.871
2 24 -4.871 -37.000 85.703 -5.303 -37.000 85.303
2 24 0.628 -37.500 72.025 0.000 -37.500 72.000
2 24 7.975 -37.500 79.372 8.000 -37.500 80.000
2 24 7.477 -37.000 79.412 7.500 -37.000 80.000
2 24 0.588 -37.000 72.523 0.000 -37.000 72.500
2 24 0.000 -37.500 93.125 -1.582 -37.500 93.029
2 24 -7.779 -37.500 81.868 -7.902 -37.500 81.251
2 24 -0.628 -37.500 72.025 -1.251 -37.500 72.099
2 24 7.975 -37.500 80.628 7.902 -37.500 81.251
2 24 -6.068 -37.000 84.408 -6.395 -37.000 83.919
2 24 -4.408 -37.000 86.068 -4.871 -37.000 85.703
2 24 -7.391 -37.500 83.061 -7.608 -37.500 82.472
2 24 -3.061 -37.500 87.391 -3.632 -37.500 87.128
2 24 -7.133 -37.000 82.318 -7.293 -37.000 81.751
2 24 -2.318 -37.000 87.133 -2.870 -37.000 86.929
2 24 4.702 -37.500 86.472 4.180 -37.500 86.821
2 24 -6.472 -37.500 75.298 -6.821 -37.500 75.820
2 24 -4.180 -37.500 86.821 -4.702 -37.500 86.472
2 24 -6.821 -37.500 84.180 -7.128 -37.500 83.632
2 24 -6.683 -37.000 83.405 -6.929 -37.000 82.870
2 24 -3.405 -37.000 86.683 -3.919 -37.000 86.395
2 24 0.000 -37.500 72.000 -0.628 -37.500 72.025
2 24 8.000 -37.500 80.000 7.975 -37.500 80.628
2 24 7.500 -37.000 80.000 7.477 -37.000 80.588
2 24 0.000 -37.000 72.500 -0.588 -37.000 72.523
2 24 7.456 -37.500 69.198 6.099 -37.500 68.378
2 24 -8.000 0.000 80.000 -7.975 0.000 80.628
2 24 -4.654 0.000 92.272 -6.099 0.000 91.622
2 24 11.622 0.000 86.099 10.802 0.000 87.456
2 24 0.000 0.000 88.000 -0.628 0.000 87.975
2 24 -12.272 0.000 84.654 -12.744 0.000 83.141
2 24 -6.099 0.000 68.378 -7.456 0.000 69.198
2 24 0.000 -0.500 87.500 -0.588 -0.500 87.477
2 24 6.929 -0.500 82.870 6.683 -0.500 83.405
2 24 -2.870 -0.500 73.071 -3.405 -0.500 73.317
2 24 -7.500 -0.500 80.000 -7.477 -0.500 80.588
2 24 4.180 -37.500 73.179 3.632 -37.500 72.872
2 24 -6.083 0.000 74.804 -6.472 0.000 75.298
2 24 4.180 0.000 86.821 3.632 0.000 87.128
2 24 5.196 0.000 86.083 4.702 0.000 86.472
2 24 4.702 0.000 86.472 4.180 0.000 86.821
2 24 -6.821 0.000 75.820 -7.128 0.000 76.368
2 24 -6.472 0.000 75.298 -6.821 0.000 75.820
2 24 3.405 -0.500 86.683 2.870 -0.500 86.929
2 24 3.919 -0.500 86.395 3.405 -0.500 86.683
2 24 4.408 -0.500 86.068 3.919 -0.500 86.395
2 24 4.871 -0.500 85.703 4.408 -0.500 86.068
2 24 5.303 -0.500 85.303 4.871 -0.500 85.703
2 24 3.919 -37.000 73.605 3.405 -37.000 73.317
2 24 -5.303 -0.500 74.697 -5.703 -0.500 75.129
2 24 -5.703 -0.500 75.129 -6.068 -0.500 75.592
2 24 -6.068 -0.500 75.592 -6.395 -0.500 76.081
2 24 -6.395 -0.500 76.081 -6.683 -0.500 76.595
2 24 -6.683 -0.500 76.595 -6.929 -0.500 77.130
2 24 6.099 -37.500 68.378 4.654 -37.500 67.728
2 24 -6.099 -37.500 91.622 -7.456 -37.500 90.802
2 24 -0.628 -37.500 87.975 -1.251 -37.500 87.902
2 24 -4.702 -37.500 86.472 -5.196 -37.500 86.083
2 24 -6.472 -37.500 84.702 -6.821 -37.500 84.180
2 24 -1.868 -37.500 87.779 -2.472 -37.500 87.608
2 24 -7.456 -37.500 90.802 -8.703 -37.500 89.824
2 24 -10.802 -37.500 87.456 -11.622 -37.500 86.099
2 24 -0.588 -37.000 87.477 -1.173 -37.000 87.408
2 24 12.272 -37.500 75.346 11.622 -37.500 73.901
2 24 -7.975 0.000 79.372 -8.000 0.000 80.000
2 24 -3.141 0.000 92.744 -4.654 0.000 92.272
2 24 0.628 0.000 87.975 0.000 0.000 88.000
2 24 7.128 0.000 83.632 6.821 0.000 84.180
2 24 -12.744 0.000 83.141 -13.029 0.000 81.582
2 24 -3.632 0.000 72.872 -4.180 0.000 73.179
2 24 0.588 -0.500 87.477 0.000 -0.500 87.500
2 24 -7.477 -0.500 79.412 -7.500 -0.500 80.000
2 24 7.391 -37.500 76.939 7.128 -37.500 76.368
2 24 13.029 -37.500 78.418 12.744 -37.500 76.859
2 24 -9.824 0.000 71.297 -10.802 0.000 72.544
2 24 8.703 0.000 89.824 7.456 0.000 90.802
2 24 6.929 -37.000 77.130 6.683 -37.000 76.595
2 24 -12.744 0.000 76.859 -13.029 0.000 78.418
2 24 3.141 0.000 92.744 1.582 0.000 93.029
2 24 11.622 -37.500 73.901 10.802 -37.500 72.544
2 24 7.391 0.000 83.061 7.128 0.000 83.632
2 24 -3.061 0.000 72.609 -3.632 0.000 72.872
2 24 -11.622 0.000 86.099 -12.272 0.000 84.654
2 24 7.128 -37.500 76.368 6.821 -37.500 75.820
2 24 -13.029 0.000 78.418 -13.125 0.000 80.000
2 24 1.582 0.000 93.029 0.000 0.000 93.125
2 24 -5.657 0.000 74.343 -6.083 0.000 74.804
2 24 5.657 0.000 85.657 5.196 0.000 86.083
2 24 3.632 0.000 87.128 3.061 0.000 87.391
2 24 -7.128 0.000 76.368 -7.391 0.000 76.939
2 24 6.683 -37.000 76.595 6.395 -37.000 76.081
2 24 4.702 -37.500 73.528 4.180 -37.500 73.179
2 24 -8.703 0.000 70.176 -9.824 0.000 71.297
2 24 9.824 0.000 88.703 8.703 0.000 89.824
2 24 3.061 0.000 87.391 2.472 0.000 87.608
2 24 -7.391 0.000 76.939 -7.608 0.000 77.528
2 24 2.870 -0.500 86.929 2.318 -0.500 87.133
2 24 5.703 -0.500 84.871 5.303 -0.500 85.303
2 24 4.408 -37.000 73.932 3.919 -37.000 73.605
2 24 -4.871 -0.500 74.297 -5.303 -0.500 74.697
2 24 -6.929 -0.500 77.130 -7.133 -0.500 77.682
2 24 6.821 -37.500 75.820 6.472 -37.500 75.298
2 24 4.654 -37.500 67.728 3.141 -37.500 67.256
2 24 -5.196 0.000 73.917 -5.657 0.000 74.343
2 24 6.083 0.000 85.196 5.657 0.000 85.657
2 24 6.395 -37.000 76.081 6.068 -37.000 75.592
2 24 4.871 -37.000 74.297 4.408 -37.000 73.932
2 24 5.196 -37.500 73.917 4.702 -37.500 73.528
2 24 2.472 0.000 87.608 1.868 0.000 87.779
2 24 -7.608 0.000 77.528 -7.779 0.000 78.132
2 24 2.318 -0.500 87.133 1.751 -0.500 87.293
2 24 6.068 -0.500 84.408 5.703 -0.500 84.871
2 24 6.068 -37.000 75.592 5.703 -37.000 75.129
2 24 5.303 -37.000 74.697 4.871 -37.000 74.297
2 24 -4.408 -0.500 73.932 -4.871 -0.500 74.297
2 24 -7.133 -0.500 77.682 -7.293 -0.500 78.249
2 24 10.802 -37.500 72.544 9.824 -37.500 71.297
2 24 8.703 -37.500 70.176 7.456 -37.500 69.198
2 24 -10.802 0.000 87.456 -11.622 0.000 86.099
2 24 3.632 -37.500 72.872 3.061 -37.500 72.609
2 24 7.608 -37.500 77.528 7.391 -37.500 76.939
2 24 7.456 0.000 90.802 6.099 0.000 91.622
2 24 6.099 0.000 91.622 4.654 0.000 92.272
2 24 -11.622 0.000 73.901 -12.272 0.000 75.346
2 24 -10.802 0.000 72.544 -11.622 0.000 73.901
2 24 3.405 -37.000 73.317 2.870 -37.000 73.071
2 24 -12.272 0.000 75.346 -12.744 0.000 76.859
2 24 4.654 0.000 92.272 3.141 0.000 92.744
2 24 3.061 -37.500 72.609 2.472 -37.500 72.392
2 24 2.870 -37.000 73.071 2.318 -37.000 72.867
2 24 3.141 -37.500 67.256 1.582 -37.500 66.971
2 24 7.133 -37.000 77.682 6.929 -37.000 77.130
2 24 1.173 -37.000 87.408 0.588 -37.000 87.477
2 24 -7.408 -37.000 78.827 -7.477 -37.000 79.412
2 24 12.744 -37.500 76.859 12.272 -37.500 75.346
2 24 6.472 -37.500 75.298 6.083 -37.500 74.804
2 24 6.083 -37.500 74.804 5.657 -37.500 74.343
2 24 5.657 -37.500 74.343 5.196 -37.500 73.917
2 24 0.000 0.000 93.125 -1.582 0.000 93.029
2 24 5.703 -37.000 75.129 5.303 -37.000 74.697
2 24 -7.779 0.000 78.132 -7.902 0.000 78.749
2 24 -4.702 0.000 73.528 -5.196 0.000 73.917
2 24 6.472 0.000 84.702 6.083 0.000 85.196
2 24 1.868 0.000 87.779 1.251 0.000 87.902
2 24 1.751 -0.500 87.293 1.173 -0.500 87.408
2 24 -7.293 -0.500 78.249 -7.408 -0.500 78.827
2 24 7.779 -37.500 78.132 7.608 -37.500 77.528
2 24 7.293 -37.000 78.249 7.133 -37.000 77.682
2 24 9.824 -37.500 71.297 8.703 -37.500 70.176
2 24 -7.456 0.000 90.802 -8.703 0.000 89.824
2 24 -8.703 0.000 89.824 -9.824 0.000 88.703
2 24 -9.824 0.000 88.703 -10.802 0.000 87.456
2 24 7.133 -0.500 82.318 6.929 -0.500 82.870
2 24 -2.318 -0.500 72.867 -2.870 -0.500 73.071
2 24 -6.099 0.000 91.622 -7.456 0.000 90.802
2 24 -0.628 0.000 87.975 -1.251 0.000 87.902
2 24 -0.588 -0.500 87.477 -1.173 -0.500 87.408
2 24 6.683 -0.500 83.405 6.395 -0.500 83.919
2 24 -3.405 -0.500 73.317 -3.919 -0.500 73.605
2 24 10.802 0.000 72.544 9.824 0.000 71.297
2 24 8.703 0.000 70.176 7.456 0.000 69.198
2 24 -4.702 0.000 86.472 -5.196 0.000 86.083
2 24 -6.472 0.000 84.702 -6.821 0.000 84.180
2 24 -6.068 -0.500 84.408 -6.395 -0.500 83.919
2 24 -4.408 -0.500 86.068 -4.871 -0.500 85.703
2 24 -3.919 -0.500 86.395 -4.408 -0.500 86.068
2 24 -5.196 0.000 86.083 -5.657 0.000 85.657
2 24 -5.657 0.000 85.657 -6.083 0.000 85.196
2 24 -6.083 0.000 85.196 -6.472 0.000 84.702
2 24 7.477 -0.500 80.588 7.408 -0.500 81.173
2 24 -0.588 -0.500 72.523 -1.173 -0.500 72.592
2 24 -5.703 -0.500 84.871 -6.068 -0.500 84.408
2 24 -5.303 -0.500 85.303 -5.703 -0.500 84.871
2 24 -4.871 -0.500 85.703 -5.303 -0.500 85.303
2 24 -1.251 0.000 87.902 -1.868 0.000 87.779
2 24 7.608 0.000 82.472 7.391 0.000 83.061
2 24 -7.902 0.000 81.251 -7.975 0.000 80.628
2 24 -2.472 0.000 72.392 -3.061 0.000 72.609
2 24 -7.408 -0.500 81.173 -7.477 -0.500 80.588
2 24 -1.173 -0.500 87.408 -1.751 -0.500 87.293
2 24 -7.456 0.000 69.198 -8.703 0.000 70.176
2 24 10.802 0.000 87.456 9.824 0.000 88.703
2 24 6.395 -0.500 83.919 6.068 -0.500 84.408
2 24 -3.919 -0.500 73.605 -4.408 -0.500 73.932
2 24 -13.029 0.000 81.582 -13.125 0.000 80.000
2 24 -7.902 0.000 78.749 -7.975 0.000 79.372
2 24 -1.582 0.000 93.029 -3.141 0.000 92.744
2 24 6.821 0.000 84.180 6.472 0.000 84.702
2 24 -4.180 0.000 73.179 -4.702 0.000 73.528
2 24 1.251 0.000 87.902 0.628 0.000 87.975
2 24 1.173 -0.500 87.408 0.588 -0.500 87.477
2 24 -7.408 -0.500 78.827 -7.477 -0.500 79.412
2 24 7.902 0.000 81.251 7.779 0.000 81.868
2 24 12.744 0.000 83.141 12.272 0.000 84.654
2 24 -3.632 0.000 87.128 -4.180 0.000 86.821
2 24 -3.141 0.000 67.256 -4.654 0.000 67.728
2 24 -1.251 0.000 72.099 -1.868 0.000 72.221
2 24 -6.683 -0.500 83.405 -6.929 -0.500 82.870
2 24 -3.405 -0.500 86.683 -3.919 -0.500 86.395
2 24 -4.180 0.000 86.821 -4.702 0.000 86.472
2 24 -6.821 0.000 84.180 -7.128 0.000 83.632
2 24 -6.395 -0.500 83.919 -6.683 -0.500 83.405
2 24 -3.061 0.000 87.391 -3.632 0.000 87.128
2 24 -7.391 0.000 83.061 -7.608 0.000 82.472
2 24 -6.929 -0.500 82.870 -7.133 -0.500 82.318
2 24 -2.870 -0.500 86.929 -3.405 -0.500 86.683
2 24 7.408 -0.500 81.173 7.293 -0.500 81.751
2 24 -1.173 -0.500 72.592 -1.751 -0.500 72.707
2 24 7.975 0.000 80.628 7.902 0.000 81.251
2 24 -0.628 0.000 72.025 -1.251 0.000 72.099
2 24 8.000 0.000 80.000 7.975 0.000 80.628
2 24 0.000 0.000 72.000 -0.628 0.000 72.025
2 24 7.975 0.000 79.372 8.000 0.000 80.000
2 24 0.628 0.000 72.025 0.000 0.000 72.000
2 24 6.472 0.000 75.298 6.083 0.000 74.804
2 24 12.744 0.000 76.859 12.272 0.000 75.346
2 24 5.657 0.000 74.343 5.196 0.000 73.917
2 24 6.083 0.000 74.804 5.657 0.000 74.343
2 24 6.821 0.000 75.820 6.472 0.000 75.298
2 24 4.654 0.000 67.728 3.141 0.000 67.256
2 24 4.702 0.000 73.528 4.180 0.000 73.179
2 24 6.068 -0.500 75.592 5.703 -0.500 75.129
2 24 5.703 -0.500 75.129 5.303 -0.500 74.697
2 24 5.303 -0.500 74.697 4.871 -0.500 74.297
2 24 5.196 0.000 73.917 4.702 0.000 73.528
2 24 11.622 0.000 73.901 10.802 0.000 72.544
2 24 7.128 0.000 76.368 6.821 0.000 75.820
2 24 6.395 -0.500 76.081 6.068 -0.500 75.592
2 24 4.871 -0.500 74.297 4.408 -0.500 73.932
2 24 12.272 0.000 75.346 11.622 0.000 73.901
2 24 12.272 0.000 84.654 11.622 0.000 86.099
2 24 -4.654 0.000 67.728 -6.099 0.000 68.378
2 24 -1.868 0.000 87.779 -2.472 0.000 87.608
2 24 -7.779 0.000 81.868 -7.902 0.000 81.251
2 24 7.293 -0.500 81.751 7.133 -0.500 82.318
2 24 -1.751 -0.500 72.707 -2.318 -0.500 72.867
2 24 -7.293 -0.500 81.751 -7.408 -0.500 81.173
2 24 -1.751 -0.500 87.293 -2.318 -0.500 87.133
2 24 7.391 0.000 76.939 7.128 0.000 76.368
2 24 13.029 0.000 78.418 12.744 0.000 76.859
2 24 3.919 -0.500 73.605 3.405 -0.500 73.317
2 24 6.683 -0.500 76.595 6.395 -0.500 76.081
2 24 7.608 0.000 77.528 7.391 0.000 76.939
2 24 3.141 0.000 67.256 1.582 0.000 66.971
2 24 3.405 -0.500 73.317 2.870 -0.500 73.071
2 24 3.632 0.000 72.872 3.061 0.000 72.609
2 24 6.929 -0.500 77.130 6.683 -0.500 76.595
2 24 7.779 0.000 78.132 7.608 0.000 77.528
2 24 2.870 -0.500 73.071 2.318 -0.500 72.867
2 24 13.029 0.000 81.582 12.744 0.000 83.141
2 24 -1.582 0.000 66.971 -3.141 0.000 67.256
2 24 7.500 -0.500 80.000 7.477 -0.500 80.588
2 24 0.000 -0.500 72.500 -0.588 -0.500 72.523
2 24 1.173 -0.500 72.592 0.588 -0.500 72.523
2 24 1.251 0.000 72.099 0.628 0.000 72.025
2 24 -7.128 0.000 83.632 -7.391 0.000 83.061
2 24 1.582 0.000 66.971 0.000 0.000 66.875
2 24 2.318 -0.500 72.867 1.751 -0.500 72.707
2 24 7.902 0.000 78.749 7.779 0.000 78.132
2 24 -2.472 0.000 87.608 -3.061 0.000 87.391
2 24 7.779 0.000 81.868 7.608 0.000 82.472
2 24 -7.608 0.000 82.472 -7.779 0.000 81.868
2 24 -1.868 0.000 72.221 -2.472 0.000 72.392
2 24 -7.133 -0.500 82.318 -7.293 -0.500 81.751
2 24 -2.318 -0.500 87.133 -2.870 -0.500 86.929
2 24 1.868 0.000 72.221 1.251 0.000 72.099
2 24 7.408 -0.500 78.827 7.293 -0.500 78.249
2 24 13.125 0.000 80.000 13.029 0.000 78.418
2 24 7.975 0.000 79.372 7.902 0.000 78.749
2 24 1.751 -0.500 72.707 1.173 -0.500 72.592
2 24 2.472 0.000 72.392 1.868 0.000 72.221
2 24 7.293 -0.500 78.249 7.133 -0.500 77.682
2 24 13.125 0.000 80.000 13.029 0.000 81.582
2 24 0.000 0.000 66.875 -1.582 0.000 66.971
2 24 7.477 -0.500 79.412 7.408 -0.500 78.827
2 24 7.477 -0.500 79.412 7.500 -0.500 80.000
2 24 0.588 -0.500 72.523 0.000 -0.500 72.500
2 24 3.061 0.000 72.609 2.472 0.000 72.392
2 24 7.133 -0.500 77.682 6.929 -0.500 77.130
2 24 6.099 0.000 68.378 4.654 0.000 67.728
2 24 7.456 0.000 69.198 6.099 0.000 68.378
2 24 4.180 0.000 73.179 3.632 0.000 72.872
2 24 4.408 -0.500 73.932 3.919 -0.500 73.605
2 24 9.824 0.000 71.297 8.703 0.000 70.176
