0 FILE MX08-0015.dat
0 4mm Bearing Tube - 15mm
0 Name:  MX08-0015.dat
0 Author:  
0 BL_Item_No 08-0015
0 BFC CERTIFY CCW
3 16 0.000 -37.500 -5.625 0.447 -37.000 -5.105 0.000 -37.000 -5.125
3 16 0.000 -37.500 -5.625 0.490 -37.500 -5.604 0.447 -37.000 -5.105
3 16 0.490 -37.500 -5.604 0.890 -37.000 -5.047 0.447 -37.000 -5.105
3 16 0.490 -37.500 -5.604 0.977 -37.500 -5.540 0.890 -37.000 -5.047
3 16 0.977 -37.500 -5.540 1.326 -37.000 -4.950 0.890 -37.000 -5.047
3 16 0.977 -37.500 -5.540 1.456 -37.500 -5.433 1.326 -37.000 -4.950
3 16 1.456 -37.500 -5.433 1.753 -37.000 -4.816 1.326 -37.000 -4.950
3 16 1.456 -37.500 -5.433 1.924 -37.500 -5.286 1.753 -37.000 -4.816
3 16 1.924 -37.500 -5.286 2.166 -37.000 -4.645 1.753 -37.000 -4.816
3 16 1.924 -37.500 -5.286 2.377 -37.500 -5.098 2.166 -37.000 -4.645
3 16 2.377 -37.500 -5.098 2.562 -37.000 -4.438 2.166 -37.000 -4.645
3 16 2.377 -37.500 -5.098 2.812 -37.500 -4.871 2.562 -37.000 -4.438
3 16 2.812 -37.500 -4.871 2.940 -37.000 -4.198 2.562 -37.000 -4.438
3 16 2.812 -37.500 -4.871 3.226 -37.500 -4.608 2.940 -37.000 -4.198
3 16 3.226 -37.500 -4.608 3.294 -37.000 -3.926 2.940 -37.000 -4.198
3 16 3.226 -37.500 -4.608 3.616 -37.500 -4.309 3.294 -37.000 -3.926
3 16 3.616 -37.500 -4.309 3.624 -37.000 -3.624 3.294 -37.000 -3.926
3 16 3.616 -37.500 -4.309 3.977 -37.500 -3.977 3.624 -37.000 -3.624
3 16 3.977 -37.500 -3.977 3.926 -37.000 -3.294 3.624 -37.000 -3.624
3 16 3.977 -37.500 -3.977 4.309 -37.500 -3.616 3.926 -37.000 -3.294
3 16 4.309 -37.500 -3.616 4.198 -37.000 -2.940 3.926 -37.000 -3.294
3 16 4.309 -37.500 -3.616 4.608 -37.500 -3.226 4.198 -37.000 -2.940
3 16 4.608 -37.500 -3.226 4.438 -37.000 -2.563 4.198 -37.000 -2.940
3 16 4.608 -37.500 -3.226 4.871 -37.500 -2.813 4.438 -37.000 -2.563
3 16 4.871 -37.500 -2.813 4.645 -37.000 -2.166 4.438 -37.000 -2.563
3 16 4.871 -37.500 -2.813 5.098 -37.500 -2.377 4.645 -37.000 -2.166
3 16 5.098 -37.500 -2.377 4.816 -37.000 -1.753 4.645 -37.000 -2.166
3 16 5.098 -37.500 -2.377 5.286 -37.500 -1.924 4.816 -37.000 -1.753
3 16 5.286 -37.500 -1.924 4.950 -37.000 -1.326 4.816 -37.000 -1.753
3 16 5.286 -37.500 -1.924 5.433 -37.500 -1.456 4.950 -37.000 -1.326
3 16 5.433 -37.500 -1.456 5.047 -37.000 -0.890 4.950 -37.000 -1.326
3 16 5.433 -37.500 -1.456 5.540 -37.500 -0.977 5.047 -37.000 -0.890
3 16 5.540 -37.500 -0.977 5.105 -37.000 -0.447 5.047 -37.000 -0.890
3 16 5.540 -37.500 -0.977 5.604 -37.500 -0.490 5.105 -37.000 -0.447
3 16 5.604 -37.500 -0.490 5.125 -37.000 0.000 5.105 -37.000 -0.447
3 16 5.604 -37.500 -0.490 5.625 -37.500 0.000 5.125 -37.000 0.000
3 16 5.625 -37.500 0.000 5.105 -37.000 0.447 5.125 -37.000 0.000
3 16 5.625 -37.500 0.000 5.604 -37.500 0.490 5.105 -37.000 0.447
3 16 5.604 -37.500 0.490 5.047 -37.000 0.890 5.105 -37.000 0.447
3 16 5.604 -37.500 0.490 5.540 -37.500 0.977 5.047 -37.000 0.890
3 16 5.540 -37.500 0.977 4.950 -37.000 1.326 5.047 -37.000 0.890
3 16 5.540 -37.500 0.977 5.433 -37.500 1.456 4.950 -37.000 1.326
3 16 5.433 -37.500 1.456 4.816 -37.000 1.753 4.950 -37.000 1.326
3 16 5.433 -37.500 1.456 5.286 -37.500 1.924 4.816 -37.000 1.753
3 16 5.286 -37.500 1.924 4.645 -37.000 2.166 4.816 -37.000 1.753
3 16 5.286 -37.500 1.924 5.098 -37.500 2.377 4.645 -37.000 2.166
3 16 5.098 -37.500 2.377 4.438 -37.000 2.563 4.645 -37.000 2.166
3 16 5.098 -37.500 2.377 4.871 -37.500 2.813 4.438 -37.000 2.563
3 16 4.871 -37.500 2.813 4.198 -37.000 2.940 4.438 -37.000 2.563
3 16 4.871 -37.500 2.813 4.608 -37.500 3.226 4.198 -37.000 2.940
3 16 4.608 -37.500 3.226 3.926 -37.000 3.294 4.198 -37.000 2.940
3 16 4.608 -37.500 3.226 4.309 -37.500 3.616 3.926 -37.000 3.294
3 16 4.309 -37.500 3.616 3.624 -37.000 3.624 3.926 -37.000 3.294
3 16 4.309 -37.500 3.616 3.977 -37.500 3.977 3.624 -37.000 3.624
3 16 3.977 -37.500 3.977 3.294 -37.000 3.926 3.624 -37.000 3.624
3 16 3.977 -37.500 3.977 3.616 -37.500 4.309 3.294 -37.000 3.926
3 16 3.616 -37.500 4.309 2.940 -37.000 4.198 3.294 -37.000 3.926
3 16 3.616 -37.500 4.309 3.226 -37.500 4.608 2.940 -37.000 4.198
3 16 3.226 -37.500 4.608 2.562 -37.000 4.438 2.940 -37.000 4.198
3 16 3.226 -37.500 4.608 2.812 -37.500 4.871 2.562 -37.000 4.438
3 16 2.812 -37.500 4.871 2.166 -37.000 4.645 2.562 -37.000 4.438
3 16 2.812 -37.500 4.871 2.377 -37.500 5.098 2.166 -37.000 4.645
3 16 2.377 -37.500 5.098 1.753 -37.000 4.816 2.166 -37.000 4.645
3 16 2.377 -37.500 5.098 1.924 -37.500 5.286 1.753 -37.000 4.816
3 16 1.924 -37.500 5.286 1.326 -37.000 4.950 1.753 -37.000 4.816
3 16 1.924 -37.500 5.286 1.456 -37.500 5.433 1.326 -37.000 4.950
3 16 1.456 -37.500 5.433 0.890 -37.000 5.047 1.326 -37.000 4.950
3 16 1.456 -37.500 5.433 0.977 -37.500 5.540 0.890 -37.000 5.047
3 16 0.977 -37.500 5.540 0.447 -37.000 5.105 0.890 -37.000 5.047
3 16 0.977 -37.500 5.540 0.490 -37.500 5.604 0.447 -37.000 5.105
3 16 0.490 -37.500 5.604 0.000 -37.000 5.125 0.447 -37.000 5.105
3 16 0.490 -37.500 5.604 0.000 -37.500 5.625 0.000 -37.000 5.125
3 16 0.000 0.000 5.625 0.447 -0.500 5.105 0.000 -0.500 5.125
3 16 0.000 0.000 5.625 0.490 0.000 5.604 0.447 -0.500 5.105
3 16 0.490 0.000 5.604 0.890 -0.500 5.047 0.447 -0.500 5.105
3 16 0.490 0.000 5.604 0.977 0.000 5.540 0.890 -0.500 5.047
3 16 0.977 0.000 5.540 1.326 -0.500 4.950 0.890 -0.500 5.047
3 16 0.977 0.000 5.540 1.456 0.000 5.433 1.326 -0.500 4.950
3 16 1.456 0.000 5.433 1.753 -0.500 4.816 1.326 -0.500 4.950
3 16 1.456 0.000 5.433 1.924 0.000 5.286 1.753 -0.500 4.816
3 16 1.924 0.000 5.286 2.166 -0.500 4.645 1.753 -0.500 4.816
3 16 1.924 0.000 5.286 2.377 0.000 5.098 2.166 -0.500 4.645
3 16 2.377 0.000 5.098 2.562 -0.500 4.438 2.166 -0.500 4.645
3 16 2.377 0.000 5.098 2.812 0.000 4.871 2.562 -0.500 4.438
3 16 2.812 0.000 4.871 2.940 -0.500 4.198 2.562 -0.500 4.438
3 16 2.812 0.000 4.871 3.226 0.000 4.608 2.940 -0.500 4.198
3 16 3.226 0.000 4.608 3.294 -0.500 3.926 2.940 -0.500 4.198
3 16 3.226 0.000 4.608 3.616 0.000 4.309 3.294 -0.500 3.926
3 16 3.616 0.000 4.309 3.624 -0.500 3.624 3.294 -0.500 3.926
3 16 3.616 0.000 4.309 3.977 0.000 3.977 3.624 -0.500 3.624
3 16 3.977 0.000 3.977 3.926 -0.500 3.294 3.624 -0.500 3.624
3 16 3.977 0.000 3.977 4.309 0.000 3.616 3.926 -0.500 3.294
3 16 4.309 0.000 3.616 4.198 -0.500 2.940 3.926 -0.500 3.294
3 16 4.309 0.000 3.616 4.608 0.000 3.226 4.198 -0.500 2.940
3 16 4.608 0.000 3.226 4.438 -0.500 2.563 4.198 -0.500 2.940
3 16 4.608 0.000 3.226 4.871 0.000 2.813 4.438 -0.500 2.563
3 16 4.871 0.000 2.813 4.645 -0.500 2.166 4.438 -0.500 2.563
3 16 4.871 0.000 2.813 5.098 0.000 2.377 4.645 -0.500 2.166
3 16 5.098 0.000 2.377 4.816 -0.500 1.753 4.645 -0.500 2.166
3 16 5.098 0.000 2.377 5.286 0.000 1.924 4.816 -0.500 1.753
3 16 5.286 0.000 1.924 4.950 -0.500 1.326 4.816 -0.500 1.753
3 16 5.286 0.000 1.924 5.433 0.000 1.456 4.950 -0.500 1.326
3 16 5.433 0.000 1.456 5.047 -0.500 0.890 4.950 -0.500 1.326
3 16 5.433 0.000 1.456 5.540 0.000 0.977 5.047 -0.500 0.890
3 16 5.540 0.000 0.977 5.105 -0.500 0.447 5.047 -0.500 0.890
3 16 5.540 0.000 0.977 5.604 0.000 0.490 5.105 -0.500 0.447
3 16 5.604 0.000 0.490 5.125 -0.500 0.000 5.105 -0.500 0.447
3 16 5.604 0.000 0.490 5.625 0.000 0.000 5.125 -0.500 0.000
3 16 5.625 0.000 0.000 5.105 -0.500 -0.447 5.125 -0.500 0.000
3 16 5.625 0.000 0.000 5.604 0.000 -0.490 5.105 -0.500 -0.447
3 16 5.604 0.000 -0.490 5.047 -0.500 -0.890 5.105 -0.500 -0.447
3 16 5.604 0.000 -0.490 5.540 0.000 -0.977 5.047 -0.500 -0.890
3 16 5.540 0.000 -0.977 4.950 -0.500 -1.326 5.047 -0.500 -0.890
3 16 5.540 0.000 -0.977 5.433 0.000 -1.456 4.950 -0.500 -1.326
3 16 5.433 0.000 -1.456 4.816 -0.500 -1.753 4.950 -0.500 -1.326
3 16 5.433 0.000 -1.456 5.286 0.000 -1.924 4.816 -0.500 -1.753
3 16 5.286 0.000 -1.924 4.645 -0.500 -2.166 4.816 -0.500 -1.753
3 16 5.286 0.000 -1.924 5.098 0.000 -2.377 4.645 -0.500 -2.166
3 16 5.098 0.000 -2.377 4.438 -0.500 -2.563 4.645 -0.500 -2.166
3 16 5.098 0.000 -2.377 4.871 0.000 -2.813 4.438 -0.500 -2.563
3 16 4.871 0.000 -2.813 4.198 -0.500 -2.940 4.438 -0.500 -2.563
3 16 4.871 0.000 -2.813 4.608 0.000 -3.226 4.198 -0.500 -2.940
3 16 4.608 0.000 -3.226 3.926 -0.500 -3.294 4.198 -0.500 -2.940
3 16 4.608 0.000 -3.226 4.309 0.000 -3.616 3.926 -0.500 -3.294
3 16 4.309 0.000 -3.616 3.624 -0.500 -3.624 3.926 -0.500 -3.294
3 16 4.309 0.000 -3.616 3.977 0.000 -3.977 3.624 -0.500 -3.624
3 16 3.977 0.000 -3.977 3.294 -0.500 -3.926 3.624 -0.500 -3.624
3 16 3.977 0.000 -3.977 3.616 0.000 -4.309 3.294 -0.500 -3.926
3 16 3.616 0.000 -4.309 2.940 -0.500 -4.198 3.294 -0.500 -3.926
3 16 3.616 0.000 -4.309 3.226 0.000 -4.608 2.940 -0.500 -4.198
3 16 3.226 0.000 -4.608 2.562 -0.500 -4.438 2.940 -0.500 -4.198
3 16 3.226 0.000 -4.608 2.812 0.000 -4.871 2.562 -0.500 -4.438
3 16 2.812 0.000 -4.871 2.166 -0.500 -4.645 2.562 -0.500 -4.438
3 16 2.812 0.000 -4.871 2.377 0.000 -5.098 2.166 -0.500 -4.645
3 16 2.377 0.000 -5.098 1.753 -0.500 -4.816 2.166 -0.500 -4.645
3 16 2.377 0.000 -5.098 1.924 0.000 -5.286 1.753 -0.500 -4.816
3 16 1.924 0.000 -5.286 1.326 -0.500 -4.950 1.753 -0.500 -4.816
3 16 1.924 0.000 -5.286 1.456 0.000 -5.433 1.326 -0.500 -4.950
3 16 1.456 0.000 -5.433 0.890 -0.500 -5.047 1.326 -0.500 -4.950
3 16 1.456 0.000 -5.433 0.977 0.000 -5.540 0.890 -0.500 -5.047
3 16 0.977 0.000 -5.540 0.447 -0.500 -5.105 0.890 -0.500 -5.047
3 16 0.977 0.000 -5.540 0.490 0.000 -5.604 0.447 -0.500 -5.105
3 16 0.490 0.000 -5.604 0.000 -0.500 -5.125 0.447 -0.500 -5.105
3 16 0.490 0.000 -5.604 0.000 0.000 -5.625 0.000 -0.500 -5.125
3 16 0.000 -0.500 5.125 0.447 -37.000 5.105 0.000 -37.000 5.125
3 16 0.000 -0.500 5.125 0.447 -0.500 5.105 0.447 -37.000 5.105
3 16 0.447 -0.500 5.105 0.890 -37.000 5.047 0.447 -37.000 5.105
3 16 0.447 -0.500 5.105 0.890 -0.500 5.047 0.890 -37.000 5.047
3 16 0.890 -0.500 5.047 1.326 -37.000 4.950 0.890 -37.000 5.047
3 16 0.890 -0.500 5.047 1.326 -0.500 4.950 1.326 -37.000 4.950
3 16 1.326 -0.500 4.950 1.753 -37.000 4.816 1.326 -37.000 4.950
3 16 1.326 -0.500 4.950 1.753 -0.500 4.816 1.753 -37.000 4.816
3 16 1.753 -0.500 4.816 2.166 -37.000 4.645 1.753 -37.000 4.816
3 16 1.753 -0.500 4.816 2.166 -0.500 4.645 2.166 -37.000 4.645
3 16 2.166 -0.500 4.645 2.562 -37.000 4.438 2.166 -37.000 4.645
3 16 2.166 -0.500 4.645 2.562 -0.500 4.438 2.562 -37.000 4.438
3 16 2.562 -0.500 4.438 2.940 -37.000 4.198 2.562 -37.000 4.438
3 16 2.562 -0.500 4.438 2.940 -0.500 4.198 2.940 -37.000 4.198
3 16 2.940 -0.500 4.198 3.294 -37.000 3.926 2.940 -37.000 4.198
3 16 2.940 -0.500 4.198 3.294 -0.500 3.926 3.294 -37.000 3.926
3 16 3.294 -0.500 3.926 3.624 -37.000 3.624 3.294 -37.000 3.926
3 16 3.294 -0.500 3.926 3.624 -0.500 3.624 3.624 -37.000 3.624
3 16 3.624 -0.500 3.624 3.926 -37.000 3.294 3.624 -37.000 3.624
3 16 3.624 -0.500 3.624 3.926 -0.500 3.294 3.926 -37.000 3.294
3 16 3.926 -0.500 3.294 4.198 -37.000 2.940 3.926 -37.000 3.294
3 16 3.926 -0.500 3.294 4.198 -0.500 2.940 4.198 -37.000 2.940
3 16 4.198 -0.500 2.940 4.438 -37.000 2.563 4.198 -37.000 2.940
3 16 4.198 -0.500 2.940 4.438 -0.500 2.563 4.438 -37.000 2.563
3 16 4.438 -0.500 2.563 4.645 -37.000 2.166 4.438 -37.000 2.563
3 16 4.438 -0.500 2.563 4.645 -0.500 2.166 4.645 -37.000 2.166
3 16 4.645 -0.500 2.166 4.816 -37.000 1.753 4.645 -37.000 2.166
3 16 4.645 -0.500 2.166 4.816 -0.500 1.753 4.816 -37.000 1.753
3 16 4.816 -0.500 1.753 4.950 -37.000 1.326 4.816 -37.000 1.753
3 16 4.816 -0.500 1.753 4.950 -0.500 1.326 4.950 -37.000 1.326
3 16 4.950 -0.500 1.326 5.047 -37.000 0.890 4.950 -37.000 1.326
3 16 4.950 -0.500 1.326 5.047 -0.500 0.890 5.047 -37.000 0.890
3 16 5.047 -0.500 0.890 5.105 -37.000 0.447 5.047 -37.000 0.890
3 16 5.047 -0.500 0.890 5.105 -0.500 0.447 5.105 -37.000 0.447
3 16 5.105 -0.500 0.447 5.125 -37.000 0.000 5.105 -37.000 0.447
3 16 5.105 -0.500 0.447 5.125 -0.500 0.000 5.125 -37.000 0.000
3 16 5.125 -0.500 0.000 5.105 -37.000 -0.447 5.125 -37.000 0.000
3 16 5.125 -0.500 0.000 5.105 -0.500 -0.447 5.105 -37.000 -0.447
3 16 5.105 -0.500 -0.447 5.047 -37.000 -0.890 5.105 -37.000 -0.447
3 16 5.105 -0.500 -0.447 5.047 -0.500 -0.890 5.047 -37.000 -0.890
3 16 5.047 -0.500 -0.890 4.950 -37.000 -1.326 5.047 -37.000 -0.890
3 16 5.047 -0.500 -0.890 4.950 -0.500 -1.326 4.950 -37.000 -1.326
3 16 4.950 -0.500 -1.326 4.816 -37.000 -1.753 4.950 -37.000 -1.326
3 16 4.950 -0.500 -1.326 4.816 -0.500 -1.753 4.816 -37.000 -1.753
3 16 4.816 -0.500 -1.753 4.645 -37.000 -2.166 4.816 -37.000 -1.753
3 16 4.816 -0.500 -1.753 4.645 -0.500 -2.166 4.645 -37.000 -2.166
3 16 4.645 -0.500 -2.166 4.438 -37.000 -2.563 4.645 -37.000 -2.166
3 16 4.645 -0.500 -2.166 4.438 -0.500 -2.563 4.438 -37.000 -2.563
3 16 4.438 -0.500 -2.563 4.198 -37.000 -2.940 4.438 -37.000 -2.563
3 16 4.438 -0.500 -2.563 4.198 -0.500 -2.940 4.198 -37.000 -2.940
3 16 4.198 -0.500 -2.940 3.926 -37.000 -3.294 4.198 -37.000 -2.940
3 16 4.198 -0.500 -2.940 3.926 -0.500 -3.294 3.926 -37.000 -3.294
3 16 3.926 -0.500 -3.294 3.624 -37.000 -3.624 3.926 -37.000 -3.294
3 16 3.926 -0.500 -3.294 3.624 -0.500 -3.624 3.624 -37.000 -3.624
3 16 3.624 -0.500 -3.624 3.294 -37.000 -3.926 3.624 -37.000 -3.624
3 16 3.624 -0.500 -3.624 3.294 -0.500 -3.926 3.294 -37.000 -3.926
3 16 3.294 -0.500 -3.926 2.940 -37.000 -4.198 3.294 -37.000 -3.926
3 16 3.294 -0.500 -3.926 2.940 -0.500 -4.198 2.940 -37.000 -4.198
3 16 2.940 -0.500 -4.198 2.562 -37.000 -4.438 2.940 -37.000 -4.198
3 16 2.940 -0.500 -4.198 2.562 -0.500 -4.438 2.562 -37.000 -4.438
3 16 2.562 -0.500 -4.438 2.166 -37.000 -4.645 2.562 -37.000 -4.438
3 16 2.562 -0.500 -4.438 2.166 -0.500 -4.645 2.166 -37.000 -4.645
3 16 2.166 -0.500 -4.645 1.753 -37.000 -4.816 2.166 -37.000 -4.645
3 16 2.166 -0.500 -4.645 1.753 -0.500 -4.816 1.753 -37.000 -4.816
3 16 1.753 -0.500 -4.816 1.326 -37.000 -4.950 1.753 -37.000 -4.816
3 16 1.753 -0.500 -4.816 1.326 -0.500 -4.950 1.326 -37.000 -4.950
3 16 1.326 -0.500 -4.950 0.890 -37.000 -5.047 1.326 -37.000 -4.950
3 16 1.326 -0.500 -4.950 0.890 -0.500 -5.047 0.890 -37.000 -5.047
3 16 0.890 -0.500 -5.047 0.447 -37.000 -5.105 0.890 -37.000 -5.047
3 16 0.890 -0.500 -5.047 0.447 -0.500 -5.105 0.447 -37.000 -5.105
3 16 0.447 -0.500 -5.105 0.000 -37.000 -5.125 0.447 -37.000 -5.105
3 16 0.447 -0.500 -5.105 0.000 -0.500 -5.125 0.000 -37.000 -5.125
3 16 0.000 0.000 8.750 -1.191 0.000 8.669 0.000 -37.500 8.750
3 16 -1.191 0.000 8.669 -1.191 -37.500 8.669 0.000 -37.500 8.750
3 16 -1.191 0.000 8.669 -2.361 0.000 8.426 -1.191 -37.500 8.669
3 16 -2.361 0.000 8.426 -2.361 -37.500 8.426 -1.191 -37.500 8.669
3 16 -2.361 0.000 8.426 -3.486 0.000 8.026 -2.361 -37.500 8.426
3 16 -3.486 0.000 8.026 -3.486 -37.500 8.026 -2.361 -37.500 8.426
3 16 -3.486 0.000 8.026 -4.546 0.000 7.476 -3.486 -37.500 8.026
3 16 -4.546 0.000 7.476 -4.546 -37.500 7.476 -3.486 -37.500 8.026
3 16 -4.546 0.000 7.476 -5.522 0.000 6.787 -4.546 -37.500 7.476
3 16 -5.522 0.000 6.787 -5.522 -37.500 6.787 -4.546 -37.500 7.476
3 16 -5.522 0.000 6.787 -6.395 0.000 5.972 -5.522 -37.500 6.787
3 16 -6.395 0.000 5.972 -6.395 -37.500 5.972 -5.522 -37.500 6.787
3 16 -6.395 0.000 5.972 -7.148 0.000 5.046 -6.395 -37.500 5.972
3 16 -7.148 0.000 5.046 -7.148 -37.500 5.046 -6.395 -37.500 5.972
3 16 -7.148 0.000 5.046 -7.769 0.000 4.026 -7.148 -37.500 5.046
3 16 -7.769 0.000 4.026 -7.769 -37.500 4.026 -7.148 -37.500 5.046
3 16 -7.769 0.000 4.026 -8.245 0.000 2.930 -7.769 -37.500 4.026
3 16 -8.245 0.000 2.930 -8.245 -37.500 2.930 -7.769 -37.500 4.026
3 16 -8.245 0.000 2.930 -8.567 0.000 1.780 -8.245 -37.500 2.930
3 16 -8.567 0.000 1.780 -8.567 -37.500 1.780 -8.245 -37.500 2.930
3 16 -8.567 0.000 1.780 -8.730 0.000 0.597 -8.567 -37.500 1.780
3 16 -8.730 0.000 0.597 -8.730 -37.500 0.597 -8.567 -37.500 1.780
3 16 -8.730 0.000 0.597 -8.730 0.000 -0.597 -8.730 -37.500 0.597
3 16 -8.730 0.000 -0.597 -8.730 -37.500 -0.597 -8.730 -37.500 0.597
3 16 -8.730 0.000 -0.597 -8.567 0.000 -1.780 -8.730 -37.500 -0.597
3 16 -8.567 0.000 -1.780 -8.567 -37.500 -1.780 -8.730 -37.500 -0.597
3 16 -8.567 0.000 -1.780 -8.245 0.000 -2.930 -8.567 -37.500 -1.780
3 16 -8.245 0.000 -2.930 -8.245 -37.500 -2.930 -8.567 -37.500 -1.780
3 16 -8.245 0.000 -2.930 -7.769 0.000 -4.026 -8.245 -37.500 -2.930
3 16 -7.769 0.000 -4.026 -7.769 -37.500 -4.026 -8.245 -37.500 -2.930
3 16 -7.769 0.000 -4.026 -7.148 0.000 -5.046 -7.769 -37.500 -4.026
3 16 -7.148 0.000 -5.046 -7.148 -37.500 -5.046 -7.769 -37.500 -4.026
3 16 -7.148 0.000 -5.046 -6.395 0.000 -5.972 -7.148 -37.500 -5.046
3 16 -6.395 0.000 -5.972 -6.395 -37.500 -5.972 -7.148 -37.500 -5.046
3 16 -6.395 0.000 -5.972 -5.522 0.000 -6.787 -6.395 -37.500 -5.972
3 16 -5.522 0.000 -6.787 -5.522 -37.500 -6.787 -6.395 -37.500 -5.972
3 16 -5.522 0.000 -6.787 -4.546 0.000 -7.476 -5.522 -37.500 -6.787
3 16 -4.546 0.000 -7.476 -4.546 -37.500 -7.476 -5.522 -37.500 -6.787
3 16 -4.546 0.000 -7.476 -3.486 0.000 -8.026 -4.546 -37.500 -7.476
3 16 -3.486 0.000 -8.026 -3.486 -37.500 -8.026 -4.546 -37.500 -7.476
3 16 -3.486 0.000 -8.026 -2.361 0.000 -8.426 -3.486 -37.500 -8.026
3 16 -2.361 0.000 -8.426 -2.361 -37.500 -8.426 -3.486 -37.500 -8.026
3 16 -2.361 0.000 -8.426 -1.191 0.000 -8.669 -2.361 -37.500 -8.426
3 16 -1.191 0.000 -8.669 -1.191 -37.500 -8.669 -2.361 -37.500 -8.426
3 16 -1.191 0.000 -8.669 0.000 0.000 -8.750 -1.191 -37.500 -8.669
3 16 0.000 0.000 -8.750 0.000 -37.500 -8.750 -1.191 -37.500 -8.669
3 16 -4.546 0.000 -7.476 -2.813 0.000 -4.871 -3.486 0.000 -8.026
3 16 0.490 0.000 5.604 0.000 0.000 8.750 1.191 0.000 8.669
3 16 0.490 0.000 5.604 0.000 0.000 5.625 0.000 0.000 8.750
3 16 0.000 0.000 5.625 -1.191 0.000 8.669 0.000 0.000 8.750
3 16 -3.486 0.000 8.026 -2.377 0.000 5.098 -4.546 0.000 7.476
3 16 -3.977 0.000 -3.977 -5.522 0.000 -6.787 -6.395 0.000 -5.972
3 16 -3.977 0.000 -3.977 -3.616 0.000 -4.309 -5.522 0.000 -6.787
3 16 -3.616 0.000 -4.309 -4.546 0.000 -7.476 -5.522 0.000 -6.787
3 16 -3.616 0.000 -4.309 -3.226 0.000 -4.608 -4.546 0.000 -7.476
3 16 -3.226 0.000 -4.608 -2.813 0.000 -4.871 -4.546 0.000 -7.476
3 16 5.098 0.000 -2.377 8.245 0.000 -2.930 7.769 0.000 -4.026
3 16 5.098 0.000 -2.377 5.286 0.000 -1.924 8.245 0.000 -2.930
3 16 5.286 0.000 -1.924 8.567 0.000 -1.780 8.245 0.000 -2.930
3 16 -2.813 0.000 4.871 -4.546 0.000 7.476 -2.377 0.000 5.098
3 16 -2.813 0.000 4.871 -3.226 0.000 4.608 -4.546 0.000 7.476
3 16 -3.226 0.000 4.608 -5.522 0.000 6.787 -4.546 0.000 7.476
3 16 -3.226 0.000 4.608 -3.616 0.000 4.309 -5.522 0.000 6.787
3 16 -3.616 0.000 4.309 -6.395 0.000 5.972 -5.522 0.000 6.787
3 16 -3.977 0.000 3.977 -6.395 0.000 5.972 -3.616 0.000 4.309
3 16 -3.977 0.000 3.977 -4.309 0.000 3.616 -6.395 0.000 5.972
3 16 -4.309 0.000 3.616 -7.148 0.000 5.046 -6.395 0.000 5.972
3 16 -4.309 0.000 3.616 -4.608 0.000 3.226 -7.148 0.000 5.046
3 16 -4.608 0.000 3.226 -7.769 0.000 4.026 -7.148 0.000 5.046
3 16 -4.871 0.000 2.813 -7.769 0.000 4.026 -4.608 0.000 3.226
3 16 -4.871 0.000 2.813 -5.098 0.000 2.377 -7.769 0.000 4.026
3 16 -5.098 0.000 2.377 -8.245 0.000 2.930 -7.769 0.000 4.026
3 16 -5.098 0.000 2.377 -5.286 0.000 1.924 -8.245 0.000 2.930
3 16 -5.286 0.000 1.924 -8.567 0.000 1.780 -8.245 0.000 2.930
3 16 1.924 0.000 5.286 2.361 0.000 8.426 3.486 0.000 8.026
3 16 1.924 0.000 5.286 1.456 0.000 5.433 2.361 0.000 8.426
3 16 1.456 0.000 5.433 1.191 0.000 8.669 2.361 0.000 8.426
3 16 1.456 0.000 5.433 0.977 0.000 5.540 1.191 0.000 8.669
3 16 0.977 0.000 5.540 0.490 0.000 5.604 1.191 0.000 8.669
3 16 -0.490 0.000 5.604 -1.191 0.000 8.669 0.000 0.000 5.625
3 16 -0.490 0.000 5.604 -0.977 0.000 5.540 -1.191 0.000 8.669
3 16 -0.977 0.000 5.540 -2.361 0.000 8.426 -1.191 0.000 8.669
3 16 -0.977 0.000 5.540 -1.456 0.000 5.433 -2.361 0.000 8.426
3 16 -1.456 0.000 5.433 -3.486 0.000 8.026 -2.361 0.000 8.426
3 16 -1.456 0.000 5.433 -1.924 0.000 5.286 -3.486 0.000 8.026
3 16 -1.924 0.000 5.286 -2.377 0.000 5.098 -3.486 0.000 8.026
3 16 5.433 0.000 -1.456 8.567 0.000 -1.780 5.286 0.000 -1.924
3 16 5.433 0.000 -1.456 5.540 0.000 -0.977 8.567 0.000 -1.780
3 16 5.540 0.000 -0.977 8.730 0.000 -0.597 8.567 0.000 -1.780
3 16 5.540 0.000 -0.977 5.604 0.000 -0.490 8.730 0.000 -0.597
3 16 5.604 0.000 -0.490 8.730 0.000 0.597 8.730 0.000 -0.597
3 16 3.977 0.000 3.977 5.522 0.000 6.787 6.395 0.000 5.972
3 16 3.977 0.000 3.977 3.616 0.000 4.309 5.522 0.000 6.787
3 16 3.616 0.000 4.309 4.546 0.000 7.476 5.522 0.000 6.787
3 16 -5.433 0.000 1.456 -8.567 0.000 1.780 -5.286 0.000 1.924
3 16 -5.433 0.000 1.456 -5.540 0.000 0.977 -8.567 0.000 1.780
3 16 -5.540 0.000 0.977 -8.730 0.000 0.597 -8.567 0.000 1.780
3 16 -2.377 0.000 -5.098 -3.486 0.000 -8.026 -2.813 0.000 -4.871
3 16 -2.377 0.000 -5.098 -1.924 0.000 -5.286 -3.486 0.000 -8.026
3 16 -1.924 0.000 -5.286 -2.361 0.000 -8.426 -3.486 0.000 -8.026
3 16 -1.924 0.000 -5.286 -1.456 0.000 -5.433 -2.361 0.000 -8.426
3 16 -1.456 0.000 -5.433 -1.191 0.000 -8.669 -2.361 0.000 -8.426
3 16 3.226 0.000 -4.608 5.522 0.000 -6.787 4.546 0.000 -7.476
3 16 3.226 0.000 -4.608 3.616 0.000 -4.309 5.522 0.000 -6.787
3 16 3.616 0.000 -4.309 6.395 0.000 -5.972 5.522 0.000 -6.787
3 16 5.625 0.000 0.000 8.730 0.000 0.597 5.604 0.000 -0.490
3 16 5.625 0.000 0.000 5.604 0.000 0.490 8.730 0.000 0.597
3 16 5.604 0.000 0.490 8.567 0.000 1.780 8.730 0.000 0.597
3 16 4.871 0.000 2.813 7.148 0.000 5.046 7.769 0.000 4.026
3 16 4.871 0.000 2.813 4.608 0.000 3.226 7.148 0.000 5.046
3 16 4.608 0.000 3.226 6.395 0.000 5.972 7.148 0.000 5.046
3 16 4.608 0.000 3.226 4.309 0.000 3.616 6.395 0.000 5.972
3 16 4.309 0.000 3.616 3.977 0.000 3.977 6.395 0.000 5.972
3 16 -5.433 0.000 -1.456 -8.245 0.000 -2.930 -8.567 0.000 -1.780
3 16 -5.433 0.000 -1.456 -5.286 0.000 -1.924 -8.245 0.000 -2.930
3 16 -5.286 0.000 -1.924 -7.769 0.000 -4.026 -8.245 0.000 -2.930
3 16 -5.098 0.000 -2.377 -7.769 0.000 -4.026 -5.286 0.000 -1.924
3 16 -5.098 0.000 -2.377 -4.871 0.000 -2.813 -7.769 0.000 -4.026
3 16 -4.871 0.000 -2.813 -7.148 0.000 -5.046 -7.769 0.000 -4.026
3 16 -4.871 0.000 -2.813 -4.608 0.000 -3.226 -7.148 0.000 -5.046
3 16 -4.608 0.000 -3.226 -6.395 0.000 -5.972 -7.148 0.000 -5.046
3 16 -4.608 0.000 -3.226 -4.309 0.000 -3.616 -6.395 0.000 -5.972
3 16 -4.309 0.000 -3.616 -3.977 0.000 -3.977 -6.395 0.000 -5.972
3 16 -0.977 0.000 -5.540 -1.191 0.000 -8.669 -1.456 0.000 -5.433
3 16 -0.977 0.000 -5.540 -0.490 0.000 -5.604 -1.191 0.000 -8.669
3 16 -0.490 0.000 -5.604 0.000 0.000 -8.750 -1.191 0.000 -8.669
3 16 -0.490 0.000 -5.604 0.000 0.000 -5.625 0.000 0.000 -8.750
3 16 0.000 0.000 -5.625 1.191 0.000 -8.669 0.000 0.000 -8.750
3 16 0.490 0.000 -5.604 1.191 0.000 -8.669 0.000 0.000 -5.625
3 16 0.490 0.000 -5.604 0.977 0.000 -5.540 1.191 0.000 -8.669
3 16 0.977 0.000 -5.540 2.361 0.000 -8.426 1.191 0.000 -8.669
3 16 0.977 0.000 -5.540 1.456 0.000 -5.433 2.361 0.000 -8.426
3 16 1.456 0.000 -5.433 3.486 0.000 -8.026 2.361 0.000 -8.426
3 16 1.924 0.000 -5.286 3.486 0.000 -8.026 1.456 0.000 -5.433
3 16 1.924 0.000 -5.286 2.377 0.000 -5.098 3.486 0.000 -8.026
3 16 2.377 0.000 -5.098 4.546 0.000 -7.476 3.486 0.000 -8.026
3 16 2.377 0.000 -5.098 2.812 0.000 -4.871 4.546 0.000 -7.476
3 16 2.812 0.000 -4.871 3.226 0.000 -4.608 4.546 0.000 -7.476
3 16 3.977 0.000 -3.977 6.395 0.000 -5.972 3.616 0.000 -4.309
3 16 3.977 0.000 -3.977 4.309 0.000 -3.616 6.395 0.000 -5.972
3 16 4.309 0.000 -3.616 7.148 0.000 -5.046 6.395 0.000 -5.972
3 16 4.309 0.000 -3.616 4.608 0.000 -3.226 7.148 0.000 -5.046
3 16 4.608 0.000 -3.226 7.769 0.000 -4.026 7.148 0.000 -5.046
3 16 4.608 0.000 -3.226 4.871 0.000 -2.813 7.769 0.000 -4.026
3 16 4.871 0.000 -2.813 5.098 0.000 -2.377 7.769 0.000 -4.026
3 16 3.226 0.000 4.608 4.546 0.000 7.476 3.616 0.000 4.309
3 16 3.226 0.000 4.608 2.812 0.000 4.871 4.546 0.000 7.476
3 16 2.812 0.000 4.871 3.486 0.000 8.026 4.546 0.000 7.476
3 16 2.812 0.000 4.871 2.377 0.000 5.098 3.486 0.000 8.026
3 16 2.377 0.000 5.098 1.924 0.000 5.286 3.486 0.000 8.026
3 16 -5.604 0.000 0.490 -8.730 0.000 0.597 -5.540 0.000 0.977
3 16 -5.604 0.000 0.490 -5.625 0.000 0.000 -8.730 0.000 0.597
3 16 -5.625 0.000 0.000 -8.730 0.000 -0.597 -8.730 0.000 0.597
3 16 -5.625 0.000 0.000 -5.604 0.000 -0.490 -8.730 0.000 -0.597
3 16 -5.604 0.000 -0.490 -8.567 0.000 -1.780 -8.730 0.000 -0.597
3 16 -5.604 0.000 -0.490 -5.540 0.000 -0.977 -8.567 0.000 -1.780
3 16 -5.540 0.000 -0.977 -5.433 0.000 -1.456 -8.567 0.000 -1.780
3 16 5.540 0.000 0.977 8.567 0.000 1.780 5.604 0.000 0.490
3 16 5.540 0.000 0.977 5.433 0.000 1.456 8.567 0.000 1.780
3 16 5.433 0.000 1.456 8.245 0.000 2.930 8.567 0.000 1.780
3 16 5.433 0.000 1.456 5.286 0.000 1.924 8.245 0.000 2.930
3 16 5.286 0.000 1.924 7.769 0.000 4.026 8.245 0.000 2.930
3 16 5.286 0.000 1.924 5.098 0.000 2.377 7.769 0.000 4.026
3 16 5.098 0.000 2.377 4.871 0.000 2.813 7.769 0.000 4.026
3 16 -0.977 -37.500 -5.540 -2.361 -37.500 -8.426 -1.191 -37.500 -8.669
3 16 -0.977 -37.500 -5.540 -1.456 -37.500 -5.433 -2.361 -37.500 -8.426
3 16 -1.456 -37.500 -5.433 -3.486 -37.500 -8.026 -2.361 -37.500 -8.426
3 16 -4.871 -37.500 2.813 -7.148 -37.500 5.046 -7.769 -37.500 4.026
3 16 -4.871 -37.500 2.813 -4.608 -37.500 3.226 -7.148 -37.500 5.046
3 16 -4.608 -37.500 3.226 -6.395 -37.500 5.972 -7.148 -37.500 5.046
3 16 -1.924 -37.500 -5.286 -3.486 -37.500 -8.026 -1.456 -37.500 -5.433
3 16 -1.924 -37.500 -5.286 -2.377 -37.500 -5.098 -3.486 -37.500 -8.026
3 16 -2.377 -37.500 -5.098 -4.546 -37.500 -7.476 -3.486 -37.500 -8.026
3 16 -8.730 -37.500 0.597 -5.604 -37.500 0.490 -8.567 -37.500 1.780
3 16 -5.540 -37.500 0.977 -8.567 -37.500 1.780 -5.604 -37.500 0.490
3 16 -5.540 -37.500 0.977 -5.433 -37.500 1.456 -8.567 -37.500 1.780
3 16 -5.433 -37.500 1.456 -8.245 -37.500 2.930 -8.567 -37.500 1.780
3 16 -5.433 -37.500 1.456 -5.286 -37.500 1.924 -8.245 -37.500 2.930
3 16 -5.286 -37.500 1.924 -7.769 -37.500 4.026 -8.245 -37.500 2.930
3 16 -5.286 -37.500 1.924 -5.098 -37.500 2.377 -7.769 -37.500 4.026
3 16 -5.098 -37.500 2.377 -4.871 -37.500 2.813 -7.769 -37.500 4.026
3 16 -4.309 -37.500 3.616 -6.395 -37.500 5.972 -4.608 -37.500 3.226
3 16 -4.309 -37.500 3.616 -3.977 -37.500 3.977 -6.395 -37.500 5.972
3 16 -3.977 -37.500 3.977 -5.522 -37.500 6.787 -6.395 -37.500 5.972
3 16 -3.977 -37.500 3.977 -3.616 -37.500 4.309 -5.522 -37.500 6.787
3 16 -3.616 -37.500 4.309 -4.546 -37.500 7.476 -5.522 -37.500 6.787
3 16 -3.226 -37.500 4.608 -4.546 -37.500 7.476 -3.616 -37.500 4.309
3 16 -3.226 -37.500 4.608 -2.813 -37.500 4.871 -4.546 -37.500 7.476
3 16 -2.813 -37.500 4.871 -3.486 -37.500 8.026 -4.546 -37.500 7.476
3 16 -5.540 -37.500 -0.977 -8.730 -37.500 -0.597 -8.567 -37.500 -1.780
3 16 -5.540 -37.500 -0.977 -5.604 -37.500 -0.490 -8.730 -37.500 -0.597
3 16 -5.604 -37.500 -0.490 -8.730 -37.500 0.597 -8.730 -37.500 -0.597
3 16 -5.604 -37.500 -0.490 -5.625 -37.500 0.000 -8.730 -37.500 0.597
3 16 -5.625 -37.500 0.000 -5.604 -37.500 0.490 -8.730 -37.500 0.597
3 16 -0.490 -37.500 5.604 0.000 -37.500 8.750 -1.191 -37.500 8.669
3 16 -0.490 -37.500 5.604 0.000 -37.500 5.625 0.000 -37.500 8.750
3 16 0.000 -37.500 5.625 1.191 -37.500 8.669 0.000 -37.500 8.750
3 16 3.486 -37.500 8.026 2.377 -37.500 5.098 4.546 -37.500 7.476
3 16 5.433 -37.500 -1.456 8.245 -37.500 -2.930 8.567 -37.500 -1.780
3 16 5.433 -37.500 -1.456 5.286 -37.500 -1.924 8.245 -37.500 -2.930
3 16 5.286 -37.500 -1.924 7.769 -37.500 -4.026 8.245 -37.500 -2.930
3 16 -4.309 -37.500 -3.616 -7.148 -37.500 -5.046 -6.395 -37.500 -5.972
3 16 -4.309 -37.500 -3.616 -4.608 -37.500 -3.226 -7.148 -37.500 -5.046
3 16 -4.608 -37.500 -3.226 -7.769 -37.500 -4.026 -7.148 -37.500 -5.046
3 16 -2.377 -37.500 5.098 -3.486 -37.500 8.026 -2.813 -37.500 4.871
3 16 -2.377 -37.500 5.098 -1.924 -37.500 5.286 -3.486 -37.500 8.026
3 16 -1.924 -37.500 5.286 -2.361 -37.500 8.426 -3.486 -37.500 8.026
3 16 -1.924 -37.500 5.286 -1.456 -37.500 5.433 -2.361 -37.500 8.426
3 16 -1.456 -37.500 5.433 -1.191 -37.500 8.669 -2.361 -37.500 8.426
3 16 -1.456 -37.500 5.433 -0.977 -37.500 5.540 -1.191 -37.500 8.669
3 16 -0.977 -37.500 5.540 -0.490 -37.500 5.604 -1.191 -37.500 8.669
3 16 5.625 -37.500 0.000 8.730 -37.500 -0.597 8.730 -37.500 0.597
3 16 5.625 -37.500 0.000 5.604 -37.500 -0.490 8.730 -37.500 -0.597
3 16 5.604 -37.500 -0.490 8.567 -37.500 -1.780 8.730 -37.500 -0.597
3 16 5.604 -37.500 -0.490 5.540 -37.500 -0.977 8.567 -37.500 -1.780
3 16 5.540 -37.500 -0.977 5.433 -37.500 -1.456 8.567 -37.500 -1.780
3 16 1.924 -37.500 -5.286 2.361 -37.500 -8.426 3.486 -37.500 -8.026
3 16 1.924 -37.500 -5.286 1.456 -37.500 -5.433 2.361 -37.500 -8.426
3 16 1.456 -37.500 -5.433 1.191 -37.500 -8.669 2.361 -37.500 -8.426
3 16 0.977 -37.500 -5.540 1.191 -37.500 -8.669 1.456 -37.500 -5.433
3 16 0.977 -37.500 -5.540 0.490 -37.500 -5.604 1.191 -37.500 -8.669
3 16 0.490 -37.500 -5.604 0.000 -37.500 -8.750 1.191 -37.500 -8.669
3 16 0.490 -37.500 -5.604 0.000 -37.500 -5.625 0.000 -37.500 -8.750
3 16 0.000 -37.500 -5.625 -1.191 -37.500 -8.669 0.000 -37.500 -8.750
3 16 0.000 -37.500 -5.625 -0.490 -37.500 -5.604 -1.191 -37.500 -8.669
3 16 -0.490 -37.500 -5.604 -0.977 -37.500 -5.540 -1.191 -37.500 -8.669
3 16 -2.813 -37.500 -4.871 -4.546 -37.500 -7.476 -2.377 -37.500 -5.098
3 16 -2.813 -37.500 -4.871 -3.226 -37.500 -4.608 -4.546 -37.500 -7.476
3 16 -3.226 -37.500 -4.608 -5.522 -37.500 -6.787 -4.546 -37.500 -7.476
3 16 -3.226 -37.500 -4.608 -3.616 -37.500 -4.309 -5.522 -37.500 -6.787
3 16 -3.616 -37.500 -4.309 -6.395 -37.500 -5.972 -5.522 -37.500 -6.787
3 16 -3.616 -37.500 -4.309 -3.977 -37.500 -3.977 -6.395 -37.500 -5.972
3 16 -3.977 -37.500 -3.977 -4.309 -37.500 -3.616 -6.395 -37.500 -5.972
3 16 -4.871 -37.500 -2.813 -7.769 -37.500 -4.026 -4.608 -37.500 -3.226
3 16 -4.871 -37.500 -2.813 -5.098 -37.500 -2.377 -7.769 -37.500 -4.026
3 16 -5.098 -37.500 -2.377 -8.245 -37.500 -2.930 -7.769 -37.500 -4.026
3 16 -5.098 -37.500 -2.377 -5.286 -37.500 -1.924 -8.245 -37.500 -2.930
3 16 -5.286 -37.500 -1.924 -8.567 -37.500 -1.780 -8.245 -37.500 -2.930
3 16 -5.286 -37.500 -1.924 -5.433 -37.500 -1.456 -8.567 -37.500 -1.780
3 16 -5.433 -37.500 -1.456 -5.540 -37.500 -0.977 -8.567 -37.500 -1.780
3 16 0.490 -37.500 5.604 1.191 -37.500 8.669 0.000 -37.500 5.625
3 16 0.490 -37.500 5.604 0.977 -37.500 5.540 1.191 -37.500 8.669
3 16 0.977 -37.500 5.540 2.361 -37.500 8.426 1.191 -37.500 8.669
3 16 0.977 -37.500 5.540 1.456 -37.500 5.433 2.361 -37.500 8.426
3 16 1.456 -37.500 5.433 3.486 -37.500 8.026 2.361 -37.500 8.426
3 16 1.456 -37.500 5.433 1.924 -37.500 5.286 3.486 -37.500 8.026
3 16 1.924 -37.500 5.286 2.377 -37.500 5.098 3.486 -37.500 8.026
3 16 2.812 -37.500 4.871 4.546 -37.500 7.476 2.377 -37.500 5.098
3 16 2.812 -37.500 4.871 3.226 -37.500 4.608 4.546 -37.500 7.476
3 16 3.226 -37.500 4.608 5.522 -37.500 6.787 4.546 -37.500 7.476
3 16 3.226 -37.500 4.608 3.616 -37.500 4.309 5.522 -37.500 6.787
3 16 3.616 -37.500 4.309 6.395 -37.500 5.972 5.522 -37.500 6.787
3 16 3.977 -37.500 3.977 6.395 -37.500 5.972 3.616 -37.500 4.309
3 16 3.977 -37.500 3.977 4.309 -37.500 3.616 6.395 -37.500 5.972
3 16 4.309 -37.500 3.616 7.148 -37.500 5.046 6.395 -37.500 5.972
3 16 4.309 -37.500 3.616 4.608 -37.500 3.226 7.148 -37.500 5.046
3 16 4.608 -37.500 3.226 7.769 -37.500 4.026 7.148 -37.500 5.046
3 16 5.540 -37.500 0.977 8.730 -37.500 0.597 8.567 -37.500 1.780
3 16 5.540 -37.500 0.977 5.604 -37.500 0.490 8.730 -37.500 0.597
3 16 5.604 -37.500 0.490 5.625 -37.500 0.000 8.730 -37.500 0.597
3 16 5.098 -37.500 -2.377 7.769 -37.500 -4.026 5.286 -37.500 -1.924
3 16 5.098 -37.500 -2.377 4.871 -37.500 -2.813 7.769 -37.500 -4.026
3 16 4.871 -37.500 -2.813 7.148 -37.500 -5.046 7.769 -37.500 -4.026
3 16 4.871 -37.500 -2.813 4.608 -37.500 -3.226 7.148 -37.500 -5.046
3 16 4.608 -37.500 -3.226 6.395 -37.500 -5.972 7.148 -37.500 -5.046
3 16 4.871 -37.500 2.813 7.769 -37.500 4.026 4.608 -37.500 3.226
3 16 4.871 -37.500 2.813 5.098 -37.500 2.377 7.769 -37.500 4.026
3 16 5.098 -37.500 2.377 8.245 -37.500 2.930 7.769 -37.500 4.026
3 16 5.098 -37.500 2.377 5.286 -37.500 1.924 8.245 -37.500 2.930
3 16 5.286 -37.500 1.924 8.567 -37.500 1.780 8.245 -37.500 2.930
3 16 5.286 -37.500 1.924 5.433 -37.500 1.456 8.567 -37.500 1.780
3 16 5.433 -37.500 1.456 5.540 -37.500 0.977 8.567 -37.500 1.780
3 16 4.309 -37.500 -3.616 6.395 -37.500 -5.972 4.608 -37.500 -3.226
3 16 4.309 -37.500 -3.616 3.977 -37.500 -3.977 6.395 -37.500 -5.972
3 16 3.977 -37.500 -3.977 5.522 -37.500 -6.787 6.395 -37.500 -5.972
3 16 3.977 -37.500 -3.977 3.616 -37.500 -4.309 5.522 -37.500 -6.787
3 16 3.616 -37.500 -4.309 4.546 -37.500 -7.476 5.522 -37.500 -6.787
3 16 3.226 -37.500 -4.608 4.546 -37.500 -7.476 3.616 -37.500 -4.309
3 16 3.226 -37.500 -4.608 2.812 -37.500 -4.871 4.546 -37.500 -7.476
3 16 2.812 -37.500 -4.871 3.486 -37.500 -8.026 4.546 -37.500 -7.476
3 16 2.812 -37.500 -4.871 2.377 -37.500 -5.098 3.486 -37.500 -8.026
3 16 2.377 -37.500 -5.098 1.924 -37.500 -5.286 3.486 -37.500 -8.026
3 16 0.000 0.000 -8.750 1.191 0.000 -8.669 0.000 -37.500 -8.750
3 16 1.191 0.000 -8.669 1.191 -37.500 -8.669 0.000 -37.500 -8.750
3 16 1.191 0.000 -8.669 2.361 0.000 -8.426 1.191 -37.500 -8.669
3 16 2.361 0.000 -8.426 2.361 -37.500 -8.426 1.191 -37.500 -8.669
3 16 2.361 0.000 -8.426 3.486 0.000 -8.026 2.361 -37.500 -8.426
3 16 3.486 0.000 -8.026 3.486 -37.500 -8.026 2.361 -37.500 -8.426
3 16 3.486 0.000 -8.026 4.546 0.000 -7.476 3.486 -37.500 -8.026
3 16 4.546 0.000 -7.476 4.546 -37.500 -7.476 3.486 -37.500 -8.026
3 16 4.546 0.000 -7.476 5.522 0.000 -6.787 4.546 -37.500 -7.476
3 16 5.522 0.000 -6.787 5.522 -37.500 -6.787 4.546 -37.500 -7.476
3 16 5.522 0.000 -6.787 6.395 0.000 -5.972 5.522 -37.500 -6.787
3 16 6.395 0.000 -5.972 6.395 -37.500 -5.972 5.522 -37.500 -6.787
3 16 6.395 0.000 -5.972 7.148 0.000 -5.046 6.395 -37.500 -5.972
3 16 7.148 0.000 -5.046 7.148 -37.500 -5.046 6.395 -37.500 -5.972
3 16 7.148 0.000 -5.046 7.769 0.000 -4.026 7.148 -37.500 -5.046
3 16 7.769 0.000 -4.026 7.769 -37.500 -4.026 7.148 -37.500 -5.046
3 16 7.769 0.000 -4.026 8.245 0.000 -2.930 7.769 -37.500 -4.026
3 16 8.245 0.000 -2.930 8.245 -37.500 -2.930 7.769 -37.500 -4.026
3 16 8.245 0.000 -2.930 8.567 0.000 -1.780 8.245 -37.500 -2.930
3 16 8.567 0.000 -1.780 8.567 -37.500 -1.780 8.245 -37.500 -2.930
3 16 8.567 0.000 -1.780 8.730 0.000 -0.597 8.567 -37.500 -1.780
3 16 8.730 0.000 -0.597 8.730 -37.500 -0.597 8.567 -37.500 -1.780
3 16 8.730 0.000 -0.597 8.730 0.000 0.597 8.730 -37.500 -0.597
3 16 8.730 0.000 0.597 8.730 -37.500 0.597 8.730 -37.500 -0.597
3 16 8.730 0.000 0.597 8.567 0.000 1.780 8.730 -37.500 0.597
3 16 8.567 0.000 1.780 8.567 -37.500 1.780 8.730 -37.500 0.597
3 16 8.567 0.000 1.780 8.245 0.000 2.930 8.567 -37.500 1.780
3 16 8.245 0.000 2.930 8.245 -37.500 2.930 8.567 -37.500 1.780
3 16 8.245 0.000 2.930 7.769 0.000 4.026 8.245 -37.500 2.930
3 16 7.769 0.000 4.026 7.769 -37.500 4.026 8.245 -37.500 2.930
3 16 7.769 0.000 4.026 7.148 0.000 5.046 7.769 -37.500 4.026
3 16 7.148 0.000 5.046 7.148 -37.500 5.046 7.769 -37.500 4.026
3 16 7.148 0.000 5.046 6.395 0.000 5.972 7.148 -37.500 5.046
3 16 6.395 0.000 5.972 6.395 -37.500 5.972 7.148 -37.500 5.046
3 16 6.395 0.000 5.972 5.522 0.000 6.787 6.395 -37.500 5.972
3 16 5.522 0.000 6.787 5.522 -37.500 6.787 6.395 -37.500 5.972
3 16 5.522 0.000 6.787 4.546 0.000 7.476 5.522 -37.500 6.787
3 16 4.546 0.000 7.476 4.546 -37.500 7.476 5.522 -37.500 6.787
3 16 4.546 0.000 7.476 3.486 0.000 8.026 4.546 -37.500 7.476
3 16 3.486 0.000 8.026 3.486 -37.500 8.026 4.546 -37.500 7.476
3 16 3.486 0.000 8.026 2.361 0.000 8.426 3.486 -37.500 8.026
3 16 2.361 0.000 8.426 2.361 -37.500 8.426 3.486 -37.500 8.026
3 16 2.361 0.000 8.426 1.191 0.000 8.669 2.361 -37.500 8.426
3 16 1.191 0.000 8.669 1.191 -37.500 8.669 2.361 -37.500 8.426
3 16 1.191 0.000 8.669 0.000 0.000 8.750 1.191 -37.500 8.669
3 16 0.000 0.000 8.750 0.000 -37.500 8.750 1.191 -37.500 8.669
3 16 0.000 -0.500 -5.125 -0.447 -37.000 -5.105 0.000 -37.000 -5.125
3 16 0.000 -0.500 -5.125 -0.447 -0.500 -5.105 -0.447 -37.000 -5.105
3 16 -0.447 -0.500 -5.105 -0.890 -37.000 -5.047 -0.447 -37.000 -5.105
3 16 -0.447 -0.500 -5.105 -0.890 -0.500 -5.047 -0.890 -37.000 -5.047
3 16 -0.890 -0.500 -5.047 -1.326 -37.000 -4.950 -0.890 -37.000 -5.047
3 16 -0.890 -0.500 -5.047 -1.326 -0.500 -4.950 -1.326 -37.000 -4.950
3 16 -1.326 -0.500 -4.950 -1.753 -37.000 -4.816 -1.326 -37.000 -4.950
3 16 -1.326 -0.500 -4.950 -1.753 -0.500 -4.816 -1.753 -37.000 -4.816
3 16 -1.753 -0.500 -4.816 -2.166 -37.000 -4.645 -1.753 -37.000 -4.816
3 16 -1.753 -0.500 -4.816 -2.166 -0.500 -4.645 -2.166 -37.000 -4.645
3 16 -2.166 -0.500 -4.645 -2.563 -37.000 -4.438 -2.166 -37.000 -4.645
3 16 -2.166 -0.500 -4.645 -2.563 -0.500 -4.438 -2.563 -37.000 -4.438
3 16 -2.563 -0.500 -4.438 -2.940 -37.000 -4.198 -2.563 -37.000 -4.438
3 16 -2.563 -0.500 -4.438 -2.940 -0.500 -4.198 -2.940 -37.000 -4.198
3 16 -2.940 -0.500 -4.198 -3.294 -37.000 -3.926 -2.940 -37.000 -4.198
3 16 -2.940 -0.500 -4.198 -3.294 -0.500 -3.926 -3.294 -37.000 -3.926
3 16 -3.294 -0.500 -3.926 -3.624 -37.000 -3.624 -3.294 -37.000 -3.926
3 16 -3.294 -0.500 -3.926 -3.624 -0.500 -3.624 -3.624 -37.000 -3.624
3 16 -3.624 -0.500 -3.624 -3.926 -37.000 -3.294 -3.624 -37.000 -3.624
3 16 -3.624 -0.500 -3.624 -3.926 -0.500 -3.294 -3.926 -37.000 -3.294
3 16 -3.926 -0.500 -3.294 -4.198 -37.000 -2.940 -3.926 -37.000 -3.294
3 16 -3.926 -0.500 -3.294 -4.198 -0.500 -2.940 -4.198 -37.000 -2.940
3 16 -4.198 -0.500 -2.940 -4.438 -37.000 -2.563 -4.198 -37.000 -2.940
3 16 -4.198 -0.500 -2.940 -4.438 -0.500 -2.563 -4.438 -37.000 -2.563
3 16 -4.438 -0.500 -2.563 -4.645 -37.000 -2.166 -4.438 -37.000 -2.563
3 16 -4.438 -0.500 -2.563 -4.645 -0.500 -2.166 -4.645 -37.000 -2.166
3 16 -4.645 -0.500 -2.166 -4.816 -37.000 -1.753 -4.645 -37.000 -2.166
3 16 -4.645 -0.500 -2.166 -4.816 -0.500 -1.753 -4.816 -37.000 -1.753
3 16 -4.816 -0.500 -1.753 -4.950 -37.000 -1.326 -4.816 -37.000 -1.753
3 16 -4.816 -0.500 -1.753 -4.950 -0.500 -1.326 -4.950 -37.000 -1.326
3 16 -4.950 -0.500 -1.326 -5.047 -37.000 -0.890 -4.950 -37.000 -1.326
3 16 -4.950 -0.500 -1.326 -5.047 -0.500 -0.890 -5.047 -37.000 -0.890
3 16 -5.047 -0.500 -0.890 -5.105 -37.000 -0.447 -5.047 -37.000 -0.890
3 16 -5.047 -0.500 -0.890 -5.105 -0.500 -0.447 -5.105 -37.000 -0.447
3 16 -5.105 -0.500 -0.447 -5.125 -37.000 0.000 -5.105 -37.000 -0.447
3 16 -5.105 -0.500 -0.447 -5.125 -0.500 0.000 -5.125 -37.000 0.000
3 16 -5.125 -0.500 0.000 -5.105 -37.000 0.447 -5.125 -37.000 0.000
3 16 -5.125 -0.500 0.000 -5.105 -0.500 0.447 -5.105 -37.000 0.447
3 16 -5.105 -0.500 0.447 -5.047 -37.000 0.890 -5.105 -37.000 0.447
3 16 -5.105 -0.500 0.447 -5.047 -0.500 0.890 -5.047 -37.000 0.890
3 16 -5.047 -0.500 0.890 -4.950 -37.000 1.326 -5.047 -37.000 0.890
3 16 -5.047 -0.500 0.890 -4.950 -0.500 1.326 -4.950 -37.000 1.326
3 16 -4.950 -0.500 1.326 -4.816 -37.000 1.753 -4.950 -37.000 1.326
3 16 -4.950 -0.500 1.326 -4.816 -0.500 1.753 -4.816 -37.000 1.753
3 16 -4.816 -0.500 1.753 -4.645 -37.000 2.166 -4.816 -37.000 1.753
3 16 -4.816 -0.500 1.753 -4.645 -0.500 2.166 -4.645 -37.000 2.166
3 16 -4.645 -0.500 2.166 -4.438 -37.000 2.563 -4.645 -37.000 2.166
3 16 -4.645 -0.500 2.166 -4.438 -0.500 2.563 -4.438 -37.000 2.563
3 16 -4.438 -0.500 2.563 -4.198 -37.000 2.940 -4.438 -37.000 2.563
3 16 -4.438 -0.500 2.563 -4.198 -0.500 2.940 -4.198 -37.000 2.940
3 16 -4.198 -0.500 2.940 -3.926 -37.000 3.294 -4.198 -37.000 2.940
3 16 -4.198 -0.500 2.940 -3.926 -0.500 3.294 -3.926 -37.000 3.294
3 16 -3.926 -0.500 3.294 -3.624 -37.000 3.624 -3.926 -37.000 3.294
3 16 -3.926 -0.500 3.294 -3.624 -0.500 3.624 -3.624 -37.000 3.624
3 16 -3.624 -0.500 3.624 -3.294 -37.000 3.926 -3.624 -37.000 3.624
3 16 -3.624 -0.500 3.624 -3.294 -0.500 3.926 -3.294 -37.000 3.926
3 16 -3.294 -0.500 3.926 -2.940 -37.000 4.198 -3.294 -37.000 3.926
3 16 -3.294 -0.500 3.926 -2.940 -0.500 4.198 -2.940 -37.000 4.198
3 16 -2.940 -0.500 4.198 -2.563 -37.000 4.438 -2.940 -37.000 4.198
3 16 -2.940 -0.500 4.198 -2.563 -0.500 4.438 -2.563 -37.000 4.438
3 16 -2.563 -0.500 4.438 -2.166 -37.000 4.645 -2.563 -37.000 4.438
3 16 -2.563 -0.500 4.438 -2.166 -0.500 4.645 -2.166 -37.000 4.645
3 16 -2.166 -0.500 4.645 -1.753 -37.000 4.816 -2.166 -37.000 4.645
3 16 -2.166 -0.500 4.645 -1.753 -0.500 4.816 -1.753 -37.000 4.816
3 16 -1.753 -0.500 4.816 -1.326 -37.000 4.950 -1.753 -37.000 4.816
3 16 -1.753 -0.500 4.816 -1.326 -0.500 4.950 -1.326 -37.000 4.950
3 16 -1.326 -0.500 4.950 -0.890 -37.000 5.047 -1.326 -37.000 4.950
3 16 -1.326 -0.500 4.950 -0.890 -0.500 5.047 -0.890 -37.000 5.047
3 16 -0.890 -0.500 5.047 -0.447 -37.000 5.105 -0.890 -37.000 5.047
3 16 -0.890 -0.500 5.047 -0.447 -0.500 5.105 -0.447 -37.000 5.105
3 16 -0.447 -0.500 5.105 0.000 -37.000 5.125 -0.447 -37.000 5.105
3 16 -0.447 -0.500 5.105 0.000 -0.500 5.125 0.000 -37.000 5.125
3 16 0.000 0.000 -5.625 -0.447 -0.500 -5.105 0.000 -0.500 -5.125
3 16 0.000 0.000 -5.625 -0.490 0.000 -5.604 -0.447 -0.500 -5.105
3 16 -0.490 0.000 -5.604 -0.890 -0.500 -5.047 -0.447 -0.500 -5.105
3 16 -0.490 0.000 -5.604 -0.977 0.000 -5.540 -0.890 -0.500 -5.047
3 16 -0.977 0.000 -5.540 -1.326 -0.500 -4.950 -0.890 -0.500 -5.047
3 16 -0.977 0.000 -5.540 -1.456 0.000 -5.433 -1.326 -0.500 -4.950
3 16 -1.456 0.000 -5.433 -1.753 -0.500 -4.816 -1.326 -0.500 -4.950
3 16 -1.456 0.000 -5.433 -1.924 0.000 -5.286 -1.753 -0.500 -4.816
3 16 -1.924 0.000 -5.286 -2.166 -0.500 -4.645 -1.753 -0.500 -4.816
3 16 -1.924 0.000 -5.286 -2.377 0.000 -5.098 -2.166 -0.500 -4.645
3 16 -2.377 0.000 -5.098 -2.563 -0.500 -4.438 -2.166 -0.500 -4.645
3 16 -2.377 0.000 -5.098 -2.813 0.000 -4.871 -2.563 -0.500 -4.438
3 16 -2.813 0.000 -4.871 -2.940 -0.500 -4.198 -2.563 -0.500 -4.438
3 16 -2.813 0.000 -4.871 -3.226 0.000 -4.608 -2.940 -0.500 -4.198
3 16 -3.226 0.000 -4.608 -3.294 -0.500 -3.926 -2.940 -0.500 -4.198
3 16 -3.226 0.000 -4.608 -3.616 0.000 -4.309 -3.294 -0.500 -3.926
3 16 -3.616 0.000 -4.309 -3.624 -0.500 -3.624 -3.294 -0.500 -3.926
3 16 -3.616 0.000 -4.309 -3.977 0.000 -3.977 -3.624 -0.500 -3.624
3 16 -3.977 0.000 -3.977 -3.926 -0.500 -3.294 -3.624 -0.500 -3.624
3 16 -3.977 0.000 -3.977 -4.309 0.000 -3.616 -3.926 -0.500 -3.294
3 16 -4.309 0.000 -3.616 -4.198 -0.500 -2.940 -3.926 -0.500 -3.294
3 16 -4.309 0.000 -3.616 -4.608 0.000 -3.226 -4.198 -0.500 -2.940
3 16 -4.608 0.000 -3.226 -4.438 -0.500 -2.563 -4.198 -0.500 -2.940
3 16 -4.608 0.000 -3.226 -4.871 0.000 -2.813 -4.438 -0.500 -2.563
3 16 -4.871 0.000 -2.813 -4.645 -0.500 -2.166 -4.438 -0.500 -2.563
3 16 -4.871 0.000 -2.813 -5.098 0.000 -2.377 -4.645 -0.500 -2.166
3 16 -5.098 0.000 -2.377 -4.816 -0.500 -1.753 -4.645 -0.500 -2.166
3 16 -5.098 0.000 -2.377 -5.286 0.000 -1.924 -4.816 -0.500 -1.753
3 16 -5.286 0.000 -1.924 -4.950 -0.500 -1.326 -4.816 -0.500 -1.753
3 16 -5.286 0.000 -1.924 -5.433 0.000 -1.456 -4.950 -0.500 -1.326
3 16 -5.433 0.000 -1.456 -5.047 -0.500 -0.890 -4.950 -0.500 -1.326
3 16 -5.433 0.000 -1.456 -5.540 0.000 -0.977 -5.047 -0.500 -0.890
3 16 -5.540 0.000 -0.977 -5.105 -0.500 -0.447 -5.047 -0.500 -0.890
3 16 -5.540 0.000 -0.977 -5.604 0.000 -0.490 -5.105 -0.500 -0.447
3 16 -5.604 0.000 -0.490 -5.125 -0.500 0.000 -5.105 -0.500 -0.447
3 16 -5.604 0.000 -0.490 -5.625 0.000 0.000 -5.125 -0.500 0.000
3 16 -5.625 0.000 0.000 -5.105 -0.500 0.447 -5.125 -0.500 0.000
3 16 -5.625 0.000 0.000 -5.604 0.000 0.490 -5.105 -0.500 0.447
3 16 -5.604 0.000 0.490 -5.047 -0.500 0.890 -5.105 -0.500 0.447
3 16 -5.604 0.000 0.490 -5.540 0.000 0.977 -5.047 -0.500 0.890
3 16 -5.540 0.000 0.977 -4.950 -0.500 1.326 -5.047 -0.500 0.890
3 16 -5.540 0.000 0.977 -5.433 0.000 1.456 -4.950 -0.500 1.326
3 16 -5.433 0.000 1.456 -4.816 -0.500 1.753 -4.950 -0.500 1.326
3 16 -5.433 0.000 1.456 -5.286 0.000 1.924 -4.816 -0.500 1.753
3 16 -5.286 0.000 1.924 -4.645 -0.500 2.166 -4.816 -0.500 1.753
3 16 -5.286 0.000 1.924 -5.098 0.000 2.377 -4.645 -0.500 2.166
3 16 -5.098 0.000 2.377 -4.438 -0.500 2.563 -4.645 -0.500 2.166
3 16 -5.098 0.000 2.377 -4.871 0.000 2.813 -4.438 -0.500 2.563
3 16 -4.871 0.000 2.813 -4.198 -0.500 2.940 -4.438 -0.500 2.563
3 16 -4.871 0.000 2.813 -4.608 0.000 3.226 -4.198 -0.500 2.940
3 16 -4.608 0.000 3.226 -3.926 -0.500 3.294 -4.198 -0.500 2.940
3 16 -4.608 0.000 3.226 -4.309 0.000 3.616 -3.926 -0.500 3.294
3 16 -4.309 0.000 3.616 -3.624 -0.500 3.624 -3.926 -0.500 3.294
3 16 -4.309 0.000 3.616 -3.977 0.000 3.977 -3.624 -0.500 3.624
3 16 -3.977 0.000 3.977 -3.294 -0.500 3.926 -3.624 -0.500 3.624
3 16 -3.977 0.000 3.977 -3.616 0.000 4.309 -3.294 -0.500 3.926
3 16 -3.616 0.000 4.309 -2.940 -0.500 4.198 -3.294 -0.500 3.926
3 16 -3.616 0.000 4.309 -3.226 0.000 4.608 -2.940 -0.500 4.198
3 16 -3.226 0.000 4.608 -2.563 -0.500 4.438 -2.940 -0.500 4.198
3 16 -3.226 0.000 4.608 -2.813 0.000 4.871 -2.563 -0.500 4.438
3 16 -2.813 0.000 4.871 -2.166 -0.500 4.645 -2.563 -0.500 4.438
3 16 -2.813 0.000 4.871 -2.377 0.000 5.098 -2.166 -0.500 4.645
3 16 -2.377 0.000 5.098 -1.753 -0.500 4.816 -2.166 -0.500 4.645
3 16 -2.377 0.000 5.098 -1.924 0.000 5.286 -1.753 -0.500 4.816
3 16 -1.924 0.000 5.286 -1.326 -0.500 4.950 -1.753 -0.500 4.816
3 16 -1.924 0.000 5.286 -1.456 0.000 5.433 -1.326 -0.500 4.950
3 16 -1.456 0.000 5.433 -0.890 -0.500 5.047 -1.326 -0.500 4.950
3 16 -1.456 0.000 5.433 -0.977 0.000 5.540 -0.890 -0.500 5.047
3 16 -0.977 0.000 5.540 -0.447 -0.500 5.105 -0.890 -0.500 5.047
3 16 -0.977 0.000 5.540 -0.490 0.000 5.604 -0.447 -0.500 5.105
3 16 -0.490 0.000 5.604 0.000 -0.500 5.125 -0.447 -0.500 5.105
3 16 -0.490 0.000 5.604 0.000 0.000 5.625 0.000 -0.500 5.125
3 16 0.000 -37.500 5.625 -0.447 -37.000 5.105 0.000 -37.000 5.125
3 16 0.000 -37.500 5.625 -0.490 -37.500 5.604 -0.447 -37.000 5.105
3 16 -0.490 -37.500 5.604 -0.890 -37.000 5.047 -0.447 -37.000 5.105
3 16 -0.490 -37.500 5.604 -0.977 -37.500 5.540 -0.890 -37.000 5.047
3 16 -0.977 -37.500 5.540 -1.326 -37.000 4.950 -0.890 -37.000 5.047
3 16 -0.977 -37.500 5.540 -1.456 -37.500 5.433 -1.326 -37.000 4.950
3 16 -1.456 -37.500 5.433 -1.753 -37.000 4.816 -1.326 -37.000 4.950
3 16 -1.456 -37.500 5.433 -1.924 -37.500 5.286 -1.753 -37.000 4.816
3 16 -1.924 -37.500 5.286 -2.166 -37.000 4.645 -1.753 -37.000 4.816
3 16 -1.924 -37.500 5.286 -2.377 -37.500 5.098 -2.166 -37.000 4.645
3 16 -2.377 -37.500 5.098 -2.563 -37.000 4.438 -2.166 -37.000 4.645
3 16 -2.377 -37.500 5.098 -2.813 -37.500 4.871 -2.563 -37.000 4.438
3 16 -2.813 -37.500 4.871 -2.940 -37.000 4.198 -2.563 -37.000 4.438
3 16 -2.813 -37.500 4.871 -3.226 -37.500 4.608 -2.940 -37.000 4.198
3 16 -3.226 -37.500 4.608 -3.294 -37.000 3.926 -2.940 -37.000 4.198
3 16 -3.226 -37.500 4.608 -3.616 -37.500 4.309 -3.294 -37.000 3.926
3 16 -3.616 -37.500 4.309 -3.624 -37.000 3.624 -3.294 -37.000 3.926
3 16 -3.616 -37.500 4.309 -3.977 -37.500 3.977 -3.624 -37.000 3.624
3 16 -3.977 -37.500 3.977 -3.926 -37.000 3.294 -3.624 -37.000 3.624
3 16 -3.977 -37.500 3.977 -4.309 -37.500 3.616 -3.926 -37.000 3.294
3 16 -4.309 -37.500 3.616 -4.198 -37.000 2.940 -3.926 -37.000 3.294
3 16 -4.309 -37.500 3.616 -4.608 -37.500 3.226 -4.198 -37.000 2.940
3 16 -4.608 -37.500 3.226 -4.438 -37.000 2.563 -4.198 -37.000 2.940
3 16 -4.608 -37.500 3.226 -4.871 -37.500 2.813 -4.438 -37.000 2.563
3 16 -4.871 -37.500 2.813 -4.645 -37.000 2.166 -4.438 -37.000 2.563
3 16 -4.871 -37.500 2.813 -5.098 -37.500 2.377 -4.645 -37.000 2.166
3 16 -5.098 -37.500 2.377 -4.816 -37.000 1.753 -4.645 -37.000 2.166
3 16 -5.098 -37.500 2.377 -5.286 -37.500 1.924 -4.816 -37.000 1.753
3 16 -5.286 -37.500 1.924 -4.950 -37.000 1.326 -4.816 -37.000 1.753
3 16 -5.286 -37.500 1.924 -5.433 -37.500 1.456 -4.950 -37.000 1.326
3 16 -5.433 -37.500 1.456 -5.047 -37.000 0.890 -4.950 -37.000 1.326
3 16 -5.433 -37.500 1.456 -5.540 -37.500 0.977 -5.047 -37.000 0.890
3 16 -5.540 -37.500 0.977 -5.105 -37.000 0.447 -5.047 -37.000 0.890
3 16 -5.540 -37.500 0.977 -5.604 -37.500 0.490 -5.105 -37.000 0.447
3 16 -5.604 -37.500 0.490 -5.125 -37.000 0.000 -5.105 -37.000 0.447
3 16 -5.604 -37.500 0.490 -5.625 -37.500 0.000 -5.125 -37.000 0.000
3 16 -5.625 -37.500 0.000 -5.105 -37.000 -0.447 -5.125 -37.000 0.000
3 16 -5.625 -37.500 0.000 -5.604 -37.500 -0.490 -5.105 -37.000 -0.447
3 16 -5.604 -37.500 -0.490 -5.047 -37.000 -0.890 -5.105 -37.000 -0.447
3 16 -5.604 -37.500 -0.490 -5.540 -37.500 -0.977 -5.047 -37.000 -0.890
3 16 -5.540 -37.500 -0.977 -4.950 -37.000 -1.326 -5.047 -37.000 -0.890
3 16 -5.540 -37.500 -0.977 -5.433 -37.500 -1.456 -4.950 -37.000 -1.326
3 16 -5.433 -37.500 -1.456 -4.816 -37.000 -1.753 -4.950 -37.000 -1.326
3 16 -5.433 -37.500 -1.456 -5.286 -37.500 -1.924 -4.816 -37.000 -1.753
3 16 -5.286 -37.500 -1.924 -4.645 -37.000 -2.166 -4.816 -37.000 -1.753
3 16 -5.286 -37.500 -1.924 -5.098 -37.500 -2.377 -4.645 -37.000 -2.166
3 16 -5.098 -37.500 -2.377 -4.438 -37.000 -2.563 -4.645 -37.000 -2.166
3 16 -5.098 -37.500 -2.377 -4.871 -37.500 -2.813 -4.438 -37.000 -2.563
3 16 -4.871 -37.500 -2.813 -4.198 -37.000 -2.940 -4.438 -37.000 -2.563
3 16 -4.871 -37.500 -2.813 -4.608 -37.500 -3.226 -4.198 -37.000 -2.940
3 16 -4.608 -37.500 -3.226 -3.926 -37.000 -3.294 -4.198 -37.000 -2.940
3 16 -4.608 -37.500 -3.226 -4.309 -37.500 -3.616 -3.926 -37.000 -3.294
3 16 -4.309 -37.500 -3.616 -3.624 -37.000 -3.624 -3.926 -37.000 -3.294
3 16 -4.309 -37.500 -3.616 -3.977 -37.500 -3.977 -3.624 -37.000 -3.624
3 16 -3.977 -37.500 -3.977 -3.294 -37.000 -3.926 -3.624 -37.000 -3.624
3 16 -3.977 -37.500 -3.977 -3.616 -37.500 -4.309 -3.294 -37.000 -3.926
3 16 -3.616 -37.500 -4.309 -2.940 -37.000 -4.198 -3.294 -37.000 -3.926
3 16 -3.616 -37.500 -4.309 -3.226 -37.500 -4.608 -2.940 -37.000 -4.198
3 16 -3.226 -37.500 -4.608 -2.563 -37.000 -4.438 -2.940 -37.000 -4.198
3 16 -3.226 -37.500 -4.608 -2.813 -37.500 -4.871 -2.563 -37.000 -4.438
3 16 -2.813 -37.500 -4.871 -2.166 -37.000 -4.645 -2.563 -37.000 -4.438
3 16 -2.813 -37.500 -4.871 -2.377 -37.500 -5.098 -2.166 -37.000 -4.645
3 16 -2.377 -37.500 -5.098 -1.753 -37.000 -4.816 -2.166 -37.000 -4.645
3 16 -2.377 -37.500 -5.098 -1.924 -37.500 -5.286 -1.753 -37.000 -4.816
3 16 -1.924 -37.500 -5.286 -1.326 -37.000 -4.950 -1.753 -37.000 -4.816
3 16 -1.924 -37.500 -5.286 -1.456 -37.500 -5.433 -1.326 -37.000 -4.950
3 16 -1.456 -37.500 -5.433 -0.890 -37.000 -5.047 -1.326 -37.000 -4.950
3 16 -1.456 -37.500 -5.433 -0.977 -37.500 -5.540 -0.890 -37.000 -5.047
3 16 -0.977 -37.500 -5.540 -0.447 -37.000 -5.105 -0.890 -37.000 -5.047
3 16 -0.977 -37.500 -5.540 -0.490 -37.500 -5.604 -0.447 -37.000 -5.105
3 16 -0.490 -37.500 -5.604 0.000 -37.000 -5.125 -0.447 -37.000 -5.105
3 16 -0.490 -37.500 -5.604 0.000 -37.500 -5.625 0.000 -37.000 -5.125
2 24 0.447 -37.000 -5.105 0.000 -37.000 -5.125
2 24 0.490 -37.500 -5.604 0.000 -37.500 -5.625
2 24 5.105 -37.000 -0.447 5.125 -37.000 0.000
2 24 5.604 -37.500 -0.490 5.625 -37.500 0.000
2 24 0.000 -37.500 -8.750 -1.191 -37.500 -8.669
2 24 2.377 0.000 5.098 1.924 0.000 5.286
2 24 3.977 0.000 3.977 3.616 0.000 4.309
2 24 1.191 0.000 8.669 0.000 0.000 8.750
2 24 6.395 0.000 5.972 5.522 0.000 6.787
2 24 -5.098 0.000 -2.377 -5.286 0.000 -1.924
2 24 -3.977 0.000 -3.977 -4.309 0.000 -3.616
2 24 2.562 -37.000 -4.438 2.166 -37.000 -4.645
2 24 2.812 -37.500 -4.871 2.377 -37.500 -5.098
2 24 4.816 -37.000 -1.753 4.645 -37.000 -2.166
2 24 5.286 -37.500 -1.924 5.098 -37.500 -2.377
2 24 4.645 -37.000 -2.166 4.438 -37.000 -2.563
2 24 2.166 -37.000 -4.645 1.753 -37.000 -4.816
2 24 2.377 -37.500 -5.098 1.924 -37.500 -5.286
2 24 4.950 -37.000 -1.326 4.816 -37.000 -1.753
2 24 5.433 -37.500 -1.456 5.286 -37.500 -1.924
2 24 0.890 -37.000 -5.047 0.447 -37.000 -5.105
2 24 0.977 -37.500 -5.540 0.490 -37.500 -5.604
2 24 8.730 -37.500 -0.597 8.730 -37.500 0.597
2 24 -7.769 0.000 -4.026 -8.245 0.000 -2.930
2 24 -7.148 0.000 -5.046 -7.769 0.000 -4.026
2 24 3.486 0.000 8.026 2.361 0.000 8.426
2 24 4.546 0.000 7.476 3.486 0.000 8.026
2 24 -8.245 0.000 -2.930 -8.567 0.000 -1.780
2 24 5.522 0.000 6.787 4.546 0.000 7.476
2 24 1.753 -37.000 -4.816 1.326 -37.000 -4.950
2 24 1.924 -37.500 -5.286 1.456 -37.500 -5.433
2 24 5.047 -37.000 -0.890 4.950 -37.000 -1.326
2 24 5.540 -37.500 -0.977 5.433 -37.500 -1.456
2 24 1.326 -37.000 -4.950 0.890 -37.000 -5.047
2 24 1.456 -37.500 -5.433 0.977 -37.500 -5.540
2 24 5.105 -37.000 -0.447 5.047 -37.000 -0.890
2 24 5.604 -37.500 -0.490 5.540 -37.500 -0.977
2 24 1.191 -37.500 -8.669 0.000 -37.500 -8.750
2 24 8.730 -37.500 -0.597 8.567 -37.500 -1.780
2 24 2.361 -37.500 -8.426 1.191 -37.500 -8.669
2 24 2.940 -37.000 -4.198 2.562 -37.000 -4.438
2 24 3.226 -37.500 -4.608 2.812 -37.500 -4.871
2 24 5.098 -37.500 -2.377 4.871 -37.500 -2.813
2 24 3.294 -37.000 -3.926 2.940 -37.000 -4.198
2 24 4.438 -37.000 -2.563 4.198 -37.000 -2.940
2 24 4.871 -37.500 -2.813 4.608 -37.500 -3.226
2 24 3.616 -37.500 -4.309 3.226 -37.500 -4.608
2 24 3.624 -37.000 -3.624 3.294 -37.000 -3.926
2 24 4.198 -37.000 -2.940 3.926 -37.000 -3.294
2 24 8.567 -37.500 -1.780 8.245 -37.500 -2.930
2 24 3.486 -37.500 -8.026 2.361 -37.500 -8.426
2 24 3.977 -37.500 -3.977 3.616 -37.500 -4.309
2 24 3.926 -37.000 -3.294 3.624 -37.000 -3.624
2 24 4.309 -37.500 -3.616 3.977 -37.500 -3.977
2 24 4.608 -37.500 -3.226 4.309 -37.500 -3.616
2 24 -4.608 -37.500 3.226 -4.871 -37.500 2.813
2 24 -4.309 -37.500 3.616 -4.608 -37.500 3.226
2 24 -3.977 -37.500 3.977 -4.309 -37.500 3.616
2 24 -3.616 -37.500 4.309 -3.977 -37.500 3.977
2 24 -3.226 -37.500 4.608 -3.616 -37.500 4.309
2 24 8.567 -37.500 1.780 8.245 -37.500 2.930
2 24 -4.645 -37.000 2.166 -4.816 -37.000 1.753
2 24 -2.166 -37.000 4.645 -2.563 -37.000 4.438
2 24 5.604 -37.500 0.490 5.540 -37.500 0.977
2 24 -0.490 -37.500 -5.604 -0.977 -37.500 -5.540
2 24 -4.438 -37.000 2.563 -4.645 -37.000 2.166
2 24 -2.563 -37.000 4.438 -2.940 -37.000 4.198
2 24 5.047 -37.000 0.890 4.950 -37.000 1.326
2 24 5.540 -37.500 0.977 5.433 -37.500 1.456
2 24 -0.977 -37.500 -5.540 -1.456 -37.500 -5.433
2 24 -5.098 -37.500 2.377 -5.286 -37.500 1.924
2 24 -2.377 -37.500 5.098 -2.813 -37.500 4.871
2 24 -0.890 -37.000 -5.047 -1.326 -37.000 -4.950
2 24 -4.950 -37.000 1.326 -5.047 -37.000 0.890
2 24 -1.753 -37.000 4.816 -2.166 -37.000 4.645
2 24 5.433 -37.500 1.456 5.286 -37.500 1.924
2 24 -1.456 -37.500 -5.433 -1.924 -37.500 -5.286
2 24 -5.540 -37.500 0.977 -5.604 -37.500 0.490
2 24 -1.456 -37.500 5.433 -1.924 -37.500 5.286
2 24 8.245 -37.500 2.930 7.769 -37.500 4.026
2 24 -0.890 -37.000 5.047 -1.326 -37.000 4.950
2 24 4.950 -37.000 1.326 4.816 -37.000 1.753
2 24 -5.433 -37.500 1.456 -5.540 -37.500 0.977
2 24 -1.326 -37.000 -4.950 -1.753 -37.000 -4.816
2 24 -5.047 -37.000 0.890 -5.105 -37.000 0.447
2 24 4.816 -37.000 1.753 4.645 -37.000 2.166
2 24 -4.546 -37.500 7.476 -5.522 -37.500 6.787
2 24 -5.522 -37.500 6.787 -6.395 -37.500 5.972
2 24 -6.395 -37.500 5.972 -7.148 -37.500 5.046
2 24 -7.148 -37.500 5.046 -7.769 -37.500 4.026
2 24 -0.977 -37.500 5.540 -1.456 -37.500 5.433
2 24 -1.753 -37.000 -4.816 -2.166 -37.000 -4.645
2 24 -0.447 -37.000 5.105 -0.890 -37.000 5.047
2 24 -3.486 -37.500 8.026 -4.546 -37.500 7.476
2 24 -7.769 -37.500 4.026 -8.245 -37.500 2.930
2 24 -3.486 -37.500 -8.026 -4.546 -37.500 -7.476
2 24 -0.490 -37.500 5.604 -0.977 -37.500 5.540
2 24 -5.125 -37.000 0.000 -5.105 -37.000 0.447
2 24 0.000 -37.000 5.125 -0.447 -37.000 5.105
2 24 5.286 -37.500 1.924 5.098 -37.500 2.377
2 24 -1.924 -37.500 -5.286 -2.377 -37.500 -5.098
2 24 -8.245 -37.500 2.930 -8.567 -37.500 1.780
2 24 5.125 -37.000 0.000 5.105 -37.000 0.447
2 24 5.625 -37.500 0.000 5.604 -37.500 0.490
2 24 0.000 -37.500 -5.625 -0.490 -37.500 -5.604
2 24 8.730 -37.500 0.597 8.567 -37.500 1.780
2 24 0.000 -37.000 -5.125 -0.447 -37.000 -5.105
2 24 4.645 -37.000 2.166 4.438 -37.000 2.563
2 24 5.098 -37.500 2.377 4.871 -37.500 2.813
2 24 0.447 -37.000 5.105 0.000 -37.000 5.125
2 24 -2.361 -37.500 8.426 -3.486 -37.500 8.026
2 24 -5.625 -37.500 0.000 -5.604 -37.500 0.490
2 24 0.000 -37.500 5.625 -0.490 -37.500 5.604
2 24 -2.377 -37.500 -5.098 -2.813 -37.500 -4.871
2 24 7.769 -37.500 4.026 7.148 -37.500 5.046
2 24 -2.166 -37.000 -4.645 -2.563 -37.000 -4.438
2 24 -5.105 -37.000 -0.447 -5.125 -37.000 0.000
2 24 5.105 -37.000 0.447 5.047 -37.000 0.890
2 24 -0.447 -37.000 -5.105 -0.890 -37.000 -5.047
2 24 -4.198 -37.000 2.940 -4.438 -37.000 2.563
2 24 -3.926 -37.000 3.294 -4.198 -37.000 2.940
2 24 -3.294 -37.000 3.926 -3.624 -37.000 3.624
2 24 -2.940 -37.000 4.198 -3.294 -37.000 3.926
2 24 8.245 -37.500 -2.930 7.769 -37.500 -4.026
2 24 4.546 -37.500 -7.476 3.486 -37.500 -8.026
2 24 -2.813 -37.500 4.871 -3.226 -37.500 4.608
2 24 -4.816 -37.000 1.753 -4.950 -37.000 1.326
2 24 7.769 -37.500 -4.026 7.148 -37.500 -5.046
2 24 5.522 -37.500 -6.787 4.546 -37.500 -7.476
2 24 3.226 0.000 4.608 2.812 0.000 4.871
2 24 -6.395 0.000 -5.972 -7.148 0.000 -5.046
2 24 2.361 0.000 8.426 1.191 0.000 8.669
2 24 -4.608 0.000 -3.226 -4.871 0.000 -2.813
2 24 -8.567 -37.500 1.780 -8.730 -37.500 0.597
2 24 4.438 -37.000 2.563 4.198 -37.000 2.940
2 24 4.871 -37.500 2.813 4.608 -37.500 3.226
2 24 0.890 -37.000 5.047 0.447 -37.000 5.105
2 24 0.490 -37.500 5.604 0.000 -37.500 5.625
2 24 -1.191 -37.500 8.669 -2.361 -37.500 8.426
2 24 -4.546 -37.500 -7.476 -5.522 -37.500 -6.787
2 24 -5.604 -37.500 -0.490 -5.625 -37.500 0.000
2 24 -2.813 -37.500 -4.871 -3.226 -37.500 -4.608
2 24 -2.563 -37.000 -4.438 -2.940 -37.000 -4.198
2 24 -5.047 -37.000 -0.890 -5.105 -37.000 -0.447
2 24 -1.924 -37.500 5.286 -2.377 -37.500 5.098
2 24 -1.326 -37.000 4.950 -1.753 -37.000 4.816
2 24 -2.361 -37.500 -8.426 -3.486 -37.500 -8.026
2 24 -5.286 -37.500 1.924 -5.433 -37.500 1.456
2 24 1.924 0.000 5.286 1.456 0.000 5.433
2 24 4.309 0.000 3.616 3.977 0.000 3.977
2 24 -8.730 0.000 -0.597 -8.730 0.000 0.597
2 24 -5.522 0.000 -6.787 -6.395 0.000 -5.972
2 24 -3.616 0.000 -4.309 -3.977 0.000 -3.977
2 24 -5.286 0.000 -1.924 -5.433 0.000 -1.456
2 24 0.977 -37.500 5.540 0.490 -37.500 5.604
2 24 -5.540 -37.500 -0.977 -5.604 -37.500 -0.490
2 24 4.198 -37.000 2.940 3.926 -37.000 3.294
2 24 1.326 -37.000 4.950 0.890 -37.000 5.047
2 24 7.148 -37.500 5.046 6.395 -37.500 5.972
2 24 -2.940 -37.000 -4.198 -3.294 -37.000 -3.926
2 24 -4.950 -37.000 -1.326 -5.047 -37.000 -0.890
2 24 -4.871 -37.500 2.813 -5.098 -37.500 2.377
2 24 0.977 0.000 5.540 0.490 0.000 5.604
2 24 7.148 0.000 5.046 6.395 0.000 5.972
2 24 -5.540 0.000 -0.977 -5.604 0.000 -0.490
2 24 4.871 0.000 2.813 4.608 0.000 3.226
2 24 -1.191 0.000 8.669 -2.361 0.000 8.426
2 24 -4.546 0.000 -7.476 -5.522 0.000 -6.787
2 24 -2.813 0.000 -4.871 -3.226 0.000 -4.608
2 24 4.608 -37.500 3.226 4.309 -37.500 3.616
2 24 1.753 -37.000 4.816 1.326 -37.000 4.950
2 24 1.456 -37.500 5.433 0.977 -37.500 5.540
2 24 0.000 -37.500 8.750 -1.191 -37.500 8.669
2 24 -3.226 -37.500 -4.608 -3.616 -37.500 -4.309
2 24 -5.433 -37.500 -1.456 -5.540 -37.500 -0.977
2 24 -4.816 -37.000 -1.753 -4.950 -37.000 -1.326
2 24 3.926 -37.000 3.294 3.624 -37.000 3.624
2 24 -8.730 -37.500 -0.597 -8.730 -37.500 0.597
2 24 -5.522 -37.500 -6.787 -6.395 -37.500 -5.972
2 24 -3.294 -37.000 -3.926 -3.624 -37.000 -3.624
2 24 -1.191 -37.500 -8.669 -2.361 -37.500 -8.426
2 24 -3.624 -37.000 3.624 -3.926 -37.000 3.294
2 24 5.098 0.000 2.377 4.871 0.000 2.813
2 24 -2.361 0.000 8.426 -3.486 0.000 8.026
2 24 -8.567 0.000 1.780 -8.730 0.000 0.597
2 24 0.000 0.000 5.625 -0.490 0.000 5.604
2 24 -2.377 0.000 -5.098 -2.813 0.000 -4.871
2 24 7.769 0.000 4.026 7.148 0.000 5.046
2 24 -5.625 0.000 0.000 -5.604 0.000 0.490
2 24 4.309 -37.500 3.616 3.977 -37.500 3.977
2 24 3.624 -37.000 3.624 3.294 -37.000 3.926
2 24 2.562 -37.000 4.438 2.166 -37.000 4.645
2 24 2.166 -37.000 4.645 1.753 -37.000 4.816
2 24 1.924 -37.500 5.286 1.456 -37.500 5.433
2 24 -3.616 -37.500 -4.309 -3.977 -37.500 -3.977
2 24 -5.286 -37.500 -1.924 -5.433 -37.500 -1.456
2 24 -3.624 -37.000 -3.624 -3.926 -37.000 -3.294
2 24 -4.438 -37.000 -2.563 -4.645 -37.000 -2.166
2 24 -4.645 -37.000 -2.166 -4.816 -37.000 -1.753
2 24 -3.486 0.000 8.026 -4.546 0.000 7.476
2 24 -8.245 0.000 2.930 -8.567 0.000 1.780
2 24 -7.769 0.000 4.026 -8.245 0.000 2.930
2 24 -3.486 0.000 -8.026 -4.546 0.000 -7.476
2 24 -0.490 0.000 5.604 -0.977 0.000 5.540
2 24 3.977 -37.500 3.977 3.616 -37.500 4.309
2 24 3.294 -37.000 3.926 2.940 -37.000 4.198
2 24 2.940 -37.000 4.198 2.562 -37.000 4.438
2 24 2.377 -37.500 5.098 1.924 -37.500 5.286
2 24 1.191 -37.500 8.669 0.000 -37.500 8.750
2 24 -3.977 -37.500 -3.977 -4.309 -37.500 -3.616
2 24 -5.098 -37.500 -2.377 -5.286 -37.500 -1.924
2 24 6.395 -37.500 5.972 5.522 -37.500 6.787
2 24 -3.926 -37.000 -3.294 -4.198 -37.000 -2.940
2 24 -4.198 -37.000 -2.940 -4.438 -37.000 -2.563
2 24 -4.546 0.000 7.476 -5.522 0.000 6.787
2 24 -5.522 0.000 6.787 -6.395 0.000 5.972
2 24 -6.395 0.000 5.972 -7.148 0.000 5.046
2 24 -7.148 0.000 5.046 -7.769 0.000 4.026
2 24 -0.977 0.000 5.540 -1.456 0.000 5.433
2 24 -5.540 0.000 0.977 -5.604 0.000 0.490
2 24 8.245 0.000 2.930 7.769 0.000 4.026
2 24 3.616 -37.500 4.309 3.226 -37.500 4.608
2 24 3.226 -37.500 4.608 2.812 -37.500 4.871
2 24 2.812 -37.500 4.871 2.377 -37.500 5.098
2 24 -8.567 -37.500 -1.780 -8.730 -37.500 -0.597
2 24 -6.395 -37.500 -5.972 -7.148 -37.500 -5.046
2 24 -4.309 -37.500 -3.616 -4.608 -37.500 -3.226
2 24 -4.608 -37.500 -3.226 -4.871 -37.500 -2.813
2 24 -4.871 -37.500 -2.813 -5.098 -37.500 -2.377
2 24 5.433 0.000 1.456 5.286 0.000 1.924
2 24 -1.456 0.000 5.433 -1.924 0.000 5.286
2 24 -1.456 0.000 -5.433 -1.924 0.000 -5.286
2 24 -5.433 0.000 1.456 -5.540 0.000 0.977
2 24 2.361 -37.500 8.426 1.191 -37.500 8.669
2 24 5.522 -37.500 6.787 4.546 -37.500 7.476
2 24 -1.924 0.000 5.286 -2.377 0.000 5.098
2 24 -2.361 0.000 -8.426 -3.486 0.000 -8.026
2 24 -5.286 0.000 1.924 -5.433 0.000 1.456
2 24 5.540 0.000 0.977 5.433 0.000 1.456
2 24 -2.377 0.000 5.098 -2.813 0.000 4.871
2 24 -5.098 0.000 2.377 -5.286 0.000 1.924
2 24 -0.977 0.000 -5.540 -1.456 0.000 -5.433
2 24 -2.813 0.000 4.871 -3.226 0.000 4.608
2 24 -3.226 0.000 4.608 -3.616 0.000 4.309
2 24 -4.608 0.000 3.226 -4.871 0.000 2.813
2 24 -4.871 0.000 2.813 -5.098 0.000 2.377
2 24 8.567 0.000 1.780 8.245 0.000 2.930
2 24 -3.616 0.000 4.309 -3.977 0.000 3.977
2 24 -3.977 0.000 3.977 -4.309 0.000 3.616
2 24 -4.309 0.000 3.616 -4.608 0.000 3.226
2 24 0.490 0.000 5.604 0.000 0.000 5.625
2 24 -5.604 0.000 -0.490 -5.625 0.000 0.000
2 24 5.625 0.000 0.000 5.604 0.000 0.490
2 24 8.730 0.000 0.597 8.567 0.000 1.780
2 24 0.000 0.000 -5.625 -0.490 0.000 -5.604
2 24 1.456 0.000 5.433 0.977 0.000 5.540
2 24 0.000 0.000 8.750 -1.191 0.000 8.669
2 24 -5.433 0.000 -1.456 -5.540 0.000 -0.977
2 24 4.608 0.000 3.226 4.309 0.000 3.616
2 24 -3.226 0.000 -4.608 -3.616 0.000 -4.309
2 24 5.604 0.000 0.490 5.540 0.000 0.977
2 24 -0.490 0.000 -5.604 -0.977 0.000 -5.540
2 24 2.812 0.000 4.871 2.377 0.000 5.098
2 24 3.616 0.000 4.309 3.226 0.000 4.608
2 24 -8.567 0.000 -1.780 -8.730 0.000 -0.597
2 24 -4.871 0.000 -2.813 -5.098 0.000 -2.377
2 24 -4.309 0.000 -3.616 -4.608 0.000 -3.226
2 24 -1.191 0.000 -8.669 -2.361 0.000 -8.426
2 24 5.604 0.000 -0.490 5.625 0.000 0.000
2 24 0.490 0.000 -5.604 0.000 0.000 -5.625
2 24 0.000 0.000 -8.750 -1.191 0.000 -8.669
2 24 0.977 0.000 -5.540 0.490 0.000 -5.604
2 24 8.730 0.000 -0.597 8.730 0.000 0.597
2 24 5.604 0.000 -0.490 5.540 0.000 -0.977
2 24 1.456 0.000 -5.433 0.977 0.000 -5.540
2 24 1.191 0.000 -8.669 0.000 0.000 -8.750
2 24 5.540 0.000 -0.977 5.433 0.000 -1.456
2 24 1.924 0.000 -5.286 1.456 0.000 -5.433
2 24 5.286 0.000 1.924 5.098 0.000 2.377
2 24 -1.924 0.000 -5.286 -2.377 0.000 -5.098
2 24 5.433 0.000 -1.456 5.286 0.000 -1.924
2 24 2.377 0.000 -5.098 1.924 0.000 -5.286
2 24 8.730 0.000 -0.597 8.567 0.000 -1.780
2 24 2.361 0.000 -8.426 1.191 0.000 -8.669
2 24 5.286 0.000 -1.924 5.098 0.000 -2.377
2 24 2.812 0.000 -4.871 2.377 0.000 -5.098
2 24 5.098 0.000 -2.377 4.871 0.000 -2.813
2 24 3.226 0.000 -4.608 2.812 0.000 -4.871
2 24 4.871 0.000 -2.813 4.608 0.000 -3.226
2 24 3.616 0.000 -4.309 3.226 0.000 -4.608
2 24 8.567 0.000 -1.780 8.245 0.000 -2.930
2 24 3.486 0.000 -8.026 2.361 0.000 -8.426
2 24 4.608 0.000 -3.226 4.309 0.000 -3.616
2 24 4.309 0.000 -3.616 3.977 0.000 -3.977
2 24 3.977 0.000 -3.977 3.616 0.000 -4.309
2 24 -8.245 -37.500 -2.930 -8.567 -37.500 -1.780
2 24 -7.769 -37.500 -4.026 -8.245 -37.500 -2.930
2 24 -7.148 -37.500 -5.046 -7.769 -37.500 -4.026
2 24 4.546 -37.500 7.476 3.486 -37.500 8.026
2 24 3.486 -37.500 8.026 2.361 -37.500 8.426
2 24 8.245 0.000 -2.930 7.769 0.000 -4.026
2 24 4.546 0.000 -7.476 3.486 0.000 -8.026
2 24 5.522 0.000 -6.787 4.546 0.000 -7.476
2 24 7.769 0.000 -4.026 7.148 0.000 -5.046
2 24 6.395 0.000 -5.972 5.522 0.000 -6.787
2 24 7.148 0.000 -5.046 6.395 0.000 -5.972
2 24 7.148 -37.500 -5.046 6.395 -37.500 -5.972
2 24 6.395 -37.500 -5.972 5.522 -37.500 -6.787
