0 FILE MX10-6160.dat
0 6mm D Shaft - 160mm
0 Name:  MX10-6160.dat
0 Author:  
0 BL_Item_No 10-6160
0 BFC CERTIFY CCW
3 16 -44.961 -0.500 6.563 -45.854 -0.500 5.626 -44.961 -399.500 6.562
3 16 -45.854 -0.500 5.626 -45.854 -399.500 5.626 -44.961 -399.500 6.562
3 16 -45.854 -0.500 5.626 -46.573 -0.500 4.550 -45.854 -399.500 5.626
3 16 -46.573 -0.500 4.550 -46.573 -399.500 4.550 -45.854 -399.500 5.626
3 16 -46.573 -0.500 4.550 -47.096 -0.500 3.366 -46.573 -399.500 4.550
3 16 -47.096 -0.500 3.366 -47.096 -399.500 3.366 -46.573 -399.500 4.550
3 16 -47.096 -0.500 3.366 -47.408 -0.500 2.110 -47.096 -399.500 3.366
3 16 -47.408 -0.500 2.110 -47.408 -399.500 2.110 -47.096 -399.500 3.366
3 16 -47.408 -0.500 2.110 -47.499 -0.500 0.819 -47.408 -399.500 2.110
3 16 -47.499 -0.500 0.819 -47.499 -399.500 0.819 -47.408 -399.500 2.110
3 16 -47.499 -0.500 0.819 -47.367 -0.500 -0.469 -47.499 -399.500 0.819
3 16 -47.367 -0.500 -0.469 -47.367 -399.500 -0.469 -47.499 -399.500 0.819
3 16 -47.367 -0.500 -0.469 -47.016 -0.500 -1.714 -47.367 -399.500 -0.469
3 16 -47.016 -0.500 -1.714 -47.016 -399.500 -1.714 -47.367 -399.500 -0.469
3 16 -47.016 -0.500 -1.714 -46.455 -0.500 -2.881 -47.016 -399.500 -1.714
3 16 -46.455 -0.500 -2.881 -46.455 -399.500 -2.881 -47.016 -399.500 -1.714
3 16 -46.455 -0.500 -2.881 -45.703 -0.500 -3.934 -46.455 -399.500 -2.881
3 16 -45.703 -0.500 -3.934 -45.703 -399.500 -3.934 -46.455 -399.500 -2.881
3 16 -45.703 -0.500 -3.934 -44.780 -0.500 -4.842 -45.703 -399.500 -3.934
3 16 -44.780 -0.500 -4.842 -44.780 -399.500 -4.842 -45.703 -399.500 -3.934
3 16 -44.780 -0.500 -4.842 -43.716 -0.500 -5.577 -44.780 -399.500 -4.842
3 16 -43.716 -0.500 -5.577 -43.716 -399.500 -5.577 -44.780 -399.500 -4.842
3 16 -43.716 -0.500 -5.577 -42.540 -0.500 -6.119 -43.716 -399.500 -5.577
3 16 -42.540 -0.500 -6.119 -42.540 -399.500 -6.119 -43.716 -399.500 -5.577
3 16 -42.540 -0.500 -6.119 -41.289 -0.500 -6.451 -42.540 -399.500 -6.119
3 16 -41.289 -0.500 -6.451 -41.289 -399.500 -6.451 -42.540 -399.500 -6.119
3 16 -41.289 -0.500 -6.451 -40.000 -0.500 -6.562 -41.289 -399.500 -6.451
3 16 -40.000 -0.500 -6.562 -40.000 -399.500 -6.563 -41.289 -399.500 -6.451
3 16 -40.000 -0.500 -6.562 -38.711 -0.500 -6.451 -40.000 -399.500 -6.563
3 16 -38.711 -0.500 -6.451 -38.711 -399.500 -6.451 -40.000 -399.500 -6.563
3 16 -38.711 -0.500 -6.451 -37.460 -0.500 -6.119 -38.711 -399.500 -6.451
3 16 -37.460 -0.500 -6.119 -37.460 -399.500 -6.119 -38.711 -399.500 -6.451
3 16 -37.460 -0.500 -6.119 -36.284 -0.500 -5.577 -37.460 -399.500 -6.119
3 16 -36.284 -0.500 -5.577 -36.284 -399.500 -5.577 -37.460 -399.500 -6.119
3 16 -36.284 -0.500 -5.577 -35.220 -0.500 -4.842 -36.284 -399.500 -5.577
3 16 -35.220 -0.500 -4.842 -35.220 -399.500 -4.842 -36.284 -399.500 -5.577
3 16 -35.220 -0.500 -4.842 -34.297 -0.500 -3.934 -35.220 -399.500 -4.842
3 16 -34.297 -0.500 -3.934 -34.297 -399.500 -3.934 -35.220 -399.500 -4.842
3 16 -34.297 -0.500 -3.934 -33.545 -0.500 -2.881 -34.297 -399.500 -3.934
3 16 -33.545 -0.500 -2.881 -33.545 -399.500 -2.881 -34.297 -399.500 -3.934
3 16 -33.545 -0.500 -2.881 -32.984 -0.500 -1.714 -33.545 -399.500 -2.881
3 16 -32.984 -0.500 -1.714 -32.984 -399.500 -1.714 -33.545 -399.500 -2.881
3 16 -32.984 -0.500 -1.714 -32.633 -0.500 -0.469 -32.984 -399.500 -1.714
3 16 -32.633 -0.500 -0.469 -32.633 -399.500 -0.469 -32.984 -399.500 -1.714
3 16 -32.633 -0.500 -0.469 -32.501 -0.500 0.819 -32.633 -399.500 -0.469
3 16 -32.501 -0.500 0.819 -32.501 -399.500 0.819 -32.633 -399.500 -0.469
3 16 -32.501 -0.500 0.819 -32.592 -0.500 2.110 -32.501 -399.500 0.819
3 16 -32.592 -0.500 2.110 -32.592 -399.500 2.110 -32.501 -399.500 0.819
3 16 -32.592 -0.500 2.110 -32.904 -0.500 3.366 -32.592 -399.500 2.110
3 16 -32.904 -0.500 3.366 -32.904 -399.500 3.366 -32.592 -399.500 2.110
3 16 -32.904 -0.500 3.366 -33.427 -0.500 4.550 -32.904 -399.500 3.366
3 16 -33.427 -0.500 4.550 -33.427 -399.500 4.550 -32.904 -399.500 3.366
3 16 -33.427 -0.500 4.550 -34.146 -0.500 5.626 -33.427 -399.500 4.550
3 16 -34.146 -0.500 5.626 -34.146 -399.500 5.626 -33.427 -399.500 4.550
3 16 -34.146 -0.500 5.626 -35.039 -0.500 6.563 -34.146 -399.500 5.626
3 16 -35.039 -0.500 6.563 -35.039 -399.500 6.562 -34.146 -399.500 5.626
3 16 -44.961 -399.500 6.562 -35.039 -0.500 6.563 -44.961 -0.500 6.563
3 16 -44.961 -399.500 6.562 -35.039 -399.500 6.562 -35.039 -0.500 6.563
3 16 -44.768 -400.000 6.062 -34.536 -400.000 5.313 -35.232 -400.000 6.062
3 16 -44.768 -400.000 6.062 -45.464 -400.000 5.313 -34.536 -400.000 5.313
3 16 -33.086 -400.000 2.032 -33.377 -400.000 3.204 -45.323 -400.000 -3.609
3 16 -46.135 -400.000 4.309 -34.536 -400.000 5.313 -45.464 -400.000 5.313
3 16 -46.135 -400.000 4.309 -46.623 -400.000 3.204 -34.536 -400.000 5.313
3 16 -46.623 -400.000 3.204 -46.914 -400.000 2.032 -34.536 -400.000 5.313
3 16 -33.124 -400.000 -0.375 -38.797 -400.000 -5.958 -37.629 -400.000 -5.649
3 16 -33.124 -400.000 -0.375 -33.001 -400.000 0.827 -38.797 -400.000 -5.958
3 16 -33.001 -400.000 0.827 -33.086 -400.000 2.032 -38.797 -400.000 -5.958
3 16 -46.999 -400.000 0.827 -34.536 -400.000 5.313 -46.914 -400.000 2.032
3 16 -46.999 -400.000 0.827 -46.876 -400.000 -0.375 -34.536 -400.000 5.313
3 16 -46.876 -400.000 -0.375 -46.548 -400.000 -1.537 -34.536 -400.000 5.313
3 16 -33.865 -400.000 4.309 -45.323 -400.000 -3.609 -33.377 -400.000 3.204
3 16 -33.865 -400.000 4.309 -34.536 -400.000 5.313 -45.323 -400.000 -3.609
3 16 -34.536 -400.000 5.313 -46.025 -400.000 -2.626 -45.323 -400.000 -3.609
3 16 -34.536 -400.000 5.313 -46.548 -400.000 -1.537 -46.025 -400.000 -2.626
3 16 -44.462 -400.000 -4.456 -33.086 -400.000 2.032 -45.323 -400.000 -3.609
3 16 -44.462 -400.000 -4.456 -43.468 -400.000 -5.143 -33.086 -400.000 2.032
3 16 -43.468 -400.000 -5.143 -42.371 -400.000 -5.649 -33.086 -400.000 2.032
3 16 -36.532 -400.000 -5.143 -33.124 -400.000 -0.375 -37.629 -400.000 -5.649
3 16 -36.532 -400.000 -5.143 -35.538 -400.000 -4.456 -33.124 -400.000 -0.375
3 16 -35.538 -400.000 -4.456 -33.452 -400.000 -1.537 -33.124 -400.000 -0.375
3 16 -35.538 -400.000 -4.456 -34.677 -400.000 -3.609 -33.452 -400.000 -1.537
3 16 -34.677 -400.000 -3.609 -33.975 -400.000 -2.626 -33.452 -400.000 -1.537
3 16 -41.203 -400.000 -5.958 -33.086 -400.000 2.032 -42.371 -400.000 -5.649
3 16 -41.203 -400.000 -5.958 -40.000 -400.000 -6.063 -33.086 -400.000 2.032
3 16 -40.000 -400.000 -6.063 -38.797 -400.000 -5.958 -33.086 -400.000 2.032
3 16 -35.232 0.000 6.063 -45.464 0.000 5.313 -44.768 0.000 6.063
3 16 -35.232 0.000 6.063 -34.536 0.000 5.313 -45.464 0.000 5.313
3 16 -34.536 0.000 5.313 -46.135 0.000 4.309 -45.464 0.000 5.313
3 16 -34.536 0.000 5.313 -46.623 0.000 3.204 -46.135 0.000 4.309
3 16 -42.371 0.000 -5.649 -34.536 0.000 5.313 -41.203 0.000 -5.958
3 16 -33.001 0.000 0.827 -33.124 0.000 -0.375 -33.086 0.000 2.032
3 16 -33.975 0.000 -2.626 -34.536 0.000 5.313 -33.865 0.000 4.309
3 16 -33.975 0.000 -2.626 -34.677 0.000 -3.609 -34.536 0.000 5.313
3 16 -43.468 0.000 -5.143 -34.536 0.000 5.313 -42.371 0.000 -5.649
3 16 -43.468 0.000 -5.143 -44.462 0.000 -4.456 -34.536 0.000 5.313
3 16 -44.462 0.000 -4.456 -45.323 0.000 -3.609 -34.536 0.000 5.313
3 16 -46.025 0.000 -2.626 -34.536 0.000 5.313 -45.323 0.000 -3.609
3 16 -46.025 0.000 -2.626 -46.548 0.000 -1.537 -34.536 0.000 5.313
3 16 -46.548 0.000 -1.537 -46.876 0.000 -0.375 -34.536 0.000 5.313
3 16 -46.999 0.000 0.827 -34.536 0.000 5.313 -46.876 0.000 -0.375
3 16 -46.999 0.000 0.827 -46.914 0.000 2.032 -34.536 0.000 5.313
3 16 -46.914 0.000 2.032 -46.623 0.000 3.204 -34.536 0.000 5.313
3 16 -33.377 0.000 3.204 -33.975 0.000 -2.626 -33.865 0.000 4.309
3 16 -33.377 0.000 3.204 -33.086 0.000 2.032 -33.975 0.000 -2.626
3 16 -33.086 0.000 2.032 -33.452 0.000 -1.537 -33.975 0.000 -2.626
3 16 -33.086 0.000 2.032 -33.124 0.000 -0.375 -33.452 0.000 -1.537
3 16 -35.538 0.000 -4.456 -34.536 0.000 5.313 -34.677 0.000 -3.609
3 16 -35.538 0.000 -4.456 -36.532 0.000 -5.143 -34.536 0.000 5.313
3 16 -36.532 0.000 -5.143 -37.629 0.000 -5.649 -34.536 0.000 5.313
3 16 -38.797 0.000 -5.958 -34.536 0.000 5.313 -37.629 0.000 -5.649
3 16 -38.797 0.000 -5.958 -40.000 0.000 -6.062 -34.536 0.000 5.313
3 16 -40.000 0.000 -6.062 -41.203 0.000 -5.958 -34.536 0.000 5.313
3 16 -35.232 0.000 6.063 -35.039 -0.500 6.563 -34.536 0.000 5.313
3 16 -44.961 -0.500 6.563 -44.768 0.000 6.063 -45.854 -0.500 5.626
3 16 -45.464 0.000 5.313 -45.854 -0.500 5.626 -44.768 0.000 6.063
3 16 -45.464 0.000 5.313 -46.135 0.000 4.309 -45.854 -0.500 5.626
3 16 -46.135 0.000 4.309 -46.573 -0.500 4.550 -45.854 -0.500 5.626
3 16 -46.135 0.000 4.309 -46.623 0.000 3.204 -46.573 -0.500 4.550
3 16 -46.623 0.000 3.204 -47.096 -0.500 3.366 -46.573 -0.500 4.550
3 16 -46.623 0.000 3.204 -46.914 0.000 2.032 -47.096 -0.500 3.366
3 16 -46.914 0.000 2.032 -47.408 -0.500 2.110 -47.096 -0.500 3.366
3 16 -46.914 0.000 2.032 -46.999 0.000 0.827 -47.408 -0.500 2.110
3 16 -46.999 0.000 0.827 -47.499 -0.500 0.819 -47.408 -0.500 2.110
3 16 -46.999 0.000 0.827 -46.876 0.000 -0.375 -47.499 -0.500 0.819
3 16 -46.876 0.000 -0.375 -47.367 -0.500 -0.469 -47.499 -0.500 0.819
3 16 -46.876 0.000 -0.375 -46.548 0.000 -1.537 -47.367 -0.500 -0.469
3 16 -46.548 0.000 -1.537 -47.016 -0.500 -1.714 -47.367 -0.500 -0.469
3 16 -46.548 0.000 -1.537 -46.025 0.000 -2.626 -47.016 -0.500 -1.714
3 16 -46.025 0.000 -2.626 -46.455 -0.500 -2.881 -47.016 -0.500 -1.714
3 16 -46.025 0.000 -2.626 -45.323 0.000 -3.609 -46.455 -0.500 -2.881
3 16 -45.323 0.000 -3.609 -45.703 -0.500 -3.934 -46.455 -0.500 -2.881
3 16 -45.323 0.000 -3.609 -44.462 0.000 -4.456 -45.703 -0.500 -3.934
3 16 -44.462 0.000 -4.456 -44.780 -0.500 -4.842 -45.703 -0.500 -3.934
3 16 -44.462 0.000 -4.456 -43.468 0.000 -5.143 -44.780 -0.500 -4.842
3 16 -43.468 0.000 -5.143 -43.716 -0.500 -5.577 -44.780 -0.500 -4.842
3 16 -43.468 0.000 -5.143 -42.371 0.000 -5.649 -43.716 -0.500 -5.577
3 16 -42.371 0.000 -5.649 -42.540 -0.500 -6.119 -43.716 -0.500 -5.577
3 16 -42.371 0.000 -5.649 -41.203 0.000 -5.958 -42.540 -0.500 -6.119
3 16 -41.203 0.000 -5.958 -41.289 -0.500 -6.451 -42.540 -0.500 -6.119
3 16 -41.203 0.000 -5.958 -40.000 0.000 -6.062 -41.289 -0.500 -6.451
3 16 -40.000 0.000 -6.062 -40.000 -0.500 -6.562 -41.289 -0.500 -6.451
3 16 -40.000 0.000 -6.062 -38.797 0.000 -5.958 -40.000 -0.500 -6.562
3 16 -38.797 0.000 -5.958 -38.711 -0.500 -6.451 -40.000 -0.500 -6.562
3 16 -38.797 0.000 -5.958 -37.629 0.000 -5.649 -38.711 -0.500 -6.451
3 16 -37.629 0.000 -5.649 -37.460 -0.500 -6.119 -38.711 -0.500 -6.451
3 16 -37.629 0.000 -5.649 -36.532 0.000 -5.143 -37.460 -0.500 -6.119
3 16 -36.532 0.000 -5.143 -36.284 -0.500 -5.577 -37.460 -0.500 -6.119
3 16 -36.532 0.000 -5.143 -35.538 0.000 -4.456 -36.284 -0.500 -5.577
3 16 -35.538 0.000 -4.456 -35.220 -0.500 -4.842 -36.284 -0.500 -5.577
3 16 -35.538 0.000 -4.456 -34.677 0.000 -3.609 -35.220 -0.500 -4.842
3 16 -34.677 0.000 -3.609 -34.297 -0.500 -3.934 -35.220 -0.500 -4.842
3 16 -34.677 0.000 -3.609 -33.975 0.000 -2.626 -34.297 -0.500 -3.934
3 16 -33.975 0.000 -2.626 -33.545 -0.500 -2.881 -34.297 -0.500 -3.934
3 16 -33.975 0.000 -2.626 -33.452 0.000 -1.537 -33.545 -0.500 -2.881
3 16 -33.452 0.000 -1.537 -32.984 -0.500 -1.714 -33.545 -0.500 -2.881
3 16 -33.452 0.000 -1.537 -33.124 0.000 -0.375 -32.984 -0.500 -1.714
3 16 -33.124 0.000 -0.375 -32.633 -0.500 -0.469 -32.984 -0.500 -1.714
3 16 -33.124 0.000 -0.375 -33.001 0.000 0.827 -32.633 -0.500 -0.469
3 16 -33.001 0.000 0.827 -32.501 -0.500 0.819 -32.633 -0.500 -0.469
3 16 -33.001 0.000 0.827 -33.086 0.000 2.032 -32.501 -0.500 0.819
3 16 -33.086 0.000 2.032 -32.592 -0.500 2.110 -32.501 -0.500 0.819
3 16 -33.086 0.000 2.032 -33.377 0.000 3.204 -32.592 -0.500 2.110
3 16 -33.377 0.000 3.204 -32.904 -0.500 3.366 -32.592 -0.500 2.110
3 16 -33.377 0.000 3.204 -33.865 0.000 4.309 -32.904 -0.500 3.366
3 16 -33.865 0.000 4.309 -33.427 -0.500 4.550 -32.904 -0.500 3.366
3 16 -33.865 0.000 4.309 -34.536 0.000 5.313 -33.427 -0.500 4.550
3 16 -34.536 0.000 5.313 -34.146 -0.500 5.626 -33.427 -0.500 4.550
3 16 -34.536 0.000 5.313 -35.039 -0.500 6.563 -34.146 -0.500 5.626
3 16 -44.961 -0.500 6.563 -35.232 0.000 6.063 -44.768 0.000 6.063
3 16 -44.961 -0.500 6.563 -35.039 -0.500 6.563 -35.232 0.000 6.063
3 16 -35.039 -399.500 6.562 -35.232 -400.000 6.062 -34.146 -399.500 5.626
3 16 -44.768 -400.000 6.062 -44.961 -399.500 6.562 -45.464 -400.000 5.313
3 16 -34.536 -400.000 5.313 -34.146 -399.500 5.626 -35.232 -400.000 6.062
3 16 -34.536 -400.000 5.313 -33.865 -400.000 4.309 -34.146 -399.500 5.626
3 16 -33.865 -400.000 4.309 -33.427 -399.500 4.550 -34.146 -399.500 5.626
3 16 -33.865 -400.000 4.309 -33.377 -400.000 3.204 -33.427 -399.500 4.550
3 16 -33.377 -400.000 3.204 -32.904 -399.500 3.366 -33.427 -399.500 4.550
3 16 -33.377 -400.000 3.204 -33.086 -400.000 2.032 -32.904 -399.500 3.366
3 16 -33.086 -400.000 2.032 -32.592 -399.500 2.110 -32.904 -399.500 3.366
3 16 -33.086 -400.000 2.032 -33.001 -400.000 0.827 -32.592 -399.500 2.110
3 16 -33.001 -400.000 0.827 -32.501 -399.500 0.819 -32.592 -399.500 2.110
3 16 -33.001 -400.000 0.827 -33.124 -400.000 -0.375 -32.501 -399.500 0.819
3 16 -33.124 -400.000 -0.375 -32.633 -399.500 -0.469 -32.501 -399.500 0.819
3 16 -33.124 -400.000 -0.375 -33.452 -400.000 -1.537 -32.633 -399.500 -0.469
3 16 -33.452 -400.000 -1.537 -32.984 -399.500 -1.714 -32.633 -399.500 -0.469
3 16 -33.452 -400.000 -1.537 -33.975 -400.000 -2.626 -32.984 -399.500 -1.714
3 16 -33.975 -400.000 -2.626 -33.545 -399.500 -2.881 -32.984 -399.500 -1.714
3 16 -33.975 -400.000 -2.626 -34.677 -400.000 -3.609 -33.545 -399.500 -2.881
3 16 -34.677 -400.000 -3.609 -34.297 -399.500 -3.934 -33.545 -399.500 -2.881
3 16 -34.677 -400.000 -3.609 -35.538 -400.000 -4.456 -34.297 -399.500 -3.934
3 16 -35.538 -400.000 -4.456 -35.220 -399.500 -4.842 -34.297 -399.500 -3.934
3 16 -35.538 -400.000 -4.456 -36.532 -400.000 -5.143 -35.220 -399.500 -4.842
3 16 -36.532 -400.000 -5.143 -36.284 -399.500 -5.577 -35.220 -399.500 -4.842
3 16 -36.532 -400.000 -5.143 -37.629 -400.000 -5.649 -36.284 -399.500 -5.577
3 16 -37.629 -400.000 -5.649 -37.460 -399.500 -6.119 -36.284 -399.500 -5.577
3 16 -37.629 -400.000 -5.649 -38.797 -400.000 -5.958 -37.460 -399.500 -6.119
3 16 -38.797 -400.000 -5.958 -38.711 -399.500 -6.451 -37.460 -399.500 -6.119
3 16 -38.797 -400.000 -5.958 -40.000 -400.000 -6.063 -38.711 -399.500 -6.451
3 16 -40.000 -400.000 -6.063 -40.000 -399.500 -6.563 -38.711 -399.500 -6.451
3 16 -40.000 -400.000 -6.063 -41.203 -400.000 -5.958 -40.000 -399.500 -6.563
3 16 -41.203 -400.000 -5.958 -41.289 -399.500 -6.451 -40.000 -399.500 -6.563
3 16 -41.203 -400.000 -5.958 -42.371 -400.000 -5.649 -41.289 -399.500 -6.451
3 16 -42.371 -400.000 -5.649 -42.540 -399.500 -6.119 -41.289 -399.500 -6.451
3 16 -42.371 -400.000 -5.649 -43.468 -400.000 -5.143 -42.540 -399.500 -6.119
3 16 -43.468 -400.000 -5.143 -43.716 -399.500 -5.577 -42.540 -399.500 -6.119
3 16 -43.468 -400.000 -5.143 -44.462 -400.000 -4.456 -43.716 -399.500 -5.577
3 16 -44.462 -400.000 -4.456 -44.780 -399.500 -4.842 -43.716 -399.500 -5.577
3 16 -44.462 -400.000 -4.456 -45.323 -400.000 -3.609 -44.780 -399.500 -4.842
3 16 -45.323 -400.000 -3.609 -45.703 -399.500 -3.934 -44.780 -399.500 -4.842
3 16 -45.323 -400.000 -3.609 -46.025 -400.000 -2.626 -45.703 -399.500 -3.934
3 16 -46.025 -400.000 -2.626 -46.455 -399.500 -2.881 -45.703 -399.500 -3.934
3 16 -46.025 -400.000 -2.626 -46.548 -400.000 -1.537 -46.455 -399.500 -2.881
3 16 -46.548 -400.000 -1.537 -47.016 -399.500 -1.714 -46.455 -399.500 -2.881
3 16 -46.548 -400.000 -1.537 -46.876 -400.000 -0.375 -47.016 -399.500 -1.714
3 16 -46.876 -400.000 -0.375 -47.367 -399.500 -0.469 -47.016 -399.500 -1.714
3 16 -46.876 -400.000 -0.375 -46.999 -400.000 0.827 -47.367 -399.500 -0.469
3 16 -46.999 -400.000 0.827 -47.499 -399.500 0.819 -47.367 -399.500 -0.469
3 16 -46.999 -400.000 0.827 -46.914 -400.000 2.032 -47.499 -399.500 0.819
3 16 -46.914 -400.000 2.032 -47.408 -399.500 2.110 -47.499 -399.500 0.819
3 16 -46.914 -400.000 2.032 -46.623 -400.000 3.204 -47.408 -399.500 2.110
3 16 -46.623 -400.000 3.204 -47.096 -399.500 3.366 -47.408 -399.500 2.110
3 16 -46.623 -400.000 3.204 -46.135 -400.000 4.309 -47.096 -399.500 3.366
3 16 -46.135 -400.000 4.309 -46.573 -399.500 4.550 -47.096 -399.500 3.366
3 16 -46.135 -400.000 4.309 -45.464 -400.000 5.313 -46.573 -399.500 4.550
3 16 -45.464 -400.000 5.313 -45.854 -399.500 5.626 -46.573 -399.500 4.550
3 16 -45.464 -400.000 5.313 -44.961 -399.500 6.562 -45.854 -399.500 5.626
3 16 -44.768 -400.000 6.062 -35.039 -399.500 6.562 -44.961 -399.500 6.562
3 16 -44.768 -400.000 6.062 -35.232 -400.000 6.062 -35.039 -399.500 6.562
2 24 -44.961 -399.500 6.562 -45.854 -399.500 5.626
2 24 -45.854 -399.500 5.626 -46.573 -399.500 4.550
2 24 -46.573 -399.500 4.550 -47.096 -399.500 3.366
2 24 -47.096 -399.500 3.366 -47.408 -399.500 2.110
2 24 -44.780 -399.500 -4.842 -45.703 -399.500 -3.934
2 24 -40.000 -399.500 -6.563 -41.289 -399.500 -6.451
2 24 -43.468 -400.000 -5.143 -44.462 -400.000 -4.456
2 24 -40.000 -400.000 -6.063 -41.203 -400.000 -5.958
2 24 -44.768 0.000 6.063 -45.464 0.000 5.313
2 24 -47.408 -399.500 2.110 -47.499 -399.500 0.819
2 24 -34.536 -400.000 5.313 -35.232 -400.000 6.062
2 24 -46.876 -400.000 -0.375 -46.999 -400.000 0.827
2 24 -46.025 -400.000 -2.626 -46.548 -400.000 -1.537
2 24 -47.367 -399.500 -0.469 -47.499 -399.500 0.819
2 24 -45.703 -399.500 -3.934 -46.455 -399.500 -2.881
2 24 -46.623 -400.000 3.204 -46.914 -400.000 2.032
2 24 -44.462 -400.000 -4.456 -45.323 -400.000 -3.609
2 24 -47.016 -399.500 -1.714 -47.367 -399.500 -0.469
2 24 -46.455 -399.500 -2.881 -47.016 -399.500 -1.714
2 24 -38.711 -399.500 -6.451 -40.000 -399.500 -6.563
2 24 -45.323 -400.000 -3.609 -46.025 -400.000 -2.626
2 24 -38.797 -400.000 -5.958 -40.000 -400.000 -6.063
2 24 -45.464 0.000 5.313 -46.135 0.000 4.309
2 24 -46.135 0.000 4.309 -46.623 0.000 3.204
2 24 -41.203 0.000 -5.958 -42.371 0.000 -5.649
2 24 -42.371 0.000 -5.649 -43.468 0.000 -5.143
2 24 -44.462 0.000 -4.456 -45.323 0.000 -3.609
2 24 -43.468 0.000 -5.143 -44.462 0.000 -4.456
2 24 -40.000 0.000 -6.062 -41.203 0.000 -5.958
2 24 -34.536 0.000 5.313 -35.232 0.000 6.063
2 24 -46.025 0.000 -2.626 -46.548 0.000 -1.537
2 24 -46.876 0.000 -0.375 -46.999 0.000 0.827
2 24 -46.548 0.000 -1.537 -46.876 0.000 -0.375
2 24 -43.716 -399.500 -5.577 -44.780 -399.500 -4.842
2 24 -41.289 -399.500 -6.451 -42.540 -399.500 -6.119
2 24 -42.371 -400.000 -5.649 -43.468 -400.000 -5.143
2 24 -41.203 -400.000 -5.958 -42.371 -400.000 -5.649
2 24 -36.532 0.000 -5.143 -37.629 0.000 -5.649
2 24 -42.540 -399.500 -6.119 -43.716 -399.500 -5.577
2 24 -33.865 0.000 4.309 -34.536 0.000 5.313
2 24 -35.538 0.000 -4.456 -36.532 0.000 -5.143
2 24 -33.377 0.000 3.204 -33.865 0.000 4.309
2 24 -34.677 0.000 -3.609 -35.538 0.000 -4.456
2 24 -37.460 -399.500 -6.119 -38.711 -399.500 -6.451
2 24 -37.629 -400.000 -5.649 -38.797 -400.000 -5.958
2 24 -33.086 0.000 2.032 -33.377 0.000 3.204
2 24 -36.284 -399.500 -5.577 -37.460 -399.500 -6.119
2 24 -36.532 -400.000 -5.143 -37.629 -400.000 -5.649
2 24 -35.220 -399.500 -4.842 -36.284 -399.500 -5.577
2 24 -32.904 -399.500 3.366 -33.427 -399.500 4.550
2 24 -35.538 -400.000 -4.456 -36.532 -400.000 -5.143
2 24 -34.297 -399.500 -3.934 -35.220 -399.500 -4.842
2 24 -34.677 -400.000 -3.609 -35.538 -400.000 -4.456
2 24 -33.545 -399.500 -2.881 -34.297 -399.500 -3.934
2 24 -33.975 -400.000 -2.626 -34.677 -400.000 -3.609
2 24 -32.501 -399.500 0.819 -32.592 -399.500 2.110
2 24 -33.001 -400.000 0.827 -33.086 -400.000 2.032
2 24 -32.984 -399.500 -1.714 -33.545 -399.500 -2.881
2 24 -33.452 -400.000 -1.537 -33.975 -400.000 -2.626
2 24 -32.633 -399.500 -0.469 -32.984 -399.500 -1.714
2 24 -32.501 -399.500 0.819 -32.633 -399.500 -0.469
2 24 -33.001 -400.000 0.827 -33.124 -400.000 -0.375
2 24 -33.124 -400.000 -0.375 -33.452 -400.000 -1.537
2 24 -32.592 -399.500 2.110 -32.904 -399.500 3.366
2 24 -33.086 -400.000 2.032 -33.377 -400.000 3.204
2 24 -33.377 -400.000 3.204 -33.865 -400.000 4.309
2 24 -33.427 -399.500 4.550 -34.146 -399.500 5.626
2 24 -33.865 -400.000 4.309 -34.536 -400.000 5.313
2 24 -35.039 -0.500 6.563 -44.961 -0.500 6.563
2 24 -35.232 0.000 6.063 -44.768 0.000 6.063
2 24 -46.914 0.000 2.032 -46.999 0.000 0.827
2 24 -35.039 -399.500 6.562 -44.961 -399.500 6.562
2 24 -35.232 -400.000 6.062 -44.768 -400.000 6.062
2 24 -44.768 -400.000 6.062 -45.464 -400.000 5.313
2 24 -45.464 -400.000 5.313 -46.135 -400.000 4.309
2 24 -46.135 -400.000 4.309 -46.623 -400.000 3.204
2 24 -46.914 -400.000 2.032 -46.999 -400.000 0.827
2 24 -46.548 -400.000 -1.537 -46.876 -400.000 -0.375
2 24 -45.323 0.000 -3.609 -46.025 0.000 -2.626
2 24 -38.797 0.000 -5.958 -40.000 0.000 -6.062
2 24 -33.001 0.000 0.827 -33.124 0.000 -0.375
2 24 -33.124 0.000 -0.375 -33.452 0.000 -1.537
2 24 -33.001 0.000 0.827 -33.086 0.000 2.032
2 24 -33.452 0.000 -1.537 -33.975 0.000 -2.626
2 24 -33.975 0.000 -2.626 -34.677 0.000 -3.609
2 24 -46.623 0.000 3.204 -46.914 0.000 2.032
2 24 -37.629 0.000 -5.649 -38.797 0.000 -5.958
