0 FILE MX10-0052.dat
0 4mm D Shaft - 52mm
0 Name:  MX10-0052.dat
0 Author:  
0 BL_Item_No 10-0052
0 BFC CERTIFY CCW
3 16 3.112 0.000 -3.875 -3.307 -0.500 -4.375 -3.112 0.000 -3.875
3 16 3.112 0.000 -3.875 3.307 -0.500 -4.375 -3.307 -0.500 -4.375
3 16 3.112 -130.000 -3.875 -3.307 -129.500 -4.375 3.307 -129.500 -4.375
3 16 3.112 -130.000 -3.875 -3.112 -130.000 -3.875 -3.307 -129.500 -4.375
3 16 3.418 0.000 -3.552 4.293 0.000 0.725 3.861 0.000 -2.936
3 16 3.099 0.000 2.638 3.418 0.000 -3.552 2.507 0.000 3.112
3 16 -3.112 0.000 -3.875 3.418 0.000 -3.552 3.112 0.000 -3.875
3 16 -3.112 0.000 -3.875 -3.418 0.000 -3.552 3.418 0.000 -3.552
3 16 -2.507 0.000 3.112 3.418 0.000 -3.552 -3.099 0.000 2.638
3 16 -2.507 0.000 3.112 -1.843 0.000 3.480 3.418 0.000 -3.552
3 16 -1.127 0.000 3.731 3.418 0.000 -3.552 -1.843 0.000 3.480
3 16 -1.127 0.000 3.731 -0.379 0.000 3.859 3.418 0.000 -3.552
3 16 -0.379 0.000 3.859 0.379 0.000 3.859 3.418 0.000 -3.552
3 16 1.127 0.000 3.731 3.418 0.000 -3.552 0.379 0.000 3.859
3 16 1.127 0.000 3.731 1.843 0.000 3.480 3.418 0.000 -3.552
3 16 1.843 0.000 3.480 2.507 0.000 3.112 3.418 0.000 -3.552
3 16 3.603 0.000 2.071 3.418 0.000 -3.552 3.099 0.000 2.638
3 16 3.603 0.000 2.071 4.005 0.000 1.427 3.418 0.000 -3.552
3 16 4.005 0.000 1.427 4.293 0.000 0.725 3.418 0.000 -3.552
3 16 4.459 0.000 -0.016 4.498 0.000 -0.773 4.293 0.000 0.725
3 16 -3.861 0.000 -2.936 3.418 0.000 -3.552 -3.418 0.000 -3.552
3 16 -3.861 0.000 -2.936 -4.194 0.000 -2.255 3.418 0.000 -3.552
3 16 -4.194 0.000 -2.255 -4.409 0.000 -1.527 3.418 0.000 -3.552
3 16 -4.005 0.000 1.427 3.418 0.000 -3.552 -4.293 0.000 0.725
3 16 -4.005 0.000 1.427 -3.603 0.000 2.071 3.418 0.000 -3.552
3 16 -3.603 0.000 2.071 -3.099 0.000 2.638 3.418 0.000 -3.552
3 16 4.409 0.000 -1.527 4.293 0.000 0.725 4.498 0.000 -0.773
3 16 4.409 0.000 -1.527 4.194 0.000 -2.255 4.293 0.000 0.725
3 16 4.194 0.000 -2.255 3.861 0.000 -2.936 4.293 0.000 0.725
3 16 -4.498 0.000 -0.773 3.418 0.000 -3.552 -4.409 0.000 -1.527
3 16 -4.498 0.000 -0.773 -4.459 0.000 -0.016 3.418 0.000 -3.552
3 16 -4.459 0.000 -0.016 -4.293 0.000 0.725 3.418 0.000 -3.552
3 16 3.307 -129.500 -4.375 -3.307 -0.500 -4.375 3.307 -0.500 -4.375
3 16 3.307 -129.500 -4.375 -3.307 -129.500 -4.375 -3.307 -0.500 -4.375
3 16 4.409 -130.000 -1.527 -3.603 -130.000 2.071 4.194 -130.000 -2.255
3 16 2.507 -130.000 3.112 -3.603 -130.000 2.071 3.099 -130.000 2.638
3 16 3.418 -130.000 -3.552 -4.293 -130.000 0.725 -4.459 -130.000 -0.016
3 16 3.418 -130.000 -3.552 -4.005 -130.000 1.427 -4.293 -130.000 0.725
3 16 3.418 -130.000 -3.552 -3.603 -130.000 2.071 -4.005 -130.000 1.427
3 16 3.418 -130.000 -3.552 3.861 -130.000 -2.936 -3.603 -130.000 2.071
3 16 3.861 -130.000 -2.936 4.194 -130.000 -2.255 -3.603 -130.000 2.071
3 16 1.843 -130.000 3.480 -3.603 -130.000 2.071 2.507 -130.000 3.112
3 16 1.843 -130.000 3.480 1.127 -130.000 3.731 -3.603 -130.000 2.071
3 16 1.127 -130.000 3.731 0.379 -130.000 3.859 -3.603 -130.000 2.071
3 16 -4.498 -130.000 -0.773 3.418 -130.000 -3.552 -4.459 -130.000 -0.016
3 16 -4.498 -130.000 -0.773 -4.409 -130.000 -1.527 3.418 -130.000 -3.552
3 16 -4.409 -130.000 -1.527 -4.194 -130.000 -2.255 3.418 -130.000 -3.552
3 16 4.498 -130.000 -0.773 -3.603 -130.000 2.071 4.409 -130.000 -1.527
3 16 4.498 -130.000 -0.773 4.459 -130.000 -0.016 -3.603 -130.000 2.071
3 16 4.459 -130.000 -0.016 4.293 -130.000 0.725 -3.603 -130.000 2.071
3 16 3.112 -130.000 -3.875 -3.418 -130.000 -3.552 -3.112 -130.000 -3.875
3 16 3.112 -130.000 -3.875 3.418 -130.000 -3.552 -3.418 -130.000 -3.552
3 16 3.418 -130.000 -3.552 -3.861 -130.000 -2.936 -3.418 -130.000 -3.552
3 16 3.418 -130.000 -3.552 -4.194 -130.000 -2.255 -3.861 -130.000 -2.936
3 16 4.005 -130.000 1.427 -3.603 -130.000 2.071 4.293 -130.000 0.725
3 16 4.005 -130.000 1.427 3.603 -130.000 2.071 -3.603 -130.000 2.071
3 16 3.603 -130.000 2.071 3.099 -130.000 2.638 -3.603 -130.000 2.071
3 16 -0.379 -130.000 3.859 -3.603 -130.000 2.071 0.379 -130.000 3.859
3 16 -0.379 -130.000 3.859 -1.127 -130.000 3.731 -3.603 -130.000 2.071
3 16 -1.127 -130.000 3.731 -3.099 -130.000 2.638 -3.603 -130.000 2.071
3 16 -1.127 -130.000 3.731 -1.843 -130.000 3.480 -3.099 -130.000 2.638
3 16 -1.843 -130.000 3.480 -2.507 -130.000 3.112 -3.099 -130.000 2.638
3 16 -3.112 0.000 -3.875 -3.307 -0.500 -4.375 -3.418 0.000 -3.552
3 16 -3.797 -0.500 -3.878 -3.418 0.000 -3.552 -3.307 -0.500 -4.375
3 16 -3.797 -0.500 -3.878 -3.903 -0.500 -3.751 -3.418 0.000 -3.552
3 16 -3.903 -0.500 -3.751 -3.861 0.000 -2.936 -3.418 0.000 -3.552
3 16 -4.290 -0.500 -3.193 -3.861 0.000 -2.936 -3.903 -0.500 -3.751
3 16 -4.290 -0.500 -3.193 -4.382 -0.500 -3.033 -3.861 0.000 -2.936
3 16 -4.382 -0.500 -3.033 -4.194 0.000 -2.255 -3.861 0.000 -2.936
3 16 -4.660 -0.500 -2.436 -4.194 0.000 -2.255 -4.382 -0.500 -3.033
3 16 -4.660 -0.500 -2.436 -4.731 -0.500 -2.244 -4.194 0.000 -2.255
3 16 -4.731 -0.500 -2.244 -4.409 0.000 -1.527 -4.194 0.000 -2.255
3 16 -4.899 -0.500 -1.627 -4.409 0.000 -1.527 -4.731 -0.500 -2.244
3 16 -4.899 -0.500 -1.627 -4.939 -0.500 -1.407 -4.409 0.000 -1.527
3 16 -4.939 -0.500 -1.407 -4.498 0.000 -0.773 -4.409 0.000 -1.527
3 16 -4.997 -0.500 -0.790 -4.498 0.000 -0.773 -4.939 -0.500 -1.407
3 16 -4.997 -0.500 -0.790 -4.999 -0.500 -0.546 -4.498 0.000 -0.773
3 16 -4.999 -0.500 -0.546 -4.459 0.000 -0.016 -4.498 0.000 -0.773
3 16 -4.954 -0.500 0.052 -4.459 0.000 -0.016 -4.999 -0.500 -0.546
3 16 -4.954 -0.500 0.052 -4.911 -0.500 0.312 -4.459 0.000 -0.016
3 16 -4.911 -0.500 0.312 -4.293 0.000 0.725 -4.459 0.000 -0.016
3 16 -4.770 -0.500 0.875 -4.293 0.000 0.725 -4.911 -0.500 0.312
3 16 -4.770 -0.500 0.875 -4.677 -0.500 1.143 -4.293 0.000 0.725
3 16 -4.677 -0.500 1.143 -4.005 0.000 1.427 -4.293 0.000 0.725
3 16 -4.450 -0.500 1.655 -4.005 0.000 1.427 -4.677 -0.500 1.143
3 16 -4.450 -0.500 1.655 -4.304 -0.500 1.921 -4.005 0.000 1.427
3 16 -4.304 -0.500 1.921 -3.603 0.000 2.071 -4.005 0.000 1.427
3 16 -4.004 -0.500 2.370 -3.603 0.000 2.071 -4.304 -0.500 1.921
3 16 -4.004 -0.500 2.370 -3.802 -0.500 2.622 -3.603 0.000 2.071
3 16 -3.802 -0.500 2.622 -3.099 0.000 2.638 -3.603 0.000 2.071
3 16 -3.443 -0.500 3.000 -3.099 0.000 2.638 -3.802 -0.500 2.622
3 16 -3.443 -0.500 3.000 -3.187 -0.500 3.228 -3.099 0.000 2.638
3 16 -3.187 -0.500 3.228 -2.507 0.000 3.112 -3.099 0.000 2.638
3 16 -2.785 -0.500 3.527 -2.507 0.000 3.112 -3.187 -0.500 3.228
3 16 -2.785 -0.500 3.527 -2.477 -0.500 3.718 -2.507 0.000 3.112
3 16 -2.477 -0.500 3.718 -1.843 0.000 3.480 -2.507 0.000 3.112
3 16 -2.048 -0.500 3.936 -1.843 0.000 3.480 -2.477 -0.500 3.718
3 16 -2.048 -0.500 3.936 -1.694 -0.500 4.079 -1.843 0.000 3.480
3 16 -1.694 -0.500 4.079 -1.127 0.000 3.731 -1.843 0.000 3.480
3 16 -1.253 -0.500 4.216 -1.127 0.000 3.731 -1.694 -0.500 4.079
3 16 -1.253 -0.500 4.216 -0.860 -0.500 4.301 -1.127 0.000 3.731
3 16 -0.860 -0.500 4.301 -0.379 0.000 3.859 -1.127 0.000 3.731
3 16 -0.422 -0.500 4.357 -0.379 0.000 3.859 -0.860 -0.500 4.301
3 16 -0.422 -0.500 4.357 0.000 -0.500 4.375 -0.379 0.000 3.859
3 16 0.000 -0.500 4.375 0.379 0.000 3.859 -0.379 0.000 3.859
3 16 0.422 -0.500 4.357 0.379 0.000 3.859 0.000 -0.500 4.375
3 16 0.422 -0.500 4.357 0.860 -0.500 4.301 0.379 0.000 3.859
3 16 0.860 -0.500 4.301 1.127 0.000 3.731 0.379 0.000 3.859
3 16 1.253 -0.500 4.216 1.127 0.000 3.731 0.860 -0.500 4.301
3 16 1.253 -0.500 4.216 1.694 -0.500 4.079 1.127 0.000 3.731
3 16 1.694 -0.500 4.079 1.843 0.000 3.480 1.127 0.000 3.731
3 16 2.048 -0.500 3.936 1.843 0.000 3.480 1.694 -0.500 4.079
3 16 2.048 -0.500 3.936 2.477 -0.500 3.718 1.843 0.000 3.480
3 16 2.477 -0.500 3.718 2.507 0.000 3.112 1.843 0.000 3.480
3 16 2.785 -0.500 3.527 2.507 0.000 3.112 2.477 -0.500 3.718
3 16 2.785 -0.500 3.527 3.187 -0.500 3.228 2.507 0.000 3.112
3 16 3.187 -0.500 3.228 3.099 0.000 2.638 2.507 0.000 3.112
3 16 3.443 -0.500 3.000 3.099 0.000 2.638 3.187 -0.500 3.228
3 16 3.443 -0.500 3.000 3.802 -0.500 2.622 3.099 0.000 2.638
3 16 3.802 -0.500 2.622 3.603 0.000 2.071 3.099 0.000 2.638
3 16 4.004 -0.500 2.370 3.603 0.000 2.071 3.802 -0.500 2.622
3 16 4.004 -0.500 2.370 4.304 -0.500 1.921 3.603 0.000 2.071
3 16 4.304 -0.500 1.921 4.005 0.000 1.427 3.603 0.000 2.071
3 16 4.450 -0.500 1.655 4.005 0.000 1.427 4.304 -0.500 1.921
3 16 4.450 -0.500 1.655 4.677 -0.500 1.143 4.005 0.000 1.427
3 16 4.677 -0.500 1.143 4.293 0.000 0.725 4.005 0.000 1.427
3 16 4.770 -0.500 0.875 4.293 0.000 0.725 4.677 -0.500 1.143
3 16 4.770 -0.500 0.875 4.911 -0.500 0.312 4.293 0.000 0.725
3 16 4.911 -0.500 0.312 4.459 0.000 -0.016 4.293 0.000 0.725
3 16 4.954 -0.500 0.052 4.459 0.000 -0.016 4.911 -0.500 0.312
3 16 4.954 -0.500 0.052 4.999 -0.500 -0.546 4.459 0.000 -0.016
3 16 4.999 -0.500 -0.546 4.498 0.000 -0.773 4.459 0.000 -0.016
3 16 4.997 -0.500 -0.790 4.498 0.000 -0.773 4.999 -0.500 -0.546
3 16 4.997 -0.500 -0.790 4.939 -0.500 -1.407 4.498 0.000 -0.773
3 16 4.939 -0.500 -1.407 4.409 0.000 -1.527 4.498 0.000 -0.773
3 16 4.899 -0.500 -1.627 4.409 0.000 -1.527 4.939 -0.500 -1.407
3 16 4.899 -0.500 -1.627 4.731 -0.500 -2.244 4.409 0.000 -1.527
3 16 4.731 -0.500 -2.244 4.194 0.000 -2.255 4.409 0.000 -1.527
3 16 4.660 -0.500 -2.436 4.194 0.000 -2.255 4.731 -0.500 -2.244
3 16 4.660 -0.500 -2.436 4.382 -0.500 -3.033 4.194 0.000 -2.255
3 16 4.382 -0.500 -3.033 3.861 0.000 -2.936 4.194 0.000 -2.255
3 16 3.112 0.000 -3.875 3.797 -0.500 -3.878 3.307 -0.500 -4.375
3 16 3.112 0.000 -3.875 3.418 0.000 -3.552 3.797 -0.500 -3.878
3 16 3.418 0.000 -3.552 3.903 -0.500 -3.751 3.797 -0.500 -3.878
3 16 3.418 0.000 -3.552 3.861 0.000 -2.936 3.903 -0.500 -3.751
3 16 3.861 0.000 -2.936 4.290 -0.500 -3.193 3.903 -0.500 -3.751
3 16 3.861 0.000 -2.936 4.382 -0.500 -3.033 4.290 -0.500 -3.193
3 16 3.112 -130.000 -3.875 3.307 -129.500 -4.375 3.418 -130.000 -3.552
3 16 3.797 -129.500 -3.878 3.418 -130.000 -3.552 3.307 -129.500 -4.375
3 16 3.797 -129.500 -3.878 3.903 -129.500 -3.751 3.418 -130.000 -3.552
3 16 3.903 -129.500 -3.751 3.861 -130.000 -2.936 3.418 -130.000 -3.552
3 16 4.290 -129.500 -3.193 3.861 -130.000 -2.936 3.903 -129.500 -3.751
3 16 4.290 -129.500 -3.193 4.382 -129.500 -3.033 3.861 -130.000 -2.936
3 16 4.382 -129.500 -3.033 4.194 -130.000 -2.255 3.861 -130.000 -2.936
3 16 4.660 -129.500 -2.436 4.194 -130.000 -2.255 4.382 -129.500 -3.033
3 16 4.660 -129.500 -2.436 4.731 -129.500 -2.244 4.194 -130.000 -2.255
3 16 4.731 -129.500 -2.244 4.409 -130.000 -1.527 4.194 -130.000 -2.255
3 16 4.899 -129.500 -1.627 4.409 -130.000 -1.527 4.731 -129.500 -2.244
3 16 4.899 -129.500 -1.627 4.939 -129.500 -1.407 4.409 -130.000 -1.527
3 16 4.939 -129.500 -1.407 4.498 -130.000 -0.773 4.409 -130.000 -1.527
3 16 4.997 -129.500 -0.790 4.498 -130.000 -0.773 4.939 -129.500 -1.407
3 16 4.997 -129.500 -0.790 4.999 -129.500 -0.546 4.498 -130.000 -0.773
3 16 4.999 -129.500 -0.546 4.459 -130.000 -0.016 4.498 -130.000 -0.773
3 16 4.954 -129.500 0.052 4.459 -130.000 -0.016 4.999 -129.500 -0.546
3 16 4.954 -129.500 0.052 4.911 -129.500 0.312 4.459 -130.000 -0.016
3 16 4.911 -129.500 0.312 4.293 -130.000 0.725 4.459 -130.000 -0.016
3 16 4.770 -129.500 0.875 4.293 -130.000 0.725 4.911 -129.500 0.312
3 16 4.770 -129.500 0.875 4.677 -129.500 1.143 4.293 -130.000 0.725
3 16 4.677 -129.500 1.143 4.005 -130.000 1.427 4.293 -130.000 0.725
3 16 4.450 -129.500 1.655 4.005 -130.000 1.427 4.677 -129.500 1.143
3 16 4.450 -129.500 1.655 4.304 -129.500 1.921 4.005 -130.000 1.427
3 16 4.304 -129.500 1.921 3.603 -130.000 2.071 4.005 -130.000 1.427
3 16 4.004 -129.500 2.370 3.603 -130.000 2.071 4.304 -129.500 1.921
3 16 4.004 -129.500 2.370 3.802 -129.500 2.622 3.603 -130.000 2.071
3 16 3.802 -129.500 2.622 3.099 -130.000 2.638 3.603 -130.000 2.071
3 16 3.443 -129.500 3.000 3.099 -130.000 2.638 3.802 -129.500 2.622
3 16 3.443 -129.500 3.000 3.187 -129.500 3.228 3.099 -130.000 2.638
3 16 3.187 -129.500 3.228 2.507 -130.000 3.112 3.099 -130.000 2.638
3 16 2.785 -129.500 3.527 2.507 -130.000 3.112 3.187 -129.500 3.228
3 16 2.785 -129.500 3.527 2.477 -129.500 3.718 2.507 -130.000 3.112
3 16 2.477 -129.500 3.718 1.843 -130.000 3.480 2.507 -130.000 3.112
3 16 2.048 -129.500 3.936 1.843 -130.000 3.480 2.477 -129.500 3.718
3 16 2.048 -129.500 3.936 1.694 -129.500 4.079 1.843 -130.000 3.480
3 16 1.694 -129.500 4.079 1.127 -130.000 3.731 1.843 -130.000 3.480
3 16 1.253 -129.500 4.216 1.127 -130.000 3.731 1.694 -129.500 4.079
3 16 1.253 -129.500 4.216 0.860 -129.500 4.301 1.127 -130.000 3.731
3 16 0.860 -129.500 4.301 0.379 -130.000 3.859 1.127 -130.000 3.731
3 16 0.422 -129.500 4.357 0.379 -130.000 3.859 0.860 -129.500 4.301
3 16 0.422 -129.500 4.357 0.000 -129.500 4.375 0.379 -130.000 3.859
3 16 0.000 -129.500 4.375 -0.379 -130.000 3.859 0.379 -130.000 3.859
3 16 -0.422 -129.500 4.357 -0.379 -130.000 3.859 0.000 -129.500 4.375
3 16 -0.422 -129.500 4.357 -0.860 -129.500 4.301 -0.379 -130.000 3.859
3 16 -0.860 -129.500 4.301 -1.127 -130.000 3.731 -0.379 -130.000 3.859
3 16 -1.253 -129.500 4.216 -1.127 -130.000 3.731 -0.860 -129.500 4.301
3 16 -1.253 -129.500 4.216 -1.694 -129.500 4.079 -1.127 -130.000 3.731
3 16 -1.694 -129.500 4.079 -1.843 -130.000 3.480 -1.127 -130.000 3.731
3 16 -2.048 -129.500 3.936 -1.843 -130.000 3.480 -1.694 -129.500 4.079
3 16 -2.048 -129.500 3.936 -2.477 -129.500 3.718 -1.843 -130.000 3.480
3 16 -2.477 -129.500 3.718 -2.507 -130.000 3.112 -1.843 -130.000 3.480
3 16 -2.785 -129.500 3.527 -2.507 -130.000 3.112 -2.477 -129.500 3.718
3 16 -2.785 -129.500 3.527 -3.187 -129.500 3.228 -2.507 -130.000 3.112
3 16 -3.187 -129.500 3.228 -3.099 -130.000 2.638 -2.507 -130.000 3.112
3 16 -3.443 -129.500 3.000 -3.099 -130.000 2.638 -3.187 -129.500 3.228
3 16 -3.443 -129.500 3.000 -3.802 -129.500 2.622 -3.099 -130.000 2.638
3 16 -3.802 -129.500 2.622 -3.603 -130.000 2.071 -3.099 -130.000 2.638
3 16 -4.004 -129.500 2.370 -3.603 -130.000 2.071 -3.802 -129.500 2.622
3 16 -4.004 -129.500 2.370 -4.304 -129.500 1.921 -3.603 -130.000 2.071
3 16 -4.304 -129.500 1.921 -4.005 -130.000 1.427 -3.603 -130.000 2.071
3 16 -4.450 -129.500 1.655 -4.005 -130.000 1.427 -4.304 -129.500 1.921
3 16 -4.450 -129.500 1.655 -4.677 -129.500 1.143 -4.005 -130.000 1.427
3 16 -4.677 -129.500 1.143 -4.293 -130.000 0.725 -4.005 -130.000 1.427
3 16 -4.770 -129.500 0.875 -4.293 -130.000 0.725 -4.677 -129.500 1.143
3 16 -4.770 -129.500 0.875 -4.911 -129.500 0.312 -4.293 -130.000 0.725
3 16 -4.911 -129.500 0.312 -4.459 -130.000 -0.016 -4.293 -130.000 0.725
3 16 -4.954 -129.500 0.052 -4.459 -130.000 -0.016 -4.911 -129.500 0.312
3 16 -4.954 -129.500 0.052 -4.999 -129.500 -0.546 -4.459 -130.000 -0.016
3 16 -4.999 -129.500 -0.546 -4.498 -130.000 -0.773 -4.459 -130.000 -0.016
3 16 -4.997 -129.500 -0.790 -4.498 -130.000 -0.773 -4.999 -129.500 -0.546
3 16 -4.997 -129.500 -0.790 -4.939 -129.500 -1.407 -4.498 -130.000 -0.773
3 16 -4.939 -129.500 -1.407 -4.409 -130.000 -1.527 -4.498 -130.000 -0.773
3 16 -4.899 -129.500 -1.627 -4.409 -130.000 -1.527 -4.939 -129.500 -1.407
3 16 -4.899 -129.500 -1.627 -4.731 -129.500 -2.244 -4.409 -130.000 -1.527
3 16 -4.731 -129.500 -2.244 -4.194 -130.000 -2.255 -4.409 -130.000 -1.527
3 16 -4.660 -129.500 -2.436 -4.194 -130.000 -2.255 -4.731 -129.500 -2.244
3 16 -4.660 -129.500 -2.436 -4.382 -129.500 -3.033 -4.194 -130.000 -2.255
3 16 -4.382 -129.500 -3.033 -3.861 -130.000 -2.936 -4.194 -130.000 -2.255
3 16 -3.112 -130.000 -3.875 -3.797 -129.500 -3.878 -3.307 -129.500 -4.375
3 16 -3.112 -130.000 -3.875 -3.418 -130.000 -3.552 -3.797 -129.500 -3.878
3 16 -3.418 -130.000 -3.552 -3.903 -129.500 -3.751 -3.797 -129.500 -3.878
3 16 -3.418 -130.000 -3.552 -3.861 -130.000 -2.936 -3.903 -129.500 -3.751
3 16 -3.861 -130.000 -2.936 -4.290 -129.500 -3.193 -3.903 -129.500 -3.751
3 16 -3.861 -130.000 -2.936 -4.382 -129.500 -3.033 -4.290 -129.500 -3.193
3 16 -3.307 -129.500 -4.375 -3.797 -0.500 -3.878 -3.307 -0.500 -4.375
3 16 -3.307 -129.500 -4.375 -3.797 -129.500 -3.878 -3.797 -0.500 -3.878
3 16 -3.797 -129.500 -3.878 -3.903 -0.500 -3.751 -3.797 -0.500 -3.878
3 16 -3.797 -129.500 -3.878 -3.903 -129.500 -3.751 -3.903 -0.500 -3.751
3 16 -3.903 -129.500 -3.751 -4.290 -0.500 -3.193 -3.903 -0.500 -3.751
3 16 -3.903 -129.500 -3.751 -4.290 -129.500 -3.193 -4.290 -0.500 -3.193
3 16 -4.290 -129.500 -3.193 -4.382 -0.500 -3.033 -4.290 -0.500 -3.193
3 16 -4.290 -129.500 -3.193 -4.382 -129.500 -3.033 -4.382 -0.500 -3.033
3 16 -4.382 -129.500 -3.033 -4.660 -0.500 -2.436 -4.382 -0.500 -3.033
3 16 -4.382 -129.500 -3.033 -4.660 -129.500 -2.436 -4.660 -0.500 -2.436
3 16 -4.660 -129.500 -2.436 -4.731 -0.500 -2.244 -4.660 -0.500 -2.436
3 16 -4.660 -129.500 -2.436 -4.731 -129.500 -2.244 -4.731 -0.500 -2.244
3 16 -4.731 -129.500 -2.244 -4.899 -0.500 -1.627 -4.731 -0.500 -2.244
3 16 -4.731 -129.500 -2.244 -4.899 -129.500 -1.627 -4.899 -0.500 -1.627
3 16 -4.899 -129.500 -1.627 -4.939 -0.500 -1.407 -4.899 -0.500 -1.627
3 16 -4.899 -129.500 -1.627 -4.939 -129.500 -1.407 -4.939 -0.500 -1.407
3 16 -4.939 -129.500 -1.407 -4.997 -0.500 -0.790 -4.939 -0.500 -1.407
3 16 -4.939 -129.500 -1.407 -4.997 -129.500 -0.790 -4.997 -0.500 -0.790
3 16 -4.997 -129.500 -0.790 -4.999 -0.500 -0.546 -4.997 -0.500 -0.790
3 16 -4.997 -129.500 -0.790 -4.999 -129.500 -0.546 -4.999 -0.500 -0.546
3 16 -4.999 -129.500 -0.546 -4.954 -0.500 0.052 -4.999 -0.500 -0.546
3 16 -4.999 -129.500 -0.546 -4.954 -129.500 0.052 -4.954 -0.500 0.052
3 16 -4.954 -129.500 0.052 -4.911 -0.500 0.312 -4.954 -0.500 0.052
3 16 -4.954 -129.500 0.052 -4.911 -129.500 0.312 -4.911 -0.500 0.312
3 16 -4.911 -129.500 0.312 -4.770 -0.500 0.875 -4.911 -0.500 0.312
3 16 -4.911 -129.500 0.312 -4.770 -129.500 0.875 -4.770 -0.500 0.875
3 16 -4.770 -129.500 0.875 -4.677 -0.500 1.143 -4.770 -0.500 0.875
3 16 -4.770 -129.500 0.875 -4.677 -129.500 1.143 -4.677 -0.500 1.143
3 16 -4.677 -129.500 1.143 -4.450 -0.500 1.655 -4.677 -0.500 1.143
3 16 -4.677 -129.500 1.143 -4.450 -129.500 1.655 -4.450 -0.500 1.655
3 16 -4.450 -129.500 1.655 -4.304 -0.500 1.921 -4.450 -0.500 1.655
3 16 -4.450 -129.500 1.655 -4.304 -129.500 1.921 -4.304 -0.500 1.921
3 16 -4.304 -129.500 1.921 -4.004 -0.500 2.370 -4.304 -0.500 1.921
3 16 -4.304 -129.500 1.921 -4.004 -129.500 2.370 -4.004 -0.500 2.370
3 16 -4.004 -129.500 2.370 -3.802 -0.500 2.622 -4.004 -0.500 2.370
3 16 -4.004 -129.500 2.370 -3.802 -129.500 2.622 -3.802 -0.500 2.622
3 16 -3.802 -129.500 2.622 -3.443 -0.500 3.000 -3.802 -0.500 2.622
3 16 -3.802 -129.500 2.622 -3.443 -129.500 3.000 -3.443 -0.500 3.000
3 16 -3.443 -129.500 3.000 -3.187 -0.500 3.228 -3.443 -0.500 3.000
3 16 -3.443 -129.500 3.000 -3.187 -129.500 3.228 -3.187 -0.500 3.228
3 16 -3.187 -129.500 3.228 -2.785 -0.500 3.527 -3.187 -0.500 3.228
3 16 -3.187 -129.500 3.228 -2.785 -129.500 3.527 -2.785 -0.500 3.527
3 16 -2.785 -129.500 3.527 -2.477 -0.500 3.718 -2.785 -0.500 3.527
3 16 -2.785 -129.500 3.527 -2.477 -129.500 3.718 -2.477 -0.500 3.718
3 16 -2.477 -129.500 3.718 -2.048 -0.500 3.936 -2.477 -0.500 3.718
3 16 -2.477 -129.500 3.718 -2.048 -129.500 3.936 -2.048 -0.500 3.936
3 16 -2.048 -129.500 3.936 -1.694 -0.500 4.079 -2.048 -0.500 3.936
3 16 -2.048 -129.500 3.936 -1.694 -129.500 4.079 -1.694 -0.500 4.079
3 16 -1.694 -129.500 4.079 -1.253 -0.500 4.216 -1.694 -0.500 4.079
3 16 -1.694 -129.500 4.079 -1.253 -129.500 4.216 -1.253 -0.500 4.216
3 16 -1.253 -129.500 4.216 -0.860 -0.500 4.301 -1.253 -0.500 4.216
3 16 -1.253 -129.500 4.216 -0.860 -129.500 4.301 -0.860 -0.500 4.301
3 16 -0.860 -129.500 4.301 -0.422 -0.500 4.357 -0.860 -0.500 4.301
3 16 -0.860 -129.500 4.301 -0.422 -129.500 4.357 -0.422 -0.500 4.357
3 16 -0.422 -129.500 4.357 0.000 -0.500 4.375 -0.422 -0.500 4.357
3 16 -0.422 -129.500 4.357 0.000 -129.500 4.375 0.000 -0.500 4.375
3 16 0.000 -129.500 4.375 0.422 -0.500 4.357 0.000 -0.500 4.375
3 16 0.000 -129.500 4.375 0.422 -129.500 4.357 0.422 -0.500 4.357
3 16 0.422 -129.500 4.357 0.860 -0.500 4.301 0.422 -0.500 4.357
3 16 0.422 -129.500 4.357 0.860 -129.500 4.301 0.860 -0.500 4.301
3 16 0.860 -129.500 4.301 1.253 -0.500 4.216 0.860 -0.500 4.301
3 16 0.860 -129.500 4.301 1.253 -129.500 4.216 1.253 -0.500 4.216
3 16 1.253 -129.500 4.216 1.694 -0.500 4.079 1.253 -0.500 4.216
3 16 1.253 -129.500 4.216 1.694 -129.500 4.079 1.694 -0.500 4.079
3 16 1.694 -129.500 4.079 2.048 -0.500 3.936 1.694 -0.500 4.079
3 16 1.694 -129.500 4.079 2.048 -129.500 3.936 2.048 -0.500 3.936
3 16 2.048 -129.500 3.936 2.477 -0.500 3.718 2.048 -0.500 3.936
3 16 2.048 -129.500 3.936 2.477 -129.500 3.718 2.477 -0.500 3.718
3 16 2.477 -129.500 3.718 2.785 -0.500 3.527 2.477 -0.500 3.718
3 16 2.477 -129.500 3.718 2.785 -129.500 3.527 2.785 -0.500 3.527
3 16 2.785 -129.500 3.527 3.187 -0.500 3.228 2.785 -0.500 3.527
3 16 2.785 -129.500 3.527 3.187 -129.500 3.228 3.187 -0.500 3.228
3 16 3.187 -129.500 3.228 3.443 -0.500 3.000 3.187 -0.500 3.228
3 16 3.187 -129.500 3.228 3.443 -129.500 3.000 3.443 -0.500 3.000
3 16 3.443 -129.500 3.000 3.802 -0.500 2.622 3.443 -0.500 3.000
3 16 3.443 -129.500 3.000 3.802 -129.500 2.622 3.802 -0.500 2.622
3 16 3.802 -129.500 2.622 4.004 -0.500 2.370 3.802 -0.500 2.622
3 16 3.802 -129.500 2.622 4.004 -129.500 2.370 4.004 -0.500 2.370
3 16 4.004 -129.500 2.370 4.304 -0.500 1.921 4.004 -0.500 2.370
3 16 4.004 -129.500 2.370 4.304 -129.500 1.921 4.304 -0.500 1.921
3 16 4.304 -129.500 1.921 4.450 -0.500 1.655 4.304 -0.500 1.921
3 16 4.304 -129.500 1.921 4.450 -129.500 1.655 4.450 -0.500 1.655
3 16 4.450 -129.500 1.655 4.677 -0.500 1.143 4.450 -0.500 1.655
3 16 4.450 -129.500 1.655 4.677 -129.500 1.143 4.677 -0.500 1.143
3 16 4.677 -129.500 1.143 4.770 -0.500 0.875 4.677 -0.500 1.143
3 16 4.677 -129.500 1.143 4.770 -129.500 0.875 4.770 -0.500 0.875
3 16 4.770 -129.500 0.875 4.911 -0.500 0.312 4.770 -0.500 0.875
3 16 4.770 -129.500 0.875 4.911 -129.500 0.312 4.911 -0.500 0.312
3 16 4.911 -129.500 0.312 4.954 -0.500 0.052 4.911 -0.500 0.312
3 16 4.911 -129.500 0.312 4.954 -129.500 0.052 4.954 -0.500 0.052
3 16 4.954 -129.500 0.052 4.999 -0.500 -0.546 4.954 -0.500 0.052
3 16 4.954 -129.500 0.052 4.999 -129.500 -0.546 4.999 -0.500 -0.546
3 16 4.999 -129.500 -0.546 4.997 -0.500 -0.790 4.999 -0.500 -0.546
3 16 4.999 -129.500 -0.546 4.997 -129.500 -0.790 4.997 -0.500 -0.790
3 16 4.997 -129.500 -0.790 4.939 -0.500 -1.407 4.997 -0.500 -0.790
3 16 4.997 -129.500 -0.790 4.939 -129.500 -1.407 4.939 -0.500 -1.407
3 16 4.939 -129.500 -1.407 4.899 -0.500 -1.627 4.939 -0.500 -1.407
3 16 4.939 -129.500 -1.407 4.899 -129.500 -1.627 4.899 -0.500 -1.627
3 16 4.899 -129.500 -1.627 4.731 -0.500 -2.244 4.899 -0.500 -1.627
3 16 4.899 -129.500 -1.627 4.731 -129.500 -2.244 4.731 -0.500 -2.244
3 16 4.731 -129.500 -2.244 4.660 -0.500 -2.436 4.731 -0.500 -2.244
3 16 4.731 -129.500 -2.244 4.660 -129.500 -2.436 4.660 -0.500 -2.436
3 16 4.660 -129.500 -2.436 4.382 -0.500 -3.033 4.660 -0.500 -2.436
3 16 4.660 -129.500 -2.436 4.382 -129.500 -3.033 4.382 -0.500 -3.033
3 16 4.382 -129.500 -3.033 4.290 -0.500 -3.193 4.382 -0.500 -3.033
3 16 4.382 -129.500 -3.033 4.290 -129.500 -3.193 4.290 -0.500 -3.193
3 16 4.290 -129.500 -3.193 3.903 -0.500 -3.751 4.290 -0.500 -3.193
3 16 4.290 -129.500 -3.193 3.903 -129.500 -3.751 3.903 -0.500 -3.751
3 16 3.903 -129.500 -3.751 3.797 -0.500 -3.878 3.903 -0.500 -3.751
3 16 3.903 -129.500 -3.751 3.797 -129.500 -3.878 3.797 -0.500 -3.878
3 16 3.797 -129.500 -3.878 3.307 -0.500 -4.375 3.797 -0.500 -3.878
3 16 3.797 -129.500 -3.878 3.307 -129.500 -4.375 3.307 -0.500 -4.375
2 24 3.112 0.000 -3.875 -3.112 0.000 -3.875
2 24 3.307 -0.500 -4.375 -3.307 -0.500 -4.375
2 24 3.307 -129.500 -4.375 -3.307 -129.500 -4.375
2 24 3.112 -130.000 -3.875 -3.112 -130.000 -3.875
2 24 4.939 -0.500 -1.407 4.899 -0.500 -1.627
2 24 4.899 -0.500 -1.627 4.731 -0.500 -2.244
2 24 1.694 -0.500 4.079 1.253 -0.500 4.216
2 24 4.290 -0.500 -3.193 3.903 -0.500 -3.751
2 24 4.304 -0.500 1.921 4.004 -0.500 2.370
2 24 4.911 -0.500 0.312 4.954 -0.500 0.052
2 24 4.954 -0.500 0.052 4.999 -0.500 -0.546
2 24 4.450 -0.500 1.655 4.304 -0.500 1.921
2 24 3.187 -0.500 3.228 2.785 -0.500 3.527
2 24 4.731 -0.500 -2.244 4.660 -0.500 -2.436
2 24 3.418 0.000 -3.552 3.112 0.000 -3.875
2 24 -4.954 -0.500 0.052 -4.999 -0.500 -0.546
2 24 -4.911 -0.500 0.312 -4.954 -0.500 0.052
2 24 -4.770 -0.500 0.875 -4.911 -0.500 0.312
2 24 -4.677 -0.500 1.143 -4.770 -0.500 0.875
2 24 -4.450 -0.500 1.655 -4.677 -0.500 1.143
2 24 -4.304 -0.500 1.921 -4.450 -0.500 1.655
2 24 -4.004 -0.500 2.370 -4.304 -0.500 1.921
2 24 0.422 -0.500 4.357 0.000 -0.500 4.375
2 24 0.860 -0.500 4.301 0.422 -0.500 4.357
2 24 3.903 -0.500 -3.751 3.797 -0.500 -3.878
2 24 -3.112 0.000 -3.875 -3.418 0.000 -3.552
2 24 -3.797 -0.500 -3.878 -3.903 -0.500 -3.751
2 24 -4.939 -0.500 -1.407 -4.997 -0.500 -0.790
2 24 1.253 -0.500 4.216 0.860 -0.500 4.301
2 24 2.048 -0.500 3.936 1.694 -0.500 4.079
2 24 -4.660 -0.500 -2.436 -4.731 -0.500 -2.244
2 24 -4.939 -0.500 -1.407 -4.899 -0.500 -1.627
2 24 -3.443 -0.500 3.000 -3.802 -0.500 2.622
2 24 -3.187 -0.500 3.228 -3.443 -0.500 3.000
2 24 -2.785 -0.500 3.527 -3.187 -0.500 3.228
2 24 -2.477 -0.500 3.718 -2.785 -0.500 3.527
2 24 -0.860 -0.500 4.301 -1.253 -0.500 4.216
2 24 -0.422 -0.500 4.357 -0.860 -0.500 4.301
2 24 -4.731 -0.500 -2.244 -4.899 -0.500 -1.627
2 24 -4.999 -0.500 -0.546 -4.997 -0.500 -0.790
2 24 -3.802 -0.500 2.622 -4.004 -0.500 2.370
2 24 0.000 -0.500 4.375 -0.422 -0.500 4.357
2 24 2.477 -0.500 3.718 2.048 -0.500 3.936
2 24 4.382 -0.500 -3.033 4.290 -0.500 -3.193
2 24 -2.048 -0.500 3.936 -2.477 -0.500 3.718
2 24 -1.694 -0.500 4.079 -2.048 -0.500 3.936
2 24 -1.253 -0.500 4.216 -1.694 -0.500 4.079
2 24 3.443 -0.500 3.000 3.187 -0.500 3.228
2 24 3.802 -0.500 2.622 3.443 -0.500 3.000
2 24 4.004 -0.500 2.370 3.802 -0.500 2.622
2 24 4.997 -0.500 -0.790 4.939 -0.500 -1.407
2 24 4.999 -0.500 -0.546 4.997 -0.500 -0.790
2 24 4.677 -0.500 1.143 4.450 -0.500 1.655
2 24 4.770 -0.500 0.875 4.677 -0.500 1.143
2 24 4.911 -0.500 0.312 4.770 -0.500 0.875
2 24 -4.290 -0.500 -3.193 -4.382 -0.500 -3.033
2 24 -3.307 -0.500 -4.375 -3.797 -0.500 -3.878
2 24 -4.382 -0.500 -3.033 -4.660 -0.500 -2.436
2 24 2.785 -0.500 3.527 2.477 -0.500 3.718
2 24 4.660 -0.500 -2.436 4.382 -0.500 -3.033
2 24 -3.903 -0.500 -3.751 -4.290 -0.500 -3.193
2 24 3.418 -130.000 -3.552 3.112 -130.000 -3.875
2 24 -3.307 -0.500 -4.375 -3.307 -129.500 -4.375
2 24 -3.112 -130.000 -3.875 -3.418 -130.000 -3.552
