0 FILE MX10-0152.dat
0 4mm D Shaft - 152mm
0 Name:  MX10-0152.dat
0 Author:  
0 BL_Item_No 10-0152
0 BFC CERTIFY CCW
3 16 -6.125 -380.000 6.888 -5.875 -379.750 13.211 -6.125 -380.000 13.112
3 16 -6.125 -380.000 6.888 -5.875 -379.750 6.789 -5.875 -379.750 13.211
3 16 -5.875 -379.750 6.789 -5.625 -379.500 13.307 -5.875 -379.750 13.211
3 16 -5.875 -379.750 6.789 -5.625 -379.500 6.693 -5.625 -379.500 13.307
3 16 -6.125 0.000 13.112 -5.875 -0.250 6.789 -6.125 0.000 6.888
3 16 -6.125 0.000 13.112 -5.875 -0.250 13.211 -5.875 -0.250 6.789
3 16 -5.875 -0.250 13.211 -5.625 -0.500 6.693 -5.875 -0.250 6.789
3 16 -5.875 -0.250 13.211 -5.625 -0.500 13.307 -5.625 -0.500 6.693
3 16 -8.615 -380.000 5.565 -7.878 -380.000 5.756 -12.268 -380.000 13.447
3 16 -7.183 -380.000 6.070 -12.268 -380.000 13.447 -7.878 -380.000 5.756
3 16 -7.183 -380.000 6.070 -6.551 -380.000 6.497 -12.268 -380.000 13.447
3 16 -6.551 -380.000 6.497 -11.625 -380.000 13.897 -12.268 -380.000 13.447
3 16 -6.125 -380.000 13.112 -6.551 -380.000 6.497 -6.125 -380.000 6.888
3 16 -6.125 -380.000 13.112 -6.551 -380.000 13.503 -6.551 -380.000 6.497
3 16 -6.551 -380.000 13.503 -7.183 -380.000 13.930 -6.551 -380.000 6.497
3 16 -7.878 -380.000 14.244 -6.551 -380.000 6.497 -7.183 -380.000 13.930
3 16 -7.878 -380.000 14.244 -8.615 -380.000 14.435 -6.551 -380.000 6.497
3 16 -8.615 -380.000 14.435 -9.375 -380.000 14.500 -6.551 -380.000 6.497
3 16 -13.272 -380.000 7.750 -12.822 -380.000 7.107 -12.268 -380.000 13.447
3 16 -12.822 -380.000 12.893 -13.272 -380.000 7.750 -12.268 -380.000 13.447
3 16 -12.822 -380.000 12.893 -13.272 -380.000 12.250 -13.272 -380.000 7.750
3 16 -13.272 -380.000 12.250 -13.604 -380.000 11.539 -13.272 -380.000 7.750
3 16 -12.268 -380.000 6.553 -12.268 -380.000 13.447 -12.822 -380.000 7.107
3 16 -12.268 -380.000 6.553 -11.625 -380.000 6.103 -12.268 -380.000 13.447
3 16 -11.625 -380.000 6.103 -10.914 -380.000 5.771 -12.268 -380.000 13.447
3 16 -10.156 -380.000 5.568 -12.268 -380.000 13.447 -10.914 -380.000 5.771
3 16 -10.156 -380.000 5.568 -9.375 -380.000 5.500 -12.268 -380.000 13.447
3 16 -9.375 -380.000 5.500 -8.615 -380.000 5.565 -12.268 -380.000 13.447
3 16 -13.807 -380.000 10.781 -13.272 -380.000 7.750 -13.604 -380.000 11.539
3 16 -13.807 -380.000 10.781 -13.875 -380.000 10.000 -13.272 -380.000 7.750
3 16 -13.875 -380.000 10.000 -13.604 -380.000 8.461 -13.272 -380.000 7.750
3 16 -13.875 -380.000 10.000 -13.807 -380.000 9.219 -13.604 -380.000 8.461
3 16 -10.156 -380.000 14.432 -6.551 -380.000 6.497 -9.375 -380.000 14.500
3 16 -10.156 -380.000 14.432 -10.914 -380.000 14.229 -6.551 -380.000 6.497
3 16 -10.914 -380.000 14.229 -11.625 -380.000 13.897 -6.551 -380.000 6.497
3 16 -5.625 -0.500 6.693 -5.625 -379.500 13.307 -5.625 -379.500 6.693
3 16 -5.625 -0.500 6.693 -5.625 -0.500 13.307 -5.625 -379.500 13.307
3 16 -8.615 0.000 14.435 -7.878 0.000 14.244 -6.551 0.000 6.497
3 16 -7.183 0.000 6.070 -7.878 0.000 5.756 -12.268 0.000 13.447
3 16 -8.615 0.000 5.565 -12.268 0.000 13.447 -7.878 0.000 5.756
3 16 -8.615 0.000 5.565 -9.375 0.000 5.500 -12.268 0.000 13.447
3 16 -9.375 0.000 5.500 -12.822 0.000 12.893 -12.268 0.000 13.447
3 16 -6.125 0.000 6.888 -6.551 0.000 13.503 -6.125 0.000 13.112
3 16 -6.125 0.000 6.888 -6.551 0.000 6.497 -6.551 0.000 13.503
3 16 -6.551 0.000 6.497 -7.183 0.000 13.930 -6.551 0.000 13.503
3 16 -6.551 0.000 6.497 -7.878 0.000 14.244 -7.183 0.000 13.930
3 16 -12.268 0.000 13.447 -6.551 0.000 6.497 -7.183 0.000 6.070
3 16 -12.268 0.000 13.447 -11.625 0.000 13.897 -6.551 0.000 6.497
3 16 -11.625 0.000 13.897 -10.914 0.000 14.229 -6.551 0.000 6.497
3 16 -10.156 0.000 14.432 -6.551 0.000 6.497 -10.914 0.000 14.229
3 16 -10.156 0.000 14.432 -9.375 0.000 14.500 -6.551 0.000 6.497
3 16 -9.375 0.000 14.500 -8.615 0.000 14.435 -6.551 0.000 6.497
3 16 -9.375 0.000 5.500 -13.272 0.000 12.250 -12.822 0.000 12.893
3 16 -9.375 0.000 5.500 -10.156 0.000 5.568 -13.272 0.000 12.250
3 16 -10.156 0.000 5.568 -10.914 0.000 5.771 -13.272 0.000 12.250
3 16 -13.875 0.000 10.000 -13.807 0.000 10.781 -12.268 0.000 6.553
3 16 -12.822 0.000 7.107 -13.875 0.000 10.000 -12.268 0.000 6.553
3 16 -12.822 0.000 7.107 -13.272 0.000 7.750 -13.875 0.000 10.000
3 16 -13.272 0.000 7.750 -13.807 0.000 9.219 -13.875 0.000 10.000
3 16 -13.272 0.000 7.750 -13.604 0.000 8.461 -13.807 0.000 9.219
3 16 -11.625 0.000 6.103 -13.272 0.000 12.250 -10.914 0.000 5.771
3 16 -11.625 0.000 6.103 -12.268 0.000 6.553 -13.272 0.000 12.250
3 16 -12.268 0.000 6.553 -13.604 0.000 11.539 -13.272 0.000 12.250
3 16 -12.268 0.000 6.553 -13.807 0.000 10.781 -13.604 0.000 11.539
3 16 -5.625 -379.500 13.307 -6.237 -379.500 13.893 -5.875 -379.750 13.211
3 16 -6.237 -379.500 13.893 -6.125 -380.000 13.112 -5.875 -379.750 13.211
3 16 -6.237 -379.500 13.893 -6.551 -380.000 13.503 -6.125 -380.000 13.112
3 16 -6.237 -379.500 13.893 -6.939 -379.500 14.367 -6.551 -380.000 13.503
3 16 -6.939 -379.500 14.367 -7.183 -380.000 13.930 -6.551 -380.000 13.503
3 16 -6.939 -379.500 14.367 -7.711 -379.500 14.715 -7.183 -380.000 13.930
3 16 -7.711 -379.500 14.715 -7.878 -380.000 14.244 -7.183 -380.000 13.930
3 16 -7.711 -379.500 14.715 -8.531 -379.500 14.928 -7.878 -380.000 14.244
3 16 -8.531 -379.500 14.928 -8.615 -380.000 14.435 -7.878 -380.000 14.244
3 16 -8.531 -379.500 14.928 -9.375 -379.500 15.000 -8.615 -380.000 14.435
3 16 -9.375 -379.500 15.000 -9.375 -380.000 14.500 -8.615 -380.000 14.435
3 16 -5.625 -0.500 6.693 -6.237 -0.500 6.107 -5.875 -0.250 6.789
3 16 -6.237 -0.500 6.107 -6.125 0.000 6.888 -5.875 -0.250 6.789
3 16 -6.237 -0.500 6.107 -6.551 0.000 6.497 -6.125 0.000 6.888
3 16 -6.237 -0.500 6.107 -6.939 -0.500 5.633 -6.551 0.000 6.497
3 16 -6.939 -0.500 5.633 -7.183 0.000 6.070 -6.551 0.000 6.497
3 16 -6.939 -0.500 5.633 -7.711 -0.500 5.285 -7.183 0.000 6.070
3 16 -7.711 -0.500 5.285 -7.878 0.000 5.756 -7.183 0.000 6.070
3 16 -7.711 -0.500 5.285 -8.531 -0.500 5.072 -7.878 0.000 5.756
3 16 -8.531 -0.500 5.072 -8.615 0.000 5.565 -7.878 0.000 5.756
3 16 -8.531 -0.500 5.072 -9.375 -0.500 5.000 -8.615 0.000 5.565
3 16 -9.375 -0.500 5.000 -9.375 0.000 5.500 -8.615 0.000 5.565
3 16 -5.625 -0.500 13.307 -6.237 -0.500 13.893 -5.625 -379.500 13.307
3 16 -6.237 -0.500 13.893 -6.237 -379.500 13.893 -5.625 -379.500 13.307
3 16 -6.237 -0.500 13.893 -6.939 -0.500 14.367 -6.237 -379.500 13.893
3 16 -6.939 -0.500 14.367 -6.939 -379.500 14.367 -6.237 -379.500 13.893
3 16 -6.939 -0.500 14.367 -7.711 -0.500 14.715 -6.939 -379.500 14.367
3 16 -7.711 -0.500 14.715 -7.711 -379.500 14.715 -6.939 -379.500 14.367
3 16 -7.711 -0.500 14.715 -8.531 -0.500 14.928 -7.711 -379.500 14.715
3 16 -8.531 -0.500 14.928 -8.531 -379.500 14.928 -7.711 -379.500 14.715
3 16 -8.531 -0.500 14.928 -9.375 -0.500 15.000 -8.531 -379.500 14.928
3 16 -9.375 -0.500 15.000 -9.375 -379.500 15.000 -8.531 -379.500 14.928
3 16 -9.375 -379.500 15.000 -10.243 -379.500 14.924 -9.375 -380.000 14.500
3 16 -10.243 -379.500 14.924 -10.156 -380.000 14.432 -9.375 -380.000 14.500
3 16 -10.243 -379.500 14.924 -11.085 -379.500 14.698 -10.156 -380.000 14.432
3 16 -11.085 -379.500 14.698 -10.914 -380.000 14.229 -10.156 -380.000 14.432
3 16 -11.085 -379.500 14.698 -11.875 -379.500 14.330 -10.914 -380.000 14.229
3 16 -11.875 -379.500 14.330 -11.625 -380.000 13.897 -10.914 -380.000 14.229
3 16 -11.875 -379.500 14.330 -12.589 -379.500 13.830 -11.625 -380.000 13.897
3 16 -12.589 -379.500 13.830 -12.268 -380.000 13.447 -11.625 -380.000 13.897
3 16 -12.589 -379.500 13.830 -13.205 -379.500 13.214 -12.268 -380.000 13.447
3 16 -13.205 -379.500 13.214 -12.822 -380.000 12.893 -12.268 -380.000 13.447
3 16 -13.205 -379.500 13.214 -13.705 -379.500 12.500 -12.822 -380.000 12.893
3 16 -13.705 -379.500 12.500 -13.272 -380.000 12.250 -12.822 -380.000 12.893
3 16 -13.705 -379.500 12.500 -14.073 -379.500 11.710 -13.272 -380.000 12.250
3 16 -14.073 -379.500 11.710 -13.604 -380.000 11.539 -13.272 -380.000 12.250
3 16 -14.073 -379.500 11.710 -14.299 -379.500 10.868 -13.604 -380.000 11.539
3 16 -14.299 -379.500 10.868 -13.807 -380.000 10.781 -13.604 -380.000 11.539
3 16 -14.299 -379.500 10.868 -14.375 -379.500 10.000 -13.807 -380.000 10.781
3 16 -14.375 -379.500 10.000 -13.875 -380.000 10.000 -13.807 -380.000 10.781
3 16 -14.375 -379.500 10.000 -14.299 -379.500 9.132 -13.875 -380.000 10.000
3 16 -14.299 -379.500 9.132 -13.807 -380.000 9.219 -13.875 -380.000 10.000
3 16 -14.299 -379.500 9.132 -14.073 -379.500 8.290 -13.807 -380.000 9.219
3 16 -14.073 -379.500 8.290 -13.604 -380.000 8.461 -13.807 -380.000 9.219
3 16 -14.073 -379.500 8.290 -13.705 -379.500 7.500 -13.604 -380.000 8.461
3 16 -13.705 -379.500 7.500 -13.272 -380.000 7.750 -13.604 -380.000 8.461
3 16 -13.705 -379.500 7.500 -13.205 -379.500 6.786 -13.272 -380.000 7.750
3 16 -13.205 -379.500 6.786 -12.822 -380.000 7.107 -13.272 -380.000 7.750
3 16 -13.205 -379.500 6.786 -12.589 -379.500 6.170 -12.822 -380.000 7.107
3 16 -12.589 -379.500 6.170 -12.268 -380.000 6.553 -12.822 -380.000 7.107
3 16 -12.589 -379.500 6.170 -11.875 -379.500 5.670 -12.268 -380.000 6.553
3 16 -11.875 -379.500 5.670 -11.625 -380.000 6.103 -12.268 -380.000 6.553
3 16 -11.875 -379.500 5.670 -11.085 -379.500 5.302 -11.625 -380.000 6.103
3 16 -11.085 -379.500 5.302 -10.914 -380.000 5.771 -11.625 -380.000 6.103
3 16 -11.085 -379.500 5.302 -10.243 -379.500 5.076 -10.914 -380.000 5.771
3 16 -10.243 -379.500 5.076 -10.156 -380.000 5.568 -10.914 -380.000 5.771
3 16 -10.243 -379.500 5.076 -9.375 -379.500 5.000 -10.156 -380.000 5.568
3 16 -9.375 -379.500 5.000 -9.375 -380.000 5.500 -10.156 -380.000 5.568
3 16 -6.125 -380.000 6.888 -6.551 -380.000 6.497 -5.875 -379.750 6.789
3 16 -5.625 -379.500 6.693 -5.875 -379.750 6.789 -6.237 -379.500 6.107
3 16 -6.551 -380.000 6.497 -6.237 -379.500 6.107 -5.875 -379.750 6.789
3 16 -6.551 -380.000 6.497 -7.183 -380.000 6.070 -6.237 -379.500 6.107
3 16 -7.183 -380.000 6.070 -6.939 -379.500 5.633 -6.237 -379.500 6.107
3 16 -7.183 -380.000 6.070 -7.878 -380.000 5.756 -6.939 -379.500 5.633
3 16 -7.878 -380.000 5.756 -7.711 -379.500 5.285 -6.939 -379.500 5.633
3 16 -7.878 -380.000 5.756 -8.615 -380.000 5.565 -7.711 -379.500 5.285
3 16 -8.615 -380.000 5.565 -8.531 -379.500 5.072 -7.711 -379.500 5.285
3 16 -8.615 -380.000 5.565 -9.375 -380.000 5.500 -8.531 -379.500 5.072
3 16 -9.375 -380.000 5.500 -9.375 -379.500 5.000 -8.531 -379.500 5.072
3 16 -9.375 -0.500 5.000 -10.243 -0.500 5.076 -9.375 0.000 5.500
3 16 -10.243 -0.500 5.076 -10.156 0.000 5.568 -9.375 0.000 5.500
3 16 -10.243 -0.500 5.076 -11.085 -0.500 5.302 -10.156 0.000 5.568
3 16 -11.085 -0.500 5.302 -10.914 0.000 5.771 -10.156 0.000 5.568
3 16 -11.085 -0.500 5.302 -11.875 -0.500 5.670 -10.914 0.000 5.771
3 16 -11.875 -0.500 5.670 -11.625 0.000 6.103 -10.914 0.000 5.771
3 16 -11.875 -0.500 5.670 -12.589 -0.500 6.170 -11.625 0.000 6.103
3 16 -12.589 -0.500 6.170 -12.268 0.000 6.553 -11.625 0.000 6.103
3 16 -12.589 -0.500 6.170 -13.205 -0.500 6.786 -12.268 0.000 6.553
3 16 -13.205 -0.500 6.786 -12.822 0.000 7.107 -12.268 0.000 6.553
3 16 -13.205 -0.500 6.786 -13.705 -0.500 7.500 -12.822 0.000 7.107
3 16 -13.705 -0.500 7.500 -13.272 0.000 7.750 -12.822 0.000 7.107
3 16 -13.705 -0.500 7.500 -14.073 -0.500 8.290 -13.272 0.000 7.750
3 16 -14.073 -0.500 8.290 -13.604 0.000 8.461 -13.272 0.000 7.750
3 16 -14.073 -0.500 8.290 -14.299 -0.500 9.132 -13.604 0.000 8.461
3 16 -14.299 -0.500 9.132 -13.807 0.000 9.219 -13.604 0.000 8.461
3 16 -14.299 -0.500 9.132 -14.375 -0.500 10.000 -13.807 0.000 9.219
3 16 -14.375 -0.500 10.000 -13.875 0.000 10.000 -13.807 0.000 9.219
3 16 -14.375 -0.500 10.000 -14.299 -0.500 10.868 -13.875 0.000 10.000
3 16 -14.299 -0.500 10.868 -13.807 0.000 10.781 -13.875 0.000 10.000
3 16 -14.299 -0.500 10.868 -14.073 -0.500 11.710 -13.807 0.000 10.781
3 16 -14.073 -0.500 11.710 -13.604 0.000 11.539 -13.807 0.000 10.781
3 16 -14.073 -0.500 11.710 -13.705 -0.500 12.500 -13.604 0.000 11.539
3 16 -13.705 -0.500 12.500 -13.272 0.000 12.250 -13.604 0.000 11.539
3 16 -13.705 -0.500 12.500 -13.205 -0.500 13.214 -13.272 0.000 12.250
3 16 -13.205 -0.500 13.214 -12.822 0.000 12.893 -13.272 0.000 12.250
3 16 -13.205 -0.500 13.214 -12.589 -0.500 13.830 -12.822 0.000 12.893
3 16 -12.589 -0.500 13.830 -12.268 0.000 13.447 -12.822 0.000 12.893
3 16 -12.589 -0.500 13.830 -11.875 -0.500 14.330 -12.268 0.000 13.447
3 16 -11.875 -0.500 14.330 -11.625 0.000 13.897 -12.268 0.000 13.447
3 16 -11.875 -0.500 14.330 -11.085 -0.500 14.698 -11.625 0.000 13.897
3 16 -11.085 -0.500 14.698 -10.914 0.000 14.229 -11.625 0.000 13.897
3 16 -11.085 -0.500 14.698 -10.243 -0.500 14.924 -10.914 0.000 14.229
3 16 -10.243 -0.500 14.924 -10.156 0.000 14.432 -10.914 0.000 14.229
3 16 -10.243 -0.500 14.924 -9.375 -0.500 15.000 -10.156 0.000 14.432
3 16 -9.375 -0.500 15.000 -9.375 0.000 14.500 -10.156 0.000 14.432
3 16 -6.125 0.000 13.112 -6.551 0.000 13.503 -5.875 -0.250 13.211
3 16 -5.625 -0.500 13.307 -5.875 -0.250 13.211 -6.237 -0.500 13.893
3 16 -6.551 0.000 13.503 -6.237 -0.500 13.893 -5.875 -0.250 13.211
3 16 -6.551 0.000 13.503 -7.183 0.000 13.930 -6.237 -0.500 13.893
3 16 -7.183 0.000 13.930 -6.939 -0.500 14.367 -6.237 -0.500 13.893
3 16 -7.183 0.000 13.930 -7.878 0.000 14.244 -6.939 -0.500 14.367
3 16 -7.878 0.000 14.244 -7.711 -0.500 14.715 -6.939 -0.500 14.367
3 16 -7.878 0.000 14.244 -8.615 0.000 14.435 -7.711 -0.500 14.715
3 16 -8.615 0.000 14.435 -8.531 -0.500 14.928 -7.711 -0.500 14.715
3 16 -8.615 0.000 14.435 -9.375 0.000 14.500 -8.531 -0.500 14.928
3 16 -9.375 0.000 14.500 -9.375 -0.500 15.000 -8.531 -0.500 14.928
3 16 -9.375 -0.500 15.000 -10.243 -0.500 14.924 -9.375 -379.500 15.000
3 16 -10.243 -0.500 14.924 -10.243 -379.500 14.924 -9.375 -379.500 15.000
3 16 -10.243 -0.500 14.924 -11.085 -0.500 14.698 -10.243 -379.500 14.924
3 16 -11.085 -0.500 14.698 -11.085 -379.500 14.698 -10.243 -379.500 14.924
3 16 -11.085 -0.500 14.698 -11.875 -0.500 14.330 -11.085 -379.500 14.698
3 16 -11.875 -0.500 14.330 -11.875 -379.500 14.330 -11.085 -379.500 14.698
3 16 -11.875 -0.500 14.330 -12.589 -0.500 13.830 -11.875 -379.500 14.330
3 16 -12.589 -0.500 13.830 -12.589 -379.500 13.830 -11.875 -379.500 14.330
3 16 -12.589 -0.500 13.830 -13.205 -0.500 13.214 -12.589 -379.500 13.830
3 16 -13.205 -0.500 13.214 -13.205 -379.500 13.214 -12.589 -379.500 13.830
3 16 -13.205 -0.500 13.214 -13.705 -0.500 12.500 -13.205 -379.500 13.214
3 16 -13.705 -0.500 12.500 -13.705 -379.500 12.500 -13.205 -379.500 13.214
3 16 -13.705 -0.500 12.500 -14.073 -0.500 11.710 -13.705 -379.500 12.500
3 16 -14.073 -0.500 11.710 -14.073 -379.500 11.710 -13.705 -379.500 12.500
3 16 -14.073 -0.500 11.710 -14.299 -0.500 10.868 -14.073 -379.500 11.710
3 16 -14.299 -0.500 10.868 -14.299 -379.500 10.868 -14.073 -379.500 11.710
3 16 -14.299 -0.500 10.868 -14.375 -0.500 10.000 -14.299 -379.500 10.868
3 16 -14.375 -0.500 10.000 -14.375 -379.500 10.000 -14.299 -379.500 10.868
3 16 -14.375 -0.500 10.000 -14.299 -0.500 9.132 -14.375 -379.500 10.000
3 16 -14.299 -0.500 9.132 -14.299 -379.500 9.132 -14.375 -379.500 10.000
3 16 -14.299 -0.500 9.132 -14.073 -0.500 8.290 -14.299 -379.500 9.132
3 16 -14.073 -0.500 8.290 -14.073 -379.500 8.290 -14.299 -379.500 9.132
3 16 -14.073 -0.500 8.290 -13.705 -0.500 7.500 -14.073 -379.500 8.290
3 16 -13.705 -0.500 7.500 -13.705 -379.500 7.500 -14.073 -379.500 8.290
3 16 -13.705 -0.500 7.500 -13.205 -0.500 6.786 -13.705 -379.500 7.500
3 16 -13.205 -0.500 6.786 -13.205 -379.500 6.786 -13.705 -379.500 7.500
3 16 -13.205 -0.500 6.786 -12.589 -0.500 6.170 -13.205 -379.500 6.786
3 16 -12.589 -0.500 6.170 -12.589 -379.500 6.170 -13.205 -379.500 6.786
3 16 -12.589 -0.500 6.170 -11.875 -0.500 5.670 -12.589 -379.500 6.170
3 16 -11.875 -0.500 5.670 -11.875 -379.500 5.670 -12.589 -379.500 6.170
3 16 -11.875 -0.500 5.670 -11.085 -0.500 5.302 -11.875 -379.500 5.670
3 16 -11.085 -0.500 5.302 -11.085 -379.500 5.302 -11.875 -379.500 5.670
3 16 -11.085 -0.500 5.302 -10.243 -0.500 5.076 -11.085 -379.500 5.302
3 16 -10.243 -0.500 5.076 -10.243 -379.500 5.076 -11.085 -379.500 5.302
3 16 -10.243 -0.500 5.076 -9.375 -0.500 5.000 -10.243 -379.500 5.076
3 16 -9.375 -0.500 5.000 -9.375 -379.500 5.000 -10.243 -379.500 5.076
3 16 -9.375 -0.500 5.000 -8.531 -0.500 5.072 -9.375 -379.500 5.000
3 16 -8.531 -0.500 5.072 -8.531 -379.500 5.072 -9.375 -379.500 5.000
3 16 -8.531 -0.500 5.072 -7.711 -0.500 5.285 -8.531 -379.500 5.072
3 16 -7.711 -0.500 5.285 -7.711 -379.500 5.285 -8.531 -379.500 5.072
3 16 -7.711 -0.500 5.285 -6.939 -0.500 5.633 -7.711 -379.500 5.285
3 16 -6.939 -0.500 5.633 -6.939 -379.500 5.633 -7.711 -379.500 5.285
3 16 -6.939 -0.500 5.633 -6.237 -0.500 6.107 -6.939 -379.500 5.633
3 16 -6.237 -0.500 6.107 -6.237 -379.500 6.107 -6.939 -379.500 5.633
3 16 -6.237 -0.500 6.107 -5.625 -0.500 6.693 -6.237 -379.500 6.107
3 16 -5.625 -0.500 6.693 -5.625 -379.500 6.693 -6.237 -379.500 6.107
2 24 -6.125 -380.000 6.888 -6.125 -380.000 13.112
2 24 -5.625 -379.500 6.693 -5.625 -379.500 13.307
2 24 -13.604 0.000 11.539 -13.272 0.000 12.250
2 24 -13.807 0.000 10.781 -13.604 0.000 11.539
2 24 -6.125 0.000 6.888 -6.125 0.000 13.112
2 24 -5.625 -0.500 6.693 -5.625 -0.500 13.307
2 24 -6.125 0.000 13.112 -6.551 0.000 13.503
2 24 -7.183 0.000 13.930 -7.878 0.000 14.244
2 24 -13.272 0.000 12.250 -12.822 0.000 12.893
2 24 -13.875 0.000 10.000 -13.807 0.000 10.781
2 24 -7.183 -380.000 13.930 -7.878 -380.000 14.244
2 24 -13.272 -380.000 12.250 -12.822 -380.000 12.893
2 24 -13.604 -380.000 11.539 -13.272 -380.000 12.250
2 24 -13.807 -380.000 10.781 -13.604 -380.000 11.539
2 24 -13.875 -380.000 10.000 -13.807 -380.000 10.781
2 24 -13.205 -379.500 13.214 -12.589 -379.500 13.830
2 24 -13.705 -379.500 12.500 -13.205 -379.500 13.214
2 24 -14.375 -379.500 10.000 -14.299 -379.500 10.868
2 24 -12.822 -380.000 12.893 -12.268 -380.000 13.447
2 24 -7.711 -379.500 14.715 -8.531 -379.500 14.928
2 24 -12.589 -379.500 13.830 -11.875 -379.500 14.330
2 24 -8.615 -380.000 5.565 -7.878 -380.000 5.756
2 24 -12.268 -380.000 6.553 -12.822 -380.000 7.107
2 24 -12.589 -379.500 6.170 -13.205 -379.500 6.786
2 24 -8.531 -379.500 5.072 -7.711 -379.500 5.285
2 24 -12.268 -380.000 13.447 -11.625 -380.000 13.897
2 24 -13.807 -380.000 9.219 -13.875 -380.000 10.000
2 24 -10.243 -379.500 14.924 -9.375 -379.500 15.000
2 24 -11.085 -379.500 14.698 -10.243 -379.500 14.924
2 24 -11.875 -379.500 14.330 -11.085 -379.500 14.698
2 24 -14.299 -379.500 9.132 -14.375 -379.500 10.000
2 24 -7.878 -380.000 5.756 -7.183 -380.000 6.070
2 24 -7.711 -379.500 5.285 -6.939 -379.500 5.633
2 24 -12.822 -380.000 7.107 -13.272 -380.000 7.750
2 24 -13.205 -379.500 6.786 -13.705 -379.500 7.500
2 24 -7.183 -380.000 6.070 -6.551 -380.000 6.497
2 24 -6.939 -379.500 5.633 -6.237 -379.500 6.107
2 24 -6.551 -380.000 6.497 -6.125 -380.000 6.888
2 24 -7.878 -380.000 14.244 -8.615 -380.000 14.435
2 24 -11.625 -380.000 13.897 -10.914 -380.000 14.229
2 24 -14.073 -379.500 11.710 -13.705 -379.500 12.500
2 24 -14.299 -379.500 10.868 -14.073 -379.500 11.710
2 24 -6.125 -380.000 13.112 -6.551 -380.000 13.503
2 24 -6.237 -379.500 13.893 -6.939 -379.500 14.367
2 24 -6.551 -380.000 13.503 -7.183 -380.000 13.930
2 24 -10.156 -380.000 14.432 -9.375 -380.000 14.500
2 24 -10.914 -380.000 14.229 -10.156 -380.000 14.432
2 24 -8.531 -379.500 14.928 -9.375 -379.500 15.000
2 24 -8.615 -380.000 14.435 -9.375 -380.000 14.500
2 24 -14.073 -379.500 8.290 -14.299 -379.500 9.132
2 24 -6.939 -379.500 14.367 -7.711 -379.500 14.715
2 24 -11.625 -380.000 6.103 -12.268 -380.000 6.553
2 24 -9.375 -380.000 5.500 -8.615 -380.000 5.565
2 24 -9.375 -379.500 5.000 -8.531 -379.500 5.072
2 24 -11.875 -379.500 5.670 -12.589 -379.500 6.170
2 24 -10.914 -380.000 5.771 -11.625 -380.000 6.103
2 24 -11.085 -379.500 5.302 -11.875 -379.500 5.670
2 24 -10.156 -380.000 5.568 -10.914 -380.000 5.771
2 24 -9.375 -380.000 5.500 -10.156 -380.000 5.568
2 24 -10.243 -379.500 5.076 -11.085 -379.500 5.302
2 24 -9.375 -379.500 5.000 -10.243 -379.500 5.076
2 24 -13.604 -380.000 8.461 -13.807 -380.000 9.219
2 24 -13.272 -380.000 7.750 -13.604 -380.000 8.461
2 24 -13.705 -379.500 7.500 -14.073 -379.500 8.290
2 24 -13.604 0.000 8.461 -13.807 0.000 9.219
2 24 -8.615 0.000 14.435 -9.375 0.000 14.500
2 24 -12.822 0.000 12.893 -12.268 0.000 13.447
2 24 -12.268 0.000 13.447 -11.625 0.000 13.897
2 24 -13.807 0.000 9.219 -13.875 0.000 10.000
2 24 -7.878 0.000 14.244 -8.615 0.000 14.435
2 24 -6.551 0.000 6.497 -6.125 0.000 6.888
2 24 -11.625 0.000 13.897 -10.914 0.000 14.229
2 24 -10.914 0.000 14.229 -10.156 0.000 14.432
2 24 -10.156 0.000 14.432 -9.375 0.000 14.500
2 24 -7.878 0.000 5.756 -7.183 0.000 6.070
2 24 -12.822 0.000 7.107 -13.272 0.000 7.750
2 24 -8.615 0.000 5.565 -7.878 0.000 5.756
2 24 -12.268 0.000 6.553 -12.822 0.000 7.107
2 24 -9.375 0.000 5.500 -8.615 0.000 5.565
2 24 -11.625 0.000 6.103 -12.268 0.000 6.553
2 24 -6.551 0.000 13.503 -7.183 0.000 13.930
2 24 -7.183 0.000 6.070 -6.551 0.000 6.497
2 24 -9.375 0.000 5.500 -10.156 0.000 5.568
2 24 -10.156 0.000 5.568 -10.914 0.000 5.771
2 24 -13.272 0.000 7.750 -13.604 0.000 8.461
2 24 -10.914 0.000 5.771 -11.625 0.000 6.103
