0 FILE MX10-0068.dat
0 4mm D Shaft - 68mm
0 Name:  MX10-0068.dat
0 Author:  
0 BL_Item_No 10-0068
0 BFC CERTIFY CCW
3 16 -3.307 -169.500 4.375 -3.211 -169.750 4.125 3.307 -169.500 4.375
3 16 -3.211 -169.750 4.125 3.211 -169.750 4.125 3.307 -169.500 4.375
3 16 -3.211 -169.750 4.125 -3.112 -170.000 3.875 3.211 -169.750 4.125
3 16 -3.112 -170.000 3.875 3.112 -170.000 3.875 3.211 -169.750 4.125
3 16 -3.112 0.000 3.875 3.211 -0.250 4.125 3.112 0.000 3.875
3 16 -3.112 0.000 3.875 -3.211 -0.250 4.125 3.211 -0.250 4.125
3 16 -3.211 -0.250 4.125 3.307 -0.500 4.375 3.211 -0.250 4.125
3 16 -3.211 -0.250 4.125 -3.307 -0.500 4.375 3.307 -0.500 4.375
3 16 -3.112 -170.000 3.875 3.503 -170.000 3.449 3.112 -170.000 3.875
3 16 -3.112 -170.000 3.875 -3.503 -170.000 3.449 3.503 -170.000 3.449
3 16 4.244 -170.000 2.122 -3.503 -170.000 3.449 4.435 -170.000 1.385
3 16 4.244 -170.000 2.122 3.930 -170.000 2.817 -3.503 -170.000 3.449
3 16 3.930 -170.000 2.817 3.503 -170.000 3.449 -3.503 -170.000 3.449
3 16 -4.244 -170.000 2.122 3.447 -170.000 -2.268 -3.930 -170.000 2.817
3 16 -4.244 -170.000 2.122 -4.435 -170.000 1.385 3.447 -170.000 -2.268
3 16 -4.435 -170.000 1.385 -4.500 -170.000 0.625 3.447 -170.000 -2.268
3 16 4.432 -170.000 -0.156 -3.503 -170.000 3.449 4.229 -170.000 -0.914
3 16 4.432 -170.000 -0.156 4.500 -170.000 0.625 -3.503 -170.000 3.449
3 16 4.500 -170.000 0.625 4.435 -170.000 1.385 -3.503 -170.000 3.449
3 16 2.250 -170.000 -3.272 -4.500 -170.000 0.625 -4.432 -170.000 -0.156
3 16 2.250 -170.000 -3.272 2.893 -170.000 -2.822 -4.500 -170.000 0.625
3 16 2.893 -170.000 -2.822 3.447 -170.000 -2.268 -4.500 -170.000 0.625
3 16 -4.229 -170.000 -0.914 2.250 -170.000 -3.272 -4.432 -170.000 -0.156
3 16 -4.229 -170.000 -0.914 -3.897 -170.000 -1.625 2.250 -170.000 -3.272
3 16 -3.897 -170.000 -1.625 -3.447 -170.000 -2.268 2.250 -170.000 -3.272
3 16 3.447 -170.000 -2.268 -3.503 -170.000 3.449 -3.930 -170.000 2.817
3 16 3.447 -170.000 -2.268 3.897 -170.000 -1.625 -3.503 -170.000 3.449
3 16 3.897 -170.000 -1.625 4.229 -170.000 -0.914 -3.503 -170.000 3.449
3 16 -2.893 -170.000 -2.822 2.250 -170.000 -3.272 -3.447 -170.000 -2.268
3 16 -2.893 -170.000 -2.822 -2.250 -170.000 -3.272 2.250 -170.000 -3.272
3 16 -2.250 -170.000 -3.272 -1.539 -170.000 -3.604 2.250 -170.000 -3.272
3 16 1.539 -170.000 -3.604 0.000 -170.000 -3.875 0.781 -170.000 -3.807
3 16 1.539 -170.000 -3.604 2.250 -170.000 -3.272 0.000 -170.000 -3.875
3 16 2.250 -170.000 -3.272 -0.781 -170.000 -3.807 0.000 -170.000 -3.875
3 16 2.250 -170.000 -3.272 -1.539 -170.000 -3.604 -0.781 -170.000 -3.807
3 16 3.307 -0.500 4.375 -3.307 -169.500 4.375 3.307 -169.500 4.375
3 16 3.307 -0.500 4.375 -3.307 -0.500 4.375 -3.307 -169.500 4.375
3 16 -4.435 0.000 1.385 -4.244 0.000 2.122 3.447 0.000 -2.268
3 16 3.112 0.000 3.875 -3.503 0.000 3.449 -3.112 0.000 3.875
3 16 3.112 0.000 3.875 3.503 0.000 3.449 -3.503 0.000 3.449
3 16 3.930 0.000 2.817 -3.503 0.000 3.449 3.503 0.000 3.449
3 16 3.930 0.000 2.817 4.244 0.000 2.122 -3.503 0.000 3.449
3 16 4.244 0.000 2.122 4.435 0.000 1.385 -3.503 0.000 3.449
3 16 2.250 0.000 -3.272 1.539 0.000 -3.604 2.893 0.000 -2.822
3 16 -3.897 0.000 -1.625 3.447 0.000 -2.268 -3.447 0.000 -2.268
3 16 -3.897 0.000 -1.625 -4.229 0.000 -0.914 3.447 0.000 -2.268
3 16 4.500 0.000 0.625 -3.503 0.000 3.449 4.435 0.000 1.385
3 16 4.500 0.000 0.625 4.432 0.000 -0.156 -3.503 0.000 3.449
3 16 4.432 0.000 -0.156 4.229 0.000 -0.914 -3.503 0.000 3.449
3 16 -3.930 0.000 2.817 3.447 0.000 -2.268 -4.244 0.000 2.122
3 16 -3.930 0.000 2.817 -3.503 0.000 3.449 3.447 0.000 -2.268
3 16 -3.503 0.000 3.449 3.897 0.000 -1.625 3.447 0.000 -2.268
3 16 -3.503 0.000 3.449 4.229 0.000 -0.914 3.897 0.000 -1.625
3 16 0.781 0.000 -3.807 2.893 0.000 -2.822 1.539 0.000 -3.604
3 16 0.781 0.000 -3.807 0.000 0.000 -3.875 2.893 0.000 -2.822
3 16 0.000 0.000 -3.875 -0.781 0.000 -3.807 2.893 0.000 -2.822
3 16 -1.539 0.000 -3.604 2.893 0.000 -2.822 -0.781 0.000 -3.807
3 16 -1.539 0.000 -3.604 -2.250 0.000 -3.272 2.893 0.000 -2.822
3 16 -2.250 0.000 -3.272 3.447 0.000 -2.268 2.893 0.000 -2.822
3 16 -2.250 0.000 -3.272 -2.893 0.000 -2.822 3.447 0.000 -2.268
3 16 -2.893 0.000 -2.822 -3.447 0.000 -2.268 3.447 0.000 -2.268
3 16 -4.432 0.000 -0.156 3.447 0.000 -2.268 -4.229 0.000 -0.914
3 16 -4.432 0.000 -0.156 -4.500 0.000 0.625 3.447 0.000 -2.268
3 16 -4.500 0.000 0.625 -4.435 0.000 1.385 3.447 0.000 -2.268
3 16 -3.307 -169.500 4.375 -3.893 -169.500 3.763 -3.211 -169.750 4.125
3 16 -3.893 -169.500 3.763 -3.112 -170.000 3.875 -3.211 -169.750 4.125
3 16 -3.893 -169.500 3.763 -3.503 -170.000 3.449 -3.112 -170.000 3.875
3 16 -3.893 -169.500 3.763 -4.367 -169.500 3.061 -3.503 -170.000 3.449
3 16 -4.367 -169.500 3.061 -3.930 -170.000 2.817 -3.503 -170.000 3.449
3 16 -4.367 -169.500 3.061 -4.715 -169.500 2.289 -3.930 -170.000 2.817
3 16 -4.715 -169.500 2.289 -4.244 -170.000 2.122 -3.930 -170.000 2.817
3 16 -4.715 -169.500 2.289 -4.928 -169.500 1.469 -4.244 -170.000 2.122
3 16 -4.928 -169.500 1.469 -4.435 -170.000 1.385 -4.244 -170.000 2.122
3 16 -4.928 -169.500 1.469 -5.000 -169.500 0.625 -4.435 -170.000 1.385
3 16 -5.000 -169.500 0.625 -4.500 -170.000 0.625 -4.435 -170.000 1.385
3 16 3.307 -0.500 4.375 3.893 -0.500 3.763 3.211 -0.250 4.125
3 16 3.893 -0.500 3.763 3.112 0.000 3.875 3.211 -0.250 4.125
3 16 3.893 -0.500 3.763 3.503 0.000 3.449 3.112 0.000 3.875
3 16 3.893 -0.500 3.763 4.367 -0.500 3.061 3.503 0.000 3.449
3 16 4.367 -0.500 3.061 3.930 0.000 2.817 3.503 0.000 3.449
3 16 4.367 -0.500 3.061 4.715 -0.500 2.289 3.930 0.000 2.817
3 16 4.715 -0.500 2.289 4.244 0.000 2.122 3.930 0.000 2.817
3 16 4.715 -0.500 2.289 4.928 -0.500 1.469 4.244 0.000 2.122
3 16 4.928 -0.500 1.469 4.435 0.000 1.385 4.244 0.000 2.122
3 16 4.928 -0.500 1.469 5.000 -0.500 0.625 4.435 0.000 1.385
3 16 5.000 -0.500 0.625 4.500 0.000 0.625 4.435 0.000 1.385
3 16 -3.307 -0.500 4.375 -3.893 -0.500 3.763 -3.307 -169.500 4.375
3 16 -3.893 -0.500 3.763 -3.893 -169.500 3.763 -3.307 -169.500 4.375
3 16 -3.893 -0.500 3.763 -4.367 -0.500 3.061 -3.893 -169.500 3.763
3 16 -4.367 -0.500 3.061 -4.367 -169.500 3.061 -3.893 -169.500 3.763
3 16 -4.367 -0.500 3.061 -4.715 -0.500 2.289 -4.367 -169.500 3.061
3 16 -4.715 -0.500 2.289 -4.715 -169.500 2.289 -4.367 -169.500 3.061
3 16 -4.715 -0.500 2.289 -4.928 -0.500 1.469 -4.715 -169.500 2.289
3 16 -4.928 -0.500 1.469 -4.928 -169.500 1.469 -4.715 -169.500 2.289
3 16 -4.928 -0.500 1.469 -5.000 -0.500 0.625 -4.928 -169.500 1.469
3 16 -5.000 -0.500 0.625 -5.000 -169.500 0.625 -4.928 -169.500 1.469
3 16 -5.000 -169.500 0.625 -4.924 -169.500 -0.243 -4.500 -170.000 0.625
3 16 -4.924 -169.500 -0.243 -4.432 -170.000 -0.156 -4.500 -170.000 0.625
3 16 -4.924 -169.500 -0.243 -4.698 -169.500 -1.085 -4.432 -170.000 -0.156
3 16 -4.698 -169.500 -1.085 -4.229 -170.000 -0.914 -4.432 -170.000 -0.156
3 16 -4.698 -169.500 -1.085 -4.330 -169.500 -1.875 -4.229 -170.000 -0.914
3 16 -4.330 -169.500 -1.875 -3.897 -170.000 -1.625 -4.229 -170.000 -0.914
3 16 -4.330 -169.500 -1.875 -3.830 -169.500 -2.589 -3.897 -170.000 -1.625
3 16 -3.830 -169.500 -2.589 -3.447 -170.000 -2.268 -3.897 -170.000 -1.625
3 16 -3.830 -169.500 -2.589 -3.214 -169.500 -3.205 -3.447 -170.000 -2.268
3 16 -3.214 -169.500 -3.205 -2.893 -170.000 -2.822 -3.447 -170.000 -2.268
3 16 -3.214 -169.500 -3.205 -2.500 -169.500 -3.705 -2.893 -170.000 -2.822
3 16 -2.500 -169.500 -3.705 -2.250 -170.000 -3.272 -2.893 -170.000 -2.822
3 16 -2.500 -169.500 -3.705 -1.710 -169.500 -4.073 -2.250 -170.000 -3.272
3 16 -1.710 -169.500 -4.073 -1.539 -170.000 -3.604 -2.250 -170.000 -3.272
3 16 -1.710 -169.500 -4.073 -0.868 -169.500 -4.299 -1.539 -170.000 -3.604
3 16 -0.868 -169.500 -4.299 -0.781 -170.000 -3.807 -1.539 -170.000 -3.604
3 16 -0.868 -169.500 -4.299 0.000 -169.500 -4.375 -0.781 -170.000 -3.807
3 16 0.000 -169.500 -4.375 0.000 -170.000 -3.875 -0.781 -170.000 -3.807
3 16 0.000 -169.500 -4.375 0.868 -169.500 -4.299 0.000 -170.000 -3.875
3 16 0.868 -169.500 -4.299 0.781 -170.000 -3.807 0.000 -170.000 -3.875
3 16 0.868 -169.500 -4.299 1.710 -169.500 -4.073 0.781 -170.000 -3.807
3 16 1.710 -169.500 -4.073 1.539 -170.000 -3.604 0.781 -170.000 -3.807
3 16 1.710 -169.500 -4.073 2.500 -169.500 -3.705 1.539 -170.000 -3.604
3 16 2.500 -169.500 -3.705 2.250 -170.000 -3.272 1.539 -170.000 -3.604
3 16 2.500 -169.500 -3.705 3.214 -169.500 -3.205 2.250 -170.000 -3.272
3 16 3.214 -169.500 -3.205 2.893 -170.000 -2.822 2.250 -170.000 -3.272
3 16 3.214 -169.500 -3.205 3.830 -169.500 -2.589 2.893 -170.000 -2.822
3 16 3.830 -169.500 -2.589 3.447 -170.000 -2.268 2.893 -170.000 -2.822
3 16 3.830 -169.500 -2.589 4.330 -169.500 -1.875 3.447 -170.000 -2.268
3 16 4.330 -169.500 -1.875 3.897 -170.000 -1.625 3.447 -170.000 -2.268
3 16 4.330 -169.500 -1.875 4.698 -169.500 -1.085 3.897 -170.000 -1.625
3 16 4.698 -169.500 -1.085 4.229 -170.000 -0.914 3.897 -170.000 -1.625
3 16 4.698 -169.500 -1.085 4.924 -169.500 -0.243 4.229 -170.000 -0.914
3 16 4.924 -169.500 -0.243 4.432 -170.000 -0.156 4.229 -170.000 -0.914
3 16 4.924 -169.500 -0.243 5.000 -169.500 0.625 4.432 -170.000 -0.156
3 16 5.000 -169.500 0.625 4.500 -170.000 0.625 4.432 -170.000 -0.156
3 16 3.112 -170.000 3.875 3.503 -170.000 3.449 3.211 -169.750 4.125
3 16 3.307 -169.500 4.375 3.211 -169.750 4.125 3.893 -169.500 3.763
3 16 3.503 -170.000 3.449 3.893 -169.500 3.763 3.211 -169.750 4.125
3 16 3.503 -170.000 3.449 3.930 -170.000 2.817 3.893 -169.500 3.763
3 16 3.930 -170.000 2.817 4.367 -169.500 3.061 3.893 -169.500 3.763
3 16 3.930 -170.000 2.817 4.244 -170.000 2.122 4.367 -169.500 3.061
3 16 4.244 -170.000 2.122 4.715 -169.500 2.289 4.367 -169.500 3.061
3 16 4.244 -170.000 2.122 4.435 -170.000 1.385 4.715 -169.500 2.289
3 16 4.435 -170.000 1.385 4.928 -169.500 1.469 4.715 -169.500 2.289
3 16 4.435 -170.000 1.385 4.500 -170.000 0.625 4.928 -169.500 1.469
3 16 4.500 -170.000 0.625 5.000 -169.500 0.625 4.928 -169.500 1.469
3 16 5.000 -0.500 0.625 4.924 -0.500 -0.243 4.500 0.000 0.625
3 16 4.924 -0.500 -0.243 4.432 0.000 -0.156 4.500 0.000 0.625
3 16 4.924 -0.500 -0.243 4.698 -0.500 -1.085 4.432 0.000 -0.156
3 16 4.698 -0.500 -1.085 4.229 0.000 -0.914 4.432 0.000 -0.156
3 16 4.698 -0.500 -1.085 4.330 -0.500 -1.875 4.229 0.000 -0.914
3 16 4.330 -0.500 -1.875 3.897 0.000 -1.625 4.229 0.000 -0.914
3 16 4.330 -0.500 -1.875 3.830 -0.500 -2.589 3.897 0.000 -1.625
3 16 3.830 -0.500 -2.589 3.447 0.000 -2.268 3.897 0.000 -1.625
3 16 3.830 -0.500 -2.589 3.214 -0.500 -3.205 3.447 0.000 -2.268
3 16 3.214 -0.500 -3.205 2.893 0.000 -2.822 3.447 0.000 -2.268
3 16 3.214 -0.500 -3.205 2.500 -0.500 -3.705 2.893 0.000 -2.822
3 16 2.500 -0.500 -3.705 2.250 0.000 -3.272 2.893 0.000 -2.822
3 16 2.500 -0.500 -3.705 1.710 -0.500 -4.073 2.250 0.000 -3.272
3 16 1.710 -0.500 -4.073 1.539 0.000 -3.604 2.250 0.000 -3.272
3 16 1.710 -0.500 -4.073 0.868 -0.500 -4.299 1.539 0.000 -3.604
3 16 0.868 -0.500 -4.299 0.781 0.000 -3.807 1.539 0.000 -3.604
3 16 0.868 -0.500 -4.299 0.000 -0.500 -4.375 0.781 0.000 -3.807
3 16 0.000 -0.500 -4.375 0.000 0.000 -3.875 0.781 0.000 -3.807
3 16 0.000 -0.500 -4.375 -0.868 -0.500 -4.299 0.000 0.000 -3.875
3 16 -0.868 -0.500 -4.299 -0.781 0.000 -3.807 0.000 0.000 -3.875
3 16 -0.868 -0.500 -4.299 -1.710 -0.500 -4.073 -0.781 0.000 -3.807
3 16 -1.710 -0.500 -4.073 -1.539 0.000 -3.604 -0.781 0.000 -3.807
3 16 -1.710 -0.500 -4.073 -2.500 -0.500 -3.705 -1.539 0.000 -3.604
3 16 -2.500 -0.500 -3.705 -2.250 0.000 -3.272 -1.539 0.000 -3.604
3 16 -2.500 -0.500 -3.705 -3.214 -0.500 -3.205 -2.250 0.000 -3.272
3 16 -3.214 -0.500 -3.205 -2.893 0.000 -2.822 -2.250 0.000 -3.272
3 16 -3.214 -0.500 -3.205 -3.830 -0.500 -2.589 -2.893 0.000 -2.822
3 16 -3.830 -0.500 -2.589 -3.447 0.000 -2.268 -2.893 0.000 -2.822
3 16 -3.830 -0.500 -2.589 -4.330 -0.500 -1.875 -3.447 0.000 -2.268
3 16 -4.330 -0.500 -1.875 -3.897 0.000 -1.625 -3.447 0.000 -2.268
3 16 -4.330 -0.500 -1.875 -4.698 -0.500 -1.085 -3.897 0.000 -1.625
3 16 -4.698 -0.500 -1.085 -4.229 0.000 -0.914 -3.897 0.000 -1.625
3 16 -4.698 -0.500 -1.085 -4.924 -0.500 -0.243 -4.229 0.000 -0.914
3 16 -4.924 -0.500 -0.243 -4.432 0.000 -0.156 -4.229 0.000 -0.914
3 16 -4.924 -0.500 -0.243 -5.000 -0.500 0.625 -4.432 0.000 -0.156
3 16 -5.000 -0.500 0.625 -4.500 0.000 0.625 -4.432 0.000 -0.156
3 16 -3.112 0.000 3.875 -3.503 0.000 3.449 -3.211 -0.250 4.125
3 16 -3.307 -0.500 4.375 -3.211 -0.250 4.125 -3.893 -0.500 3.763
3 16 -3.503 0.000 3.449 -3.893 -0.500 3.763 -3.211 -0.250 4.125
3 16 -3.503 0.000 3.449 -3.930 0.000 2.817 -3.893 -0.500 3.763
3 16 -3.930 0.000 2.817 -4.367 -0.500 3.061 -3.893 -0.500 3.763
3 16 -3.930 0.000 2.817 -4.244 0.000 2.122 -4.367 -0.500 3.061
3 16 -4.244 0.000 2.122 -4.715 -0.500 2.289 -4.367 -0.500 3.061
3 16 -4.244 0.000 2.122 -4.435 0.000 1.385 -4.715 -0.500 2.289
3 16 -4.435 0.000 1.385 -4.928 -0.500 1.469 -4.715 -0.500 2.289
3 16 -4.435 0.000 1.385 -4.500 0.000 0.625 -4.928 -0.500 1.469
3 16 -4.500 0.000 0.625 -5.000 -0.500 0.625 -4.928 -0.500 1.469
3 16 -5.000 -0.500 0.625 -4.924 -0.500 -0.243 -5.000 -169.500 0.625
3 16 -4.924 -0.500 -0.243 -4.924 -169.500 -0.243 -5.000 -169.500 0.625
3 16 -4.924 -0.500 -0.243 -4.698 -0.500 -1.085 -4.924 -169.500 -0.243
3 16 -4.698 -0.500 -1.085 -4.698 -169.500 -1.085 -4.924 -169.500 -0.243
3 16 -4.698 -0.500 -1.085 -4.330 -0.500 -1.875 -4.698 -169.500 -1.085
3 16 -4.330 -0.500 -1.875 -4.330 -169.500 -1.875 -4.698 -169.500 -1.085
3 16 -4.330 -0.500 -1.875 -3.830 -0.500 -2.589 -4.330 -169.500 -1.875
3 16 -3.830 -0.500 -2.589 -3.830 -169.500 -2.589 -4.330 -169.500 -1.875
3 16 -3.830 -0.500 -2.589 -3.214 -0.500 -3.205 -3.830 -169.500 -2.589
3 16 -3.214 -0.500 -3.205 -3.214 -169.500 -3.205 -3.830 -169.500 -2.589
3 16 -3.214 -0.500 -3.205 -2.500 -0.500 -3.705 -3.214 -169.500 -3.205
3 16 -2.500 -0.500 -3.705 -2.500 -169.500 -3.705 -3.214 -169.500 -3.205
3 16 -2.500 -0.500 -3.705 -1.710 -0.500 -4.073 -2.500 -169.500 -3.705
3 16 -1.710 -0.500 -4.073 -1.710 -169.500 -4.073 -2.500 -169.500 -3.705
3 16 -1.710 -0.500 -4.073 -0.868 -0.500 -4.299 -1.710 -169.500 -4.073
3 16 -0.868 -0.500 -4.299 -0.868 -169.500 -4.299 -1.710 -169.500 -4.073
3 16 -0.868 -0.500 -4.299 0.000 -0.500 -4.375 -0.868 -169.500 -4.299
3 16 0.000 -0.500 -4.375 0.000 -169.500 -4.375 -0.868 -169.500 -4.299
3 16 0.000 -0.500 -4.375 0.868 -0.500 -4.299 0.000 -169.500 -4.375
3 16 0.868 -0.500 -4.299 0.868 -169.500 -4.299 0.000 -169.500 -4.375
3 16 0.868 -0.500 -4.299 1.710 -0.500 -4.073 0.868 -169.500 -4.299
3 16 1.710 -0.500 -4.073 1.710 -169.500 -4.073 0.868 -169.500 -4.299
3 16 1.710 -0.500 -4.073 2.500 -0.500 -3.705 1.710 -169.500 -4.073
3 16 2.500 -0.500 -3.705 2.500 -169.500 -3.705 1.710 -169.500 -4.073
3 16 2.500 -0.500 -3.705 3.214 -0.500 -3.205 2.500 -169.500 -3.705
3 16 3.214 -0.500 -3.205 3.214 -169.500 -3.205 2.500 -169.500 -3.705
3 16 3.214 -0.500 -3.205 3.830 -0.500 -2.589 3.214 -169.500 -3.205
3 16 3.830 -0.500 -2.589 3.830 -169.500 -2.589 3.214 -169.500 -3.205
3 16 3.830 -0.500 -2.589 4.330 -0.500 -1.875 3.830 -169.500 -2.589
3 16 4.330 -0.500 -1.875 4.330 -169.500 -1.875 3.830 -169.500 -2.589
3 16 4.330 -0.500 -1.875 4.698 -0.500 -1.085 4.330 -169.500 -1.875
3 16 4.698 -0.500 -1.085 4.698 -169.500 -1.085 4.330 -169.500 -1.875
3 16 4.698 -0.500 -1.085 4.924 -0.500 -0.243 4.698 -169.500 -1.085
3 16 4.924 -0.500 -0.243 4.924 -169.500 -0.243 4.698 -169.500 -1.085
3 16 4.924 -0.500 -0.243 5.000 -0.500 0.625 4.924 -169.500 -0.243
3 16 5.000 -0.500 0.625 5.000 -169.500 0.625 4.924 -169.500 -0.243
3 16 5.000 -0.500 0.625 4.928 -0.500 1.469 5.000 -169.500 0.625
3 16 4.928 -0.500 1.469 4.928 -169.500 1.469 5.000 -169.500 0.625
3 16 4.928 -0.500 1.469 4.715 -0.500 2.289 4.928 -169.500 1.469
3 16 4.715 -0.500 2.289 4.715 -169.500 2.289 4.928 -169.500 1.469
3 16 4.715 -0.500 2.289 4.367 -0.500 3.061 4.715 -169.500 2.289
3 16 4.367 -0.500 3.061 4.367 -169.500 3.061 4.715 -169.500 2.289
3 16 4.367 -0.500 3.061 3.893 -0.500 3.763 4.367 -169.500 3.061
3 16 3.893 -0.500 3.763 3.893 -169.500 3.763 4.367 -169.500 3.061
3 16 3.893 -0.500 3.763 3.307 -0.500 4.375 3.893 -169.500 3.763
3 16 3.307 -0.500 4.375 3.307 -169.500 4.375 3.893 -169.500 3.763
2 24 -3.503 -170.000 3.449 -3.930 -170.000 2.817
2 24 -4.367 -169.500 3.061 -4.715 -169.500 2.289
2 24 3.307 -169.500 4.375 -3.307 -169.500 4.375
2 24 3.112 -170.000 3.875 -3.112 -170.000 3.875
2 24 -0.781 0.000 -3.807 -1.539 0.000 -3.604
2 24 -1.539 0.000 -3.604 -2.250 0.000 -3.272
2 24 3.112 0.000 3.875 -3.112 0.000 3.875
2 24 3.307 -0.500 4.375 -3.307 -0.500 4.375
2 24 -3.112 0.000 3.875 -3.503 0.000 3.449
2 24 -3.930 0.000 2.817 -4.244 0.000 2.122
2 24 0.000 0.000 -3.875 -0.781 0.000 -3.807
2 24 -2.250 0.000 -3.272 -2.893 0.000 -2.822
2 24 3.503 -170.000 3.449 3.112 -170.000 3.875
2 24 -4.244 -170.000 2.122 -4.435 -170.000 1.385
2 24 -3.897 -170.000 -1.625 -4.229 -170.000 -0.914
2 24 -3.447 -170.000 -2.268 -3.897 -170.000 -1.625
2 24 0.781 -170.000 -3.807 0.000 -170.000 -3.875
2 24 -4.698 -169.500 -1.085 -4.924 -169.500 -0.243
2 24 0.868 -169.500 -4.299 0.000 -169.500 -4.375
2 24 -3.112 -170.000 3.875 -3.503 -170.000 3.449
2 24 -3.893 -169.500 3.763 -4.367 -169.500 3.061
2 24 4.435 -170.000 1.385 4.244 -170.000 2.122
2 24 3.447 -170.000 -2.268 2.893 -170.000 -2.822
2 24 3.830 -169.500 -2.589 3.214 -169.500 -3.205
2 24 4.928 -169.500 1.469 4.715 -169.500 2.289
2 24 4.244 -170.000 2.122 3.930 -170.000 2.817
2 24 4.715 -169.500 2.289 4.367 -169.500 3.061
2 24 2.893 -170.000 -2.822 2.250 -170.000 -3.272
2 24 3.214 -169.500 -3.205 2.500 -169.500 -3.705
2 24 3.930 -170.000 2.817 3.503 -170.000 3.449
2 24 4.367 -169.500 3.061 3.893 -169.500 3.763
2 24 -3.930 -170.000 2.817 -4.244 -170.000 2.122
2 24 -2.250 -170.000 -3.272 -2.893 -170.000 -2.822
2 24 -1.539 -170.000 -3.604 -2.250 -170.000 -3.272
2 24 0.000 -170.000 -3.875 -0.781 -170.000 -3.807
2 24 -0.781 -170.000 -3.807 -1.539 -170.000 -3.604
2 24 -3.214 -169.500 -3.205 -3.830 -169.500 -2.589
2 24 -2.500 -169.500 -3.705 -3.214 -169.500 -3.205
2 24 0.000 -169.500 -4.375 -0.868 -169.500 -4.299
2 24 -4.432 -170.000 -0.156 -4.500 -170.000 0.625
2 24 -4.229 -170.000 -0.914 -4.432 -170.000 -0.156
2 24 -4.928 -169.500 1.469 -5.000 -169.500 0.625
2 24 -4.435 -170.000 1.385 -4.500 -170.000 0.625
2 24 1.710 -169.500 -4.073 0.868 -169.500 -4.299
2 24 4.432 -170.000 -0.156 4.229 -170.000 -0.914
2 24 4.500 -170.000 0.625 4.432 -170.000 -0.156
2 24 4.924 -169.500 -0.243 4.698 -169.500 -1.085
2 24 5.000 -169.500 0.625 4.924 -169.500 -0.243
2 24 4.500 -170.000 0.625 4.435 -170.000 1.385
2 24 3.897 -170.000 -1.625 3.447 -170.000 -2.268
2 24 5.000 -169.500 0.625 4.928 -169.500 1.469
2 24 -2.893 -170.000 -2.822 -3.447 -170.000 -2.268
2 24 -4.715 -169.500 2.289 -4.928 -169.500 1.469
2 24 -4.924 -169.500 -0.243 -5.000 -169.500 0.625
2 24 -4.330 -169.500 -1.875 -4.698 -169.500 -1.085
2 24 -3.830 -169.500 -2.589 -4.330 -169.500 -1.875
2 24 -1.710 -169.500 -4.073 -2.500 -169.500 -3.705
2 24 -0.868 -169.500 -4.299 -1.710 -169.500 -4.073
2 24 4.330 -169.500 -1.875 3.830 -169.500 -2.589
2 24 4.229 -170.000 -0.914 3.897 -170.000 -1.625
2 24 4.698 -169.500 -1.085 4.330 -169.500 -1.875
2 24 1.539 -170.000 -3.604 0.781 -170.000 -3.807
2 24 2.250 -170.000 -3.272 1.539 -170.000 -3.604
2 24 2.500 -169.500 -3.705 1.710 -169.500 -4.073
2 24 -4.435 0.000 1.385 -4.500 0.000 0.625
2 24 -2.893 0.000 -2.822 -3.447 0.000 -2.268
2 24 -3.447 0.000 -2.268 -3.897 0.000 -1.625
2 24 0.781 0.000 -3.807 0.000 0.000 -3.875
2 24 -4.244 0.000 2.122 -4.435 0.000 1.385
2 24 3.503 0.000 3.449 3.112 0.000 3.875
2 24 -3.897 0.000 -1.625 -4.229 0.000 -0.914
2 24 -4.229 0.000 -0.914 -4.432 0.000 -0.156
2 24 -4.432 0.000 -0.156 -4.500 0.000 0.625
2 24 -3.503 0.000 3.449 -3.930 0.000 2.817
2 24 3.930 0.000 2.817 3.503 0.000 3.449
2 24 4.244 0.000 2.122 3.930 0.000 2.817
2 24 2.893 0.000 -2.822 2.250 0.000 -3.272
2 24 4.435 0.000 1.385 4.244 0.000 2.122
2 24 3.447 0.000 -2.268 2.893 0.000 -2.822
2 24 2.250 0.000 -3.272 1.539 0.000 -3.604
2 24 4.500 0.000 0.625 4.435 0.000 1.385
2 24 3.897 0.000 -1.625 3.447 0.000 -2.268
2 24 4.500 0.000 0.625 4.432 0.000 -0.156
2 24 4.432 0.000 -0.156 4.229 0.000 -0.914
2 24 4.229 0.000 -0.914 3.897 0.000 -1.625
2 24 1.539 0.000 -3.604 0.781 0.000 -3.807
