0 FILE MX10-0036.dat
0 4mm D Shaft - 36mm
0 Name:  MX10-0036.dat
0 Author:  
0 BL_Item_No 10-0036
0 BFC CERTIFY CCW
3 16 13.875 0.000 13.112 14.125 -0.250 6.789 13.875 0.000 6.888
3 16 13.875 0.000 13.112 14.125 -0.250 13.211 14.125 -0.250 6.789
3 16 14.125 -0.250 13.211 14.375 -0.500 6.693 14.125 -0.250 6.789
3 16 14.125 -0.250 13.211 14.375 -0.500 13.307 14.375 -0.500 6.693
3 16 13.875 -90.000 6.888 14.125 -89.750 13.211 13.875 -90.000 13.112
3 16 13.875 -90.000 6.888 14.125 -89.750 6.789 14.125 -89.750 13.211
3 16 14.125 -89.750 6.789 14.375 -89.500 13.307 14.125 -89.750 13.211
3 16 14.125 -89.750 6.789 14.375 -89.500 6.693 14.375 -89.500 13.307
3 16 11.385 0.000 14.435 7.732 0.000 6.553 10.625 0.000 14.500
3 16 11.385 0.000 14.435 12.122 0.000 14.244 7.732 0.000 6.553
3 16 13.875 0.000 6.888 13.449 0.000 13.503 13.875 0.000 13.112
3 16 13.875 0.000 6.888 13.449 0.000 6.497 13.449 0.000 13.503
3 16 12.817 0.000 6.070 13.449 0.000 13.503 13.449 0.000 6.497
3 16 12.817 0.000 6.070 12.122 0.000 5.756 13.449 0.000 13.503
3 16 12.122 0.000 5.756 11.385 0.000 5.565 13.449 0.000 13.503
3 16 7.178 0.000 7.107 6.728 0.000 12.250 7.732 0.000 6.553
3 16 7.178 0.000 7.107 6.728 0.000 7.750 6.728 0.000 12.250
3 16 6.728 0.000 7.750 6.396 0.000 8.461 6.728 0.000 12.250
3 16 7.178 0.000 12.893 7.732 0.000 6.553 6.728 0.000 12.250
3 16 7.178 0.000 12.893 7.732 0.000 13.447 7.732 0.000 6.553
3 16 7.732 0.000 13.447 8.375 0.000 13.897 7.732 0.000 6.553
3 16 10.625 0.000 5.500 13.449 0.000 13.503 11.385 0.000 5.565
3 16 10.625 0.000 5.500 9.844 0.000 5.568 13.449 0.000 13.503
3 16 9.844 0.000 5.568 9.086 0.000 5.771 13.449 0.000 13.503
3 16 12.817 0.000 13.930 7.732 0.000 6.553 12.122 0.000 14.244
3 16 12.817 0.000 13.930 13.449 0.000 13.503 7.732 0.000 6.553
3 16 13.449 0.000 13.503 8.375 0.000 6.103 7.732 0.000 6.553
3 16 13.449 0.000 13.503 9.086 0.000 5.771 8.375 0.000 6.103
3 16 6.193 0.000 9.219 6.728 0.000 12.250 6.396 0.000 8.461
3 16 6.193 0.000 9.219 6.125 0.000 10.000 6.728 0.000 12.250
3 16 6.125 0.000 10.000 6.396 0.000 11.539 6.728 0.000 12.250
3 16 6.125 0.000 10.000 6.193 0.000 10.781 6.396 0.000 11.539
3 16 9.086 0.000 14.229 7.732 0.000 6.553 8.375 0.000 13.897
3 16 9.086 0.000 14.229 9.844 0.000 14.432 7.732 0.000 6.553
3 16 9.844 0.000 14.432 10.625 0.000 14.500 7.732 0.000 6.553
3 16 14.375 -89.500 13.307 14.375 -0.500 6.693 14.375 -0.500 13.307
3 16 14.375 -89.500 13.307 14.375 -89.500 6.693 14.375 -0.500 6.693
3 16 12.122 -90.000 5.756 7.732 -90.000 13.447 11.385 -90.000 5.565
3 16 13.875 -90.000 13.112 13.449 -90.000 6.497 13.875 -90.000 6.888
3 16 13.875 -90.000 13.112 13.449 -90.000 13.503 13.449 -90.000 6.497
3 16 12.817 -90.000 13.930 13.449 -90.000 6.497 13.449 -90.000 13.503
3 16 12.817 -90.000 13.930 12.122 -90.000 14.244 13.449 -90.000 6.497
3 16 12.122 -90.000 14.244 11.385 -90.000 14.435 13.449 -90.000 6.497
3 16 6.728 -90.000 12.250 6.396 -90.000 11.539 7.178 -90.000 12.893
3 16 8.375 -90.000 6.103 7.732 -90.000 13.447 7.732 -90.000 6.553
3 16 8.375 -90.000 6.103 9.086 -90.000 5.771 7.732 -90.000 13.447
3 16 10.625 -90.000 14.500 13.449 -90.000 6.497 11.385 -90.000 14.435
3 16 10.625 -90.000 14.500 9.844 -90.000 14.432 13.449 -90.000 6.497
3 16 9.844 -90.000 14.432 9.086 -90.000 14.229 13.449 -90.000 6.497
3 16 12.817 -90.000 6.070 7.732 -90.000 13.447 12.122 -90.000 5.756
3 16 12.817 -90.000 6.070 13.449 -90.000 6.497 7.732 -90.000 13.447
3 16 13.449 -90.000 6.497 8.375 -90.000 13.897 7.732 -90.000 13.447
3 16 13.449 -90.000 6.497 9.086 -90.000 14.229 8.375 -90.000 13.897
3 16 6.193 -90.000 10.781 7.178 -90.000 12.893 6.396 -90.000 11.539
3 16 6.193 -90.000 10.781 6.125 -90.000 10.000 7.178 -90.000 12.893
3 16 6.125 -90.000 10.000 6.193 -90.000 9.219 7.178 -90.000 12.893
3 16 6.396 -90.000 8.461 7.178 -90.000 12.893 6.193 -90.000 9.219
3 16 6.396 -90.000 8.461 6.728 -90.000 7.750 7.178 -90.000 12.893
3 16 6.728 -90.000 7.750 7.732 -90.000 13.447 7.178 -90.000 12.893
3 16 6.728 -90.000 7.750 7.178 -90.000 7.107 7.732 -90.000 13.447
3 16 7.178 -90.000 7.107 7.732 -90.000 6.553 7.732 -90.000 13.447
3 16 9.844 -90.000 5.568 7.732 -90.000 13.447 9.086 -90.000 5.771
3 16 9.844 -90.000 5.568 10.625 -90.000 5.500 7.732 -90.000 13.447
3 16 10.625 -90.000 5.500 11.385 -90.000 5.565 7.732 -90.000 13.447
3 16 14.375 -0.500 6.693 13.763 -0.500 6.107 14.125 -0.250 6.789
3 16 13.763 -0.500 6.107 13.875 0.000 6.888 14.125 -0.250 6.789
3 16 13.763 -0.500 6.107 13.449 0.000 6.497 13.875 0.000 6.888
3 16 13.763 -0.500 6.107 13.061 -0.500 5.633 13.449 0.000 6.497
3 16 13.061 -0.500 5.633 12.817 0.000 6.070 13.449 0.000 6.497
3 16 13.061 -0.500 5.633 12.289 -0.500 5.285 12.817 0.000 6.070
3 16 12.289 -0.500 5.285 12.122 0.000 5.756 12.817 0.000 6.070
3 16 12.289 -0.500 5.285 11.469 -0.500 5.072 12.122 0.000 5.756
3 16 11.469 -0.500 5.072 11.385 0.000 5.565 12.122 0.000 5.756
3 16 11.469 -0.500 5.072 10.625 -0.500 5.000 11.385 0.000 5.565
3 16 10.625 -0.500 5.000 10.625 0.000 5.500 11.385 0.000 5.565
3 16 14.375 -89.500 13.307 13.763 -89.500 13.893 14.125 -89.750 13.211
3 16 13.763 -89.500 13.893 13.875 -90.000 13.112 14.125 -89.750 13.211
3 16 13.763 -89.500 13.893 13.449 -90.000 13.503 13.875 -90.000 13.112
3 16 13.763 -89.500 13.893 13.061 -89.500 14.367 13.449 -90.000 13.503
3 16 13.061 -89.500 14.367 12.817 -90.000 13.930 13.449 -90.000 13.503
3 16 13.061 -89.500 14.367 12.289 -89.500 14.715 12.817 -90.000 13.930
3 16 12.289 -89.500 14.715 12.122 -90.000 14.244 12.817 -90.000 13.930
3 16 12.289 -89.500 14.715 11.469 -89.500 14.928 12.122 -90.000 14.244
3 16 11.469 -89.500 14.928 11.385 -90.000 14.435 12.122 -90.000 14.244
3 16 11.469 -89.500 14.928 10.625 -89.500 15.000 11.385 -90.000 14.435
3 16 10.625 -89.500 15.000 10.625 -90.000 14.500 11.385 -90.000 14.435
3 16 14.375 -89.500 6.693 13.763 -89.500 6.107 14.375 -0.500 6.693
3 16 13.763 -89.500 6.107 13.763 -0.500 6.107 14.375 -0.500 6.693
3 16 13.763 -89.500 6.107 13.061 -89.500 5.633 13.763 -0.500 6.107
3 16 13.061 -89.500 5.633 13.061 -0.500 5.633 13.763 -0.500 6.107
3 16 13.061 -89.500 5.633 12.289 -89.500 5.285 13.061 -0.500 5.633
3 16 12.289 -89.500 5.285 12.289 -0.500 5.285 13.061 -0.500 5.633
3 16 12.289 -89.500 5.285 11.469 -89.500 5.072 12.289 -0.500 5.285
3 16 11.469 -89.500 5.072 11.469 -0.500 5.072 12.289 -0.500 5.285
3 16 11.469 -89.500 5.072 10.625 -89.500 5.000 11.469 -0.500 5.072
3 16 10.625 -89.500 5.000 10.625 -0.500 5.000 11.469 -0.500 5.072
3 16 10.625 -0.500 5.000 9.757 -0.500 5.076 10.625 0.000 5.500
3 16 9.757 -0.500 5.076 9.844 0.000 5.568 10.625 0.000 5.500
3 16 9.757 -0.500 5.076 8.915 -0.500 5.302 9.844 0.000 5.568
3 16 8.915 -0.500 5.302 9.086 0.000 5.771 9.844 0.000 5.568
3 16 8.915 -0.500 5.302 8.125 -0.500 5.670 9.086 0.000 5.771
3 16 8.125 -0.500 5.670 8.375 0.000 6.103 9.086 0.000 5.771
3 16 8.125 -0.500 5.670 7.411 -0.500 6.170 8.375 0.000 6.103
3 16 7.411 -0.500 6.170 7.732 0.000 6.553 8.375 0.000 6.103
3 16 7.411 -0.500 6.170 6.795 -0.500 6.786 7.732 0.000 6.553
3 16 6.795 -0.500 6.786 7.178 0.000 7.107 7.732 0.000 6.553
3 16 6.795 -0.500 6.786 6.295 -0.500 7.500 7.178 0.000 7.107
3 16 6.295 -0.500 7.500 6.728 0.000 7.750 7.178 0.000 7.107
3 16 6.295 -0.500 7.500 5.927 -0.500 8.290 6.728 0.000 7.750
3 16 5.927 -0.500 8.290 6.396 0.000 8.461 6.728 0.000 7.750
3 16 5.927 -0.500 8.290 5.701 -0.500 9.132 6.396 0.000 8.461
3 16 5.701 -0.500 9.132 6.193 0.000 9.219 6.396 0.000 8.461
3 16 5.701 -0.500 9.132 5.625 -0.500 10.000 6.193 0.000 9.219
3 16 5.625 -0.500 10.000 6.125 0.000 10.000 6.193 0.000 9.219
3 16 5.625 -0.500 10.000 5.701 -0.500 10.868 6.125 0.000 10.000
3 16 5.701 -0.500 10.868 6.193 0.000 10.781 6.125 0.000 10.000
3 16 5.701 -0.500 10.868 5.927 -0.500 11.710 6.193 0.000 10.781
3 16 5.927 -0.500 11.710 6.396 0.000 11.539 6.193 0.000 10.781
3 16 5.927 -0.500 11.710 6.295 -0.500 12.500 6.396 0.000 11.539
3 16 6.295 -0.500 12.500 6.728 0.000 12.250 6.396 0.000 11.539
3 16 6.295 -0.500 12.500 6.795 -0.500 13.214 6.728 0.000 12.250
3 16 6.795 -0.500 13.214 7.178 0.000 12.893 6.728 0.000 12.250
3 16 6.795 -0.500 13.214 7.411 -0.500 13.830 7.178 0.000 12.893
3 16 7.411 -0.500 13.830 7.732 0.000 13.447 7.178 0.000 12.893
3 16 7.411 -0.500 13.830 8.125 -0.500 14.330 7.732 0.000 13.447
3 16 8.125 -0.500 14.330 8.375 0.000 13.897 7.732 0.000 13.447
3 16 8.125 -0.500 14.330 8.915 -0.500 14.698 8.375 0.000 13.897
3 16 8.915 -0.500 14.698 9.086 0.000 14.229 8.375 0.000 13.897
3 16 8.915 -0.500 14.698 9.757 -0.500 14.924 9.086 0.000 14.229
3 16 9.757 -0.500 14.924 9.844 0.000 14.432 9.086 0.000 14.229
3 16 9.757 -0.500 14.924 10.625 -0.500 15.000 9.844 0.000 14.432
3 16 10.625 -0.500 15.000 10.625 0.000 14.500 9.844 0.000 14.432
3 16 13.875 0.000 13.112 13.449 0.000 13.503 14.125 -0.250 13.211
3 16 14.375 -0.500 13.307 14.125 -0.250 13.211 13.763 -0.500 13.893
3 16 13.449 0.000 13.503 13.763 -0.500 13.893 14.125 -0.250 13.211
3 16 13.449 0.000 13.503 12.817 0.000 13.930 13.763 -0.500 13.893
3 16 12.817 0.000 13.930 13.061 -0.500 14.367 13.763 -0.500 13.893
3 16 12.817 0.000 13.930 12.122 0.000 14.244 13.061 -0.500 14.367
3 16 12.122 0.000 14.244 12.289 -0.500 14.715 13.061 -0.500 14.367
3 16 12.122 0.000 14.244 11.385 0.000 14.435 12.289 -0.500 14.715
3 16 11.385 0.000 14.435 11.469 -0.500 14.928 12.289 -0.500 14.715
3 16 11.385 0.000 14.435 10.625 0.000 14.500 11.469 -0.500 14.928
3 16 10.625 0.000 14.500 10.625 -0.500 15.000 11.469 -0.500 14.928
3 16 10.625 -89.500 15.000 9.757 -89.500 14.924 10.625 -90.000 14.500
3 16 9.757 -89.500 14.924 9.844 -90.000 14.432 10.625 -90.000 14.500
3 16 9.757 -89.500 14.924 8.915 -89.500 14.698 9.844 -90.000 14.432
3 16 8.915 -89.500 14.698 9.086 -90.000 14.229 9.844 -90.000 14.432
3 16 8.915 -89.500 14.698 8.125 -89.500 14.330 9.086 -90.000 14.229
3 16 8.125 -89.500 14.330 8.375 -90.000 13.897 9.086 -90.000 14.229
3 16 8.125 -89.500 14.330 7.411 -89.500 13.830 8.375 -90.000 13.897
3 16 7.411 -89.500 13.830 7.732 -90.000 13.447 8.375 -90.000 13.897
3 16 7.411 -89.500 13.830 6.795 -89.500 13.214 7.732 -90.000 13.447
3 16 6.795 -89.500 13.214 7.178 -90.000 12.893 7.732 -90.000 13.447
3 16 6.795 -89.500 13.214 6.295 -89.500 12.500 7.178 -90.000 12.893
3 16 6.295 -89.500 12.500 6.728 -90.000 12.250 7.178 -90.000 12.893
3 16 6.295 -89.500 12.500 5.927 -89.500 11.710 6.728 -90.000 12.250
3 16 5.927 -89.500 11.710 6.396 -90.000 11.539 6.728 -90.000 12.250
3 16 5.927 -89.500 11.710 5.701 -89.500 10.868 6.396 -90.000 11.539
3 16 5.701 -89.500 10.868 6.193 -90.000 10.781 6.396 -90.000 11.539
3 16 5.701 -89.500 10.868 5.625 -89.500 10.000 6.193 -90.000 10.781
3 16 5.625 -89.500 10.000 6.125 -90.000 10.000 6.193 -90.000 10.781
3 16 5.625 -89.500 10.000 5.701 -89.500 9.132 6.125 -90.000 10.000
3 16 5.701 -89.500 9.132 6.193 -90.000 9.219 6.125 -90.000 10.000
3 16 5.701 -89.500 9.132 5.927 -89.500 8.290 6.193 -90.000 9.219
3 16 5.927 -89.500 8.290 6.396 -90.000 8.461 6.193 -90.000 9.219
3 16 5.927 -89.500 8.290 6.295 -89.500 7.500 6.396 -90.000 8.461
3 16 6.295 -89.500 7.500 6.728 -90.000 7.750 6.396 -90.000 8.461
3 16 6.295 -89.500 7.500 6.795 -89.500 6.786 6.728 -90.000 7.750
3 16 6.795 -89.500 6.786 7.178 -90.000 7.107 6.728 -90.000 7.750
3 16 6.795 -89.500 6.786 7.411 -89.500 6.170 7.178 -90.000 7.107
3 16 7.411 -89.500 6.170 7.732 -90.000 6.553 7.178 -90.000 7.107
3 16 7.411 -89.500 6.170 8.125 -89.500 5.670 7.732 -90.000 6.553
3 16 8.125 -89.500 5.670 8.375 -90.000 6.103 7.732 -90.000 6.553
3 16 8.125 -89.500 5.670 8.915 -89.500 5.302 8.375 -90.000 6.103
3 16 8.915 -89.500 5.302 9.086 -90.000 5.771 8.375 -90.000 6.103
3 16 8.915 -89.500 5.302 9.757 -89.500 5.076 9.086 -90.000 5.771
3 16 9.757 -89.500 5.076 9.844 -90.000 5.568 9.086 -90.000 5.771
3 16 9.757 -89.500 5.076 10.625 -89.500 5.000 9.844 -90.000 5.568
3 16 10.625 -89.500 5.000 10.625 -90.000 5.500 9.844 -90.000 5.568
3 16 13.875 -90.000 6.888 13.449 -90.000 6.497 14.125 -89.750 6.789
3 16 14.375 -89.500 6.693 14.125 -89.750 6.789 13.763 -89.500 6.107
3 16 13.449 -90.000 6.497 13.763 -89.500 6.107 14.125 -89.750 6.789
3 16 13.449 -90.000 6.497 12.817 -90.000 6.070 13.763 -89.500 6.107
3 16 12.817 -90.000 6.070 13.061 -89.500 5.633 13.763 -89.500 6.107
3 16 12.817 -90.000 6.070 12.122 -90.000 5.756 13.061 -89.500 5.633
3 16 12.122 -90.000 5.756 12.289 -89.500 5.285 13.061 -89.500 5.633
3 16 12.122 -90.000 5.756 11.385 -90.000 5.565 12.289 -89.500 5.285
3 16 11.385 -90.000 5.565 11.469 -89.500 5.072 12.289 -89.500 5.285
3 16 11.385 -90.000 5.565 10.625 -90.000 5.500 11.469 -89.500 5.072
3 16 10.625 -90.000 5.500 10.625 -89.500 5.000 11.469 -89.500 5.072
3 16 10.625 -89.500 5.000 9.757 -89.500 5.076 10.625 -0.500 5.000
3 16 9.757 -89.500 5.076 9.757 -0.500 5.076 10.625 -0.500 5.000
3 16 9.757 -89.500 5.076 8.915 -89.500 5.302 9.757 -0.500 5.076
3 16 8.915 -89.500 5.302 8.915 -0.500 5.302 9.757 -0.500 5.076
3 16 8.915 -89.500 5.302 8.125 -89.500 5.670 8.915 -0.500 5.302
3 16 8.125 -89.500 5.670 8.125 -0.500 5.670 8.915 -0.500 5.302
3 16 8.125 -89.500 5.670 7.411 -89.500 6.170 8.125 -0.500 5.670
3 16 7.411 -89.500 6.170 7.411 -0.500 6.170 8.125 -0.500 5.670
3 16 7.411 -89.500 6.170 6.795 -89.500 6.786 7.411 -0.500 6.170
3 16 6.795 -89.500 6.786 6.795 -0.500 6.786 7.411 -0.500 6.170
3 16 6.795 -89.500 6.786 6.295 -89.500 7.500 6.795 -0.500 6.786
3 16 6.295 -89.500 7.500 6.295 -0.500 7.500 6.795 -0.500 6.786
3 16 6.295 -89.500 7.500 5.927 -89.500 8.290 6.295 -0.500 7.500
3 16 5.927 -89.500 8.290 5.927 -0.500 8.290 6.295 -0.500 7.500
3 16 5.927 -89.500 8.290 5.701 -89.500 9.132 5.927 -0.500 8.290
3 16 5.701 -89.500 9.132 5.701 -0.500 9.132 5.927 -0.500 8.290
3 16 5.701 -89.500 9.132 5.625 -89.500 10.000 5.701 -0.500 9.132
3 16 5.625 -89.500 10.000 5.625 -0.500 10.000 5.701 -0.500 9.132
3 16 5.625 -89.500 10.000 5.701 -89.500 10.868 5.625 -0.500 10.000
3 16 5.701 -89.500 10.868 5.701 -0.500 10.868 5.625 -0.500 10.000
3 16 5.701 -89.500 10.868 5.927 -89.500 11.710 5.701 -0.500 10.868
3 16 5.927 -89.500 11.710 5.927 -0.500 11.710 5.701 -0.500 10.868
3 16 5.927 -89.500 11.710 6.295 -89.500 12.500 5.927 -0.500 11.710
3 16 6.295 -89.500 12.500 6.295 -0.500 12.500 5.927 -0.500 11.710
3 16 6.295 -89.500 12.500 6.795 -89.500 13.214 6.295 -0.500 12.500
3 16 6.795 -89.500 13.214 6.795 -0.500 13.214 6.295 -0.500 12.500
3 16 6.795 -89.500 13.214 7.411 -89.500 13.830 6.795 -0.500 13.214
3 16 7.411 -89.500 13.830 7.411 -0.500 13.830 6.795 -0.500 13.214
3 16 7.411 -89.500 13.830 8.125 -89.500 14.330 7.411 -0.500 13.830
3 16 8.125 -89.500 14.330 8.125 -0.500 14.330 7.411 -0.500 13.830
3 16 8.125 -89.500 14.330 8.915 -89.500 14.698 8.125 -0.500 14.330
3 16 8.915 -89.500 14.698 8.915 -0.500 14.698 8.125 -0.500 14.330
3 16 8.915 -89.500 14.698 9.757 -89.500 14.924 8.915 -0.500 14.698
3 16 9.757 -89.500 14.924 9.757 -0.500 14.924 8.915 -0.500 14.698
3 16 9.757 -89.500 14.924 10.625 -89.500 15.000 9.757 -0.500 14.924
3 16 10.625 -89.500 15.000 10.625 -0.500 15.000 9.757 -0.500 14.924
3 16 10.625 -89.500 15.000 11.469 -89.500 14.928 10.625 -0.500 15.000
3 16 11.469 -89.500 14.928 11.469 -0.500 14.928 10.625 -0.500 15.000
3 16 11.469 -89.500 14.928 12.289 -89.500 14.715 11.469 -0.500 14.928
3 16 12.289 -89.500 14.715 12.289 -0.500 14.715 11.469 -0.500 14.928
3 16 12.289 -89.500 14.715 13.061 -89.500 14.367 12.289 -0.500 14.715
3 16 13.061 -89.500 14.367 13.061 -0.500 14.367 12.289 -0.500 14.715
3 16 13.061 -89.500 14.367 13.763 -89.500 13.893 13.061 -0.500 14.367
3 16 13.763 -89.500 13.893 13.763 -0.500 13.893 13.061 -0.500 14.367
3 16 13.763 -89.500 13.893 14.375 -89.500 13.307 13.763 -0.500 13.893
3 16 14.375 -89.500 13.307 14.375 -0.500 13.307 13.763 -0.500 13.893
2 24 13.875 0.000 13.112 13.875 0.000 6.888
2 24 14.375 -0.500 13.307 14.375 -0.500 6.693
2 24 6.193 -90.000 9.219 6.396 -90.000 8.461
2 24 6.396 -90.000 8.461 6.728 -90.000 7.750
2 24 13.875 -90.000 13.112 13.875 -90.000 6.888
2 24 14.375 -89.500 13.307 14.375 -89.500 6.693
2 24 13.875 -90.000 6.888 13.449 -90.000 6.497
2 24 12.817 -90.000 6.070 12.122 -90.000 5.756
2 24 6.125 -90.000 10.000 6.193 -90.000 9.219
2 24 6.728 -90.000 7.750 7.178 -90.000 7.107
2 24 6.396 0.000 8.461 6.728 0.000 7.750
2 24 6.193 0.000 9.219 6.396 0.000 8.461
2 24 6.295 -0.500 7.500 6.795 -0.500 6.786
2 24 5.927 -0.500 8.290 6.295 -0.500 7.500
2 24 5.701 -0.500 9.132 5.927 -0.500 8.290
2 24 12.817 0.000 6.070 12.122 0.000 5.756
2 24 6.728 0.000 7.750 7.178 0.000 7.107
2 24 6.125 0.000 10.000 6.193 0.000 9.219
2 24 6.795 -0.500 6.786 7.411 -0.500 6.170
2 24 5.625 -0.500 10.000 5.701 -0.500 9.132
2 24 10.625 0.000 14.500 11.385 0.000 14.435
2 24 8.375 0.000 13.897 7.732 0.000 13.447
2 24 10.625 -0.500 15.000 11.469 -0.500 14.928
2 24 7.178 0.000 7.107 7.732 0.000 6.553
2 24 12.289 -0.500 5.285 11.469 -0.500 5.072
2 24 7.411 -0.500 6.170 8.125 -0.500 5.670
2 24 11.385 0.000 14.435 12.122 0.000 14.244
2 24 7.732 0.000 13.447 7.178 0.000 12.893
2 24 7.411 -0.500 13.830 6.795 -0.500 13.214
2 24 11.469 -0.500 14.928 12.289 -0.500 14.715
2 24 13.449 0.000 13.503 13.875 0.000 13.112
2 24 12.122 0.000 5.756 11.385 0.000 5.565
2 24 7.732 0.000 6.553 8.375 0.000 6.103
2 24 8.375 0.000 6.103 9.086 0.000 5.771
2 24 6.193 0.000 10.781 6.125 0.000 10.000
2 24 8.915 -0.500 5.302 9.757 -0.500 5.076
2 24 5.701 -0.500 10.868 5.625 -0.500 10.000
2 24 13.875 0.000 6.888 13.449 0.000 6.497
2 24 13.763 -0.500 6.107 13.061 -0.500 5.633
2 24 13.449 0.000 6.497 12.817 0.000 6.070
2 24 9.844 0.000 5.568 10.625 0.000 5.500
2 24 9.086 0.000 5.771 9.844 0.000 5.568
2 24 11.469 -0.500 5.072 10.625 -0.500 5.000
2 24 13.061 -0.500 5.633 12.289 -0.500 5.285
2 24 9.757 -0.500 5.076 10.625 -0.500 5.000
2 24 8.125 -0.500 5.670 8.915 -0.500 5.302
2 24 7.178 0.000 12.893 6.728 0.000 12.250
2 24 12.122 0.000 14.244 12.817 0.000 13.930
2 24 6.795 -0.500 13.214 6.295 -0.500 12.500
2 24 8.125 -0.500 14.330 7.411 -0.500 13.830
2 24 11.385 0.000 5.565 10.625 0.000 5.500
2 24 5.927 -0.500 11.710 5.701 -0.500 10.868
2 24 12.289 -0.500 14.715 13.061 -0.500 14.367
2 24 12.817 0.000 13.930 13.449 0.000 13.503
2 24 13.061 -0.500 14.367 13.763 -0.500 13.893
2 24 6.396 0.000 11.539 6.193 0.000 10.781
2 24 6.728 0.000 12.250 6.396 0.000 11.539
2 24 6.295 -0.500 12.500 5.927 -0.500 11.710
2 24 9.086 0.000 14.229 8.375 0.000 13.897
2 24 8.915 -0.500 14.698 8.125 -0.500 14.330
2 24 9.844 0.000 14.432 9.086 0.000 14.229
2 24 10.625 0.000 14.500 9.844 0.000 14.432
2 24 9.757 -0.500 14.924 8.915 -0.500 14.698
2 24 10.625 -0.500 15.000 9.757 -0.500 14.924
2 24 11.385 -90.000 5.565 10.625 -90.000 5.500
2 24 12.817 -90.000 13.930 13.449 -90.000 13.503
2 24 7.178 -90.000 7.107 7.732 -90.000 6.553
2 24 7.732 -90.000 6.553 8.375 -90.000 6.103
2 24 6.193 -90.000 10.781 6.125 -90.000 10.000
2 24 13.449 -90.000 6.497 12.817 -90.000 6.070
2 24 12.122 -90.000 5.756 11.385 -90.000 5.565
2 24 13.449 -90.000 13.503 13.875 -90.000 13.112
2 24 8.375 -90.000 6.103 9.086 -90.000 5.771
2 24 9.086 -90.000 5.771 9.844 -90.000 5.568
2 24 9.844 -90.000 5.568 10.625 -90.000 5.500
2 24 12.122 -90.000 14.244 12.817 -90.000 13.930
2 24 7.178 -90.000 12.893 6.728 -90.000 12.250
2 24 11.385 -90.000 14.435 12.122 -90.000 14.244
2 24 7.732 -90.000 13.447 7.178 -90.000 12.893
2 24 6.728 -90.000 12.250 6.396 -90.000 11.539
2 24 10.625 -90.000 14.500 11.385 -90.000 14.435
2 24 8.375 -90.000 13.897 7.732 -90.000 13.447
2 24 10.625 -90.000 14.500 9.844 -90.000 14.432
2 24 9.844 -90.000 14.432 9.086 -90.000 14.229
2 24 9.086 -90.000 14.229 8.375 -90.000 13.897
2 24 6.396 -90.000 11.539 6.193 -90.000 10.781
