0 FILE MX10-0132.dat
0 4mm D Shaft - 132mm
0 Name:  MX10-0132.dat
0 Author:  
0 BL_Item_No 10-0132
0 BFC CERTIFY CCW
3 16 13.112 0.000 -33.875 6.693 -0.500 -34.375 6.888 0.000 -33.875
3 16 13.112 0.000 -33.875 13.307 -0.500 -34.375 6.693 -0.500 -34.375
3 16 13.112 -330.000 -33.875 6.693 -329.500 -34.375 13.307 -329.500 -34.375
3 16 13.112 -330.000 -33.875 6.888 -330.000 -33.875 6.693 -329.500 -34.375
3 16 6.888 0.000 -33.875 13.418 0.000 -33.552 13.112 0.000 -33.875
3 16 6.888 0.000 -33.875 6.582 0.000 -33.552 13.418 0.000 -33.552
3 16 7.493 0.000 -26.888 13.418 0.000 -33.552 6.901 0.000 -27.362
3 16 7.493 0.000 -26.888 8.157 0.000 -26.520 13.418 0.000 -33.552
3 16 8.157 0.000 -26.520 8.873 0.000 -26.269 13.418 0.000 -33.552
3 16 10.379 0.000 -26.141 11.127 0.000 -26.269 14.194 0.000 -32.255
3 16 6.139 0.000 -32.936 13.418 0.000 -33.552 6.582 0.000 -33.552
3 16 6.139 0.000 -32.936 5.806 0.000 -32.255 13.418 0.000 -33.552
3 16 5.806 0.000 -32.255 5.591 0.000 -31.527 13.418 0.000 -33.552
3 16 5.502 0.000 -30.773 13.418 0.000 -33.552 5.591 0.000 -31.527
3 16 5.502 0.000 -30.773 5.541 0.000 -30.016 13.418 0.000 -33.552
3 16 5.541 0.000 -30.016 5.707 0.000 -29.275 13.418 0.000 -33.552
3 16 13.861 0.000 -32.936 10.379 0.000 -26.141 14.194 0.000 -32.255
3 16 13.861 0.000 -32.936 13.418 0.000 -33.552 10.379 0.000 -26.141
3 16 13.418 0.000 -33.552 9.621 0.000 -26.141 10.379 0.000 -26.141
3 16 13.418 0.000 -33.552 8.873 0.000 -26.269 9.621 0.000 -26.141
3 16 5.995 0.000 -28.573 13.418 0.000 -33.552 5.707 0.000 -29.275
3 16 5.995 0.000 -28.573 6.397 0.000 -27.929 13.418 0.000 -33.552
3 16 6.397 0.000 -27.929 6.901 0.000 -27.362 13.418 0.000 -33.552
3 16 14.005 0.000 -28.573 13.099 0.000 -27.362 13.603 0.000 -27.929
3 16 14.005 0.000 -28.573 12.507 0.000 -26.888 13.099 0.000 -27.362
3 16 14.293 0.000 -29.275 12.507 0.000 -26.888 14.005 0.000 -28.573
3 16 14.293 0.000 -29.275 14.459 0.000 -30.016 12.507 0.000 -26.888
3 16 14.459 0.000 -30.016 14.498 0.000 -30.773 12.507 0.000 -26.888
3 16 11.843 0.000 -26.520 14.194 0.000 -32.255 11.127 0.000 -26.269
3 16 11.843 0.000 -26.520 12.507 0.000 -26.888 14.194 0.000 -32.255
3 16 12.507 0.000 -26.888 14.409 0.000 -31.527 14.194 0.000 -32.255
3 16 12.507 0.000 -26.888 14.498 0.000 -30.773 14.409 0.000 -31.527
3 16 13.307 -329.500 -34.375 6.693 -0.500 -34.375 13.307 -0.500 -34.375
3 16 13.307 -329.500 -34.375 6.693 -329.500 -34.375 6.693 -0.500 -34.375
3 16 9.621 -330.000 -26.141 8.873 -330.000 -26.269 10.379 -330.000 -26.141
3 16 5.995 -330.000 -28.573 13.418 -330.000 -33.552 6.397 -330.000 -27.929
3 16 5.995 -330.000 -28.573 5.707 -330.000 -29.275 13.418 -330.000 -33.552
3 16 5.707 -330.000 -29.275 5.541 -330.000 -30.016 13.418 -330.000 -33.552
3 16 14.005 -330.000 -28.573 6.397 -330.000 -27.929 14.293 -330.000 -29.275
3 16 14.005 -330.000 -28.573 13.603 -330.000 -27.929 6.397 -330.000 -27.929
3 16 13.603 -330.000 -27.929 13.099 -330.000 -27.362 6.397 -330.000 -27.929
3 16 8.873 -330.000 -26.269 11.127 -330.000 -26.269 10.379 -330.000 -26.141
3 16 13.861 -330.000 -32.936 6.397 -330.000 -27.929 13.418 -330.000 -33.552
3 16 13.861 -330.000 -32.936 14.194 -330.000 -32.255 6.397 -330.000 -27.929
3 16 14.194 -330.000 -32.255 14.409 -330.000 -31.527 6.397 -330.000 -27.929
3 16 12.507 -330.000 -26.888 6.397 -330.000 -27.929 13.099 -330.000 -27.362
3 16 12.507 -330.000 -26.888 11.843 -330.000 -26.520 6.397 -330.000 -27.929
3 16 11.843 -330.000 -26.520 6.901 -330.000 -27.362 6.397 -330.000 -27.929
3 16 11.843 -330.000 -26.520 7.493 -330.000 -26.888 6.901 -330.000 -27.362
3 16 5.502 -330.000 -30.773 13.418 -330.000 -33.552 5.541 -330.000 -30.016
3 16 5.502 -330.000 -30.773 5.591 -330.000 -31.527 13.418 -330.000 -33.552
3 16 5.591 -330.000 -31.527 5.806 -330.000 -32.255 13.418 -330.000 -33.552
3 16 14.498 -330.000 -30.773 6.397 -330.000 -27.929 14.409 -330.000 -31.527
3 16 14.498 -330.000 -30.773 14.459 -330.000 -30.016 6.397 -330.000 -27.929
3 16 14.459 -330.000 -30.016 14.293 -330.000 -29.275 6.397 -330.000 -27.929
3 16 8.873 -330.000 -26.269 11.843 -330.000 -26.520 11.127 -330.000 -26.269
3 16 8.873 -330.000 -26.269 8.157 -330.000 -26.520 11.843 -330.000 -26.520
3 16 8.157 -330.000 -26.520 7.493 -330.000 -26.888 11.843 -330.000 -26.520
3 16 13.112 -330.000 -33.875 6.582 -330.000 -33.552 6.888 -330.000 -33.875
3 16 13.112 -330.000 -33.875 13.418 -330.000 -33.552 6.582 -330.000 -33.552
3 16 13.418 -330.000 -33.552 6.139 -330.000 -32.936 6.582 -330.000 -33.552
3 16 13.418 -330.000 -33.552 5.806 -330.000 -32.255 6.139 -330.000 -32.936
3 16 6.888 0.000 -33.875 6.693 -0.500 -34.375 6.582 0.000 -33.552
3 16 6.203 -0.500 -33.878 6.582 0.000 -33.552 6.693 -0.500 -34.375
3 16 6.203 -0.500 -33.878 6.097 -0.500 -33.751 6.582 0.000 -33.552
3 16 6.097 -0.500 -33.751 6.139 0.000 -32.936 6.582 0.000 -33.552
3 16 5.710 -0.500 -33.193 6.139 0.000 -32.936 6.097 -0.500 -33.751
3 16 5.710 -0.500 -33.193 5.618 -0.500 -33.033 6.139 0.000 -32.936
3 16 5.618 -0.500 -33.033 5.806 0.000 -32.255 6.139 0.000 -32.936
3 16 5.340 -0.500 -32.436 5.806 0.000 -32.255 5.618 -0.500 -33.033
3 16 5.340 -0.500 -32.436 5.269 -0.500 -32.244 5.806 0.000 -32.255
3 16 5.269 -0.500 -32.244 5.591 0.000 -31.527 5.806 0.000 -32.255
3 16 5.101 -0.500 -31.627 5.591 0.000 -31.527 5.269 -0.500 -32.244
3 16 5.101 -0.500 -31.627 5.061 -0.500 -31.407 5.591 0.000 -31.527
3 16 5.061 -0.500 -31.407 5.502 0.000 -30.773 5.591 0.000 -31.527
3 16 5.003 -0.500 -30.790 5.502 0.000 -30.773 5.061 -0.500 -31.407
3 16 5.003 -0.500 -30.790 5.001 -0.500 -30.546 5.502 0.000 -30.773
3 16 5.001 -0.500 -30.546 5.541 0.000 -30.016 5.502 0.000 -30.773
3 16 5.046 -0.500 -29.948 5.541 0.000 -30.016 5.001 -0.500 -30.546
3 16 5.046 -0.500 -29.948 5.089 -0.500 -29.688 5.541 0.000 -30.016
3 16 5.089 -0.500 -29.688 5.707 0.000 -29.275 5.541 0.000 -30.016
3 16 5.230 -0.500 -29.125 5.707 0.000 -29.275 5.089 -0.500 -29.688
3 16 5.230 -0.500 -29.125 5.323 -0.500 -28.857 5.707 0.000 -29.275
3 16 5.323 -0.500 -28.857 5.995 0.000 -28.573 5.707 0.000 -29.275
3 16 5.550 -0.500 -28.345 5.995 0.000 -28.573 5.323 -0.500 -28.857
3 16 5.550 -0.500 -28.345 5.696 -0.500 -28.079 5.995 0.000 -28.573
3 16 5.696 -0.500 -28.079 6.397 0.000 -27.929 5.995 0.000 -28.573
3 16 5.996 -0.500 -27.630 6.397 0.000 -27.929 5.696 -0.500 -28.079
3 16 5.996 -0.500 -27.630 6.198 -0.500 -27.378 6.397 0.000 -27.929
3 16 6.198 -0.500 -27.378 6.901 0.000 -27.362 6.397 0.000 -27.929
3 16 6.557 -0.500 -27.000 6.901 0.000 -27.362 6.198 -0.500 -27.378
3 16 6.557 -0.500 -27.000 6.813 -0.500 -26.772 6.901 0.000 -27.362
3 16 6.813 -0.500 -26.772 7.493 0.000 -26.888 6.901 0.000 -27.362
3 16 7.215 -0.500 -26.473 7.493 0.000 -26.888 6.813 -0.500 -26.772
3 16 7.215 -0.500 -26.473 7.523 -0.500 -26.282 7.493 0.000 -26.888
3 16 7.523 -0.500 -26.282 8.157 0.000 -26.520 7.493 0.000 -26.888
3 16 7.952 -0.500 -26.064 8.157 0.000 -26.520 7.523 -0.500 -26.282
3 16 7.952 -0.500 -26.064 8.306 -0.500 -25.921 8.157 0.000 -26.520
3 16 8.306 -0.500 -25.921 8.873 0.000 -26.269 8.157 0.000 -26.520
3 16 8.747 -0.500 -25.784 8.873 0.000 -26.269 8.306 -0.500 -25.921
3 16 8.747 -0.500 -25.784 9.140 -0.500 -25.699 8.873 0.000 -26.269
3 16 9.140 -0.500 -25.699 9.621 0.000 -26.141 8.873 0.000 -26.269
3 16 9.578 -0.500 -25.643 9.621 0.000 -26.141 9.140 -0.500 -25.699
3 16 9.578 -0.500 -25.643 10.000 -0.500 -25.625 9.621 0.000 -26.141
3 16 10.000 -0.500 -25.625 10.379 0.000 -26.141 9.621 0.000 -26.141
3 16 10.422 -0.500 -25.643 10.379 0.000 -26.141 10.000 -0.500 -25.625
3 16 10.422 -0.500 -25.643 10.860 -0.500 -25.699 10.379 0.000 -26.141
3 16 10.860 -0.500 -25.699 11.127 0.000 -26.269 10.379 0.000 -26.141
3 16 11.253 -0.500 -25.784 11.127 0.000 -26.269 10.860 -0.500 -25.699
3 16 11.253 -0.500 -25.784 11.694 -0.500 -25.921 11.127 0.000 -26.269
3 16 11.694 -0.500 -25.921 11.843 0.000 -26.520 11.127 0.000 -26.269
3 16 12.048 -0.500 -26.064 11.843 0.000 -26.520 11.694 -0.500 -25.921
3 16 12.048 -0.500 -26.064 12.477 -0.500 -26.282 11.843 0.000 -26.520
3 16 12.477 -0.500 -26.282 12.507 0.000 -26.888 11.843 0.000 -26.520
3 16 12.785 -0.500 -26.473 12.507 0.000 -26.888 12.477 -0.500 -26.282
3 16 12.785 -0.500 -26.473 13.187 -0.500 -26.772 12.507 0.000 -26.888
3 16 13.187 -0.500 -26.772 13.099 0.000 -27.362 12.507 0.000 -26.888
3 16 13.443 -0.500 -27.000 13.099 0.000 -27.362 13.187 -0.500 -26.772
3 16 13.443 -0.500 -27.000 13.802 -0.500 -27.378 13.099 0.000 -27.362
3 16 13.802 -0.500 -27.378 13.603 0.000 -27.929 13.099 0.000 -27.362
3 16 14.004 -0.500 -27.630 13.603 0.000 -27.929 13.802 -0.500 -27.378
3 16 14.004 -0.500 -27.630 14.304 -0.500 -28.079 13.603 0.000 -27.929
3 16 14.304 -0.500 -28.079 14.005 0.000 -28.573 13.603 0.000 -27.929
3 16 14.450 -0.500 -28.345 14.005 0.000 -28.573 14.304 -0.500 -28.079
3 16 14.450 -0.500 -28.345 14.677 -0.500 -28.857 14.005 0.000 -28.573
3 16 14.677 -0.500 -28.857 14.293 0.000 -29.275 14.005 0.000 -28.573
3 16 14.770 -0.500 -29.125 14.293 0.000 -29.275 14.677 -0.500 -28.857
3 16 14.770 -0.500 -29.125 14.911 -0.500 -29.688 14.293 0.000 -29.275
3 16 14.911 -0.500 -29.688 14.459 0.000 -30.016 14.293 0.000 -29.275
3 16 14.954 -0.500 -29.948 14.459 0.000 -30.016 14.911 -0.500 -29.688
3 16 14.954 -0.500 -29.948 14.999 -0.500 -30.546 14.459 0.000 -30.016
3 16 14.999 -0.500 -30.546 14.498 0.000 -30.773 14.459 0.000 -30.016
3 16 14.997 -0.500 -30.790 14.498 0.000 -30.773 14.999 -0.500 -30.546
3 16 14.997 -0.500 -30.790 14.939 -0.500 -31.407 14.498 0.000 -30.773
3 16 14.939 -0.500 -31.407 14.409 0.000 -31.527 14.498 0.000 -30.773
3 16 14.899 -0.500 -31.627 14.409 0.000 -31.527 14.939 -0.500 -31.407
3 16 14.899 -0.500 -31.627 14.731 -0.500 -32.244 14.409 0.000 -31.527
3 16 14.731 -0.500 -32.244 14.194 0.000 -32.255 14.409 0.000 -31.527
3 16 14.661 -0.500 -32.436 14.194 0.000 -32.255 14.731 -0.500 -32.244
3 16 14.661 -0.500 -32.436 14.382 -0.500 -33.033 14.194 0.000 -32.255
3 16 14.382 -0.500 -33.033 13.861 0.000 -32.936 14.194 0.000 -32.255
3 16 13.112 0.000 -33.875 13.797 -0.500 -33.878 13.307 -0.500 -34.375
3 16 13.112 0.000 -33.875 13.418 0.000 -33.552 13.797 -0.500 -33.878
3 16 13.418 0.000 -33.552 13.903 -0.500 -33.751 13.797 -0.500 -33.878
3 16 13.418 0.000 -33.552 13.861 0.000 -32.936 13.903 -0.500 -33.751
3 16 13.861 0.000 -32.936 14.290 -0.500 -33.193 13.903 -0.500 -33.751
3 16 13.861 0.000 -32.936 14.382 -0.500 -33.033 14.290 -0.500 -33.193
3 16 13.112 -330.000 -33.875 13.307 -329.500 -34.375 13.418 -330.000 -33.552
3 16 13.797 -329.500 -33.878 13.418 -330.000 -33.552 13.307 -329.500 -34.375
3 16 13.797 -329.500 -33.878 13.903 -329.500 -33.751 13.418 -330.000 -33.552
3 16 13.903 -329.500 -33.751 13.861 -330.000 -32.936 13.418 -330.000 -33.552
3 16 14.290 -329.500 -33.193 13.861 -330.000 -32.936 13.903 -329.500 -33.751
3 16 14.290 -329.500 -33.193 14.382 -329.500 -33.033 13.861 -330.000 -32.936
3 16 14.382 -329.500 -33.033 14.194 -330.000 -32.255 13.861 -330.000 -32.936
3 16 14.661 -329.500 -32.436 14.194 -330.000 -32.255 14.382 -329.500 -33.033
3 16 14.661 -329.500 -32.436 14.731 -329.500 -32.244 14.194 -330.000 -32.255
3 16 14.731 -329.500 -32.244 14.409 -330.000 -31.527 14.194 -330.000 -32.255
3 16 14.899 -329.500 -31.627 14.409 -330.000 -31.527 14.731 -329.500 -32.244
3 16 14.899 -329.500 -31.627 14.939 -329.500 -31.407 14.409 -330.000 -31.527
3 16 14.939 -329.500 -31.407 14.498 -330.000 -30.773 14.409 -330.000 -31.527
3 16 14.997 -329.500 -30.790 14.498 -330.000 -30.773 14.939 -329.500 -31.407
3 16 14.997 -329.500 -30.790 14.999 -329.500 -30.546 14.498 -330.000 -30.773
3 16 14.999 -329.500 -30.546 14.459 -330.000 -30.016 14.498 -330.000 -30.773
3 16 14.954 -329.500 -29.948 14.459 -330.000 -30.016 14.999 -329.500 -30.546
3 16 14.954 -329.500 -29.948 14.911 -329.500 -29.688 14.459 -330.000 -30.016
3 16 14.911 -329.500 -29.688 14.293 -330.000 -29.275 14.459 -330.000 -30.016
3 16 14.770 -329.500 -29.125 14.293 -330.000 -29.275 14.911 -329.500 -29.688
3 16 14.770 -329.500 -29.125 14.677 -329.500 -28.857 14.293 -330.000 -29.275
3 16 14.677 -329.500 -28.857 14.005 -330.000 -28.573 14.293 -330.000 -29.275
3 16 14.450 -329.500 -28.345 14.005 -330.000 -28.573 14.677 -329.500 -28.857
3 16 14.450 -329.500 -28.345 14.304 -329.500 -28.079 14.005 -330.000 -28.573
3 16 14.304 -329.500 -28.079 13.603 -330.000 -27.929 14.005 -330.000 -28.573
3 16 14.004 -329.500 -27.630 13.603 -330.000 -27.929 14.304 -329.500 -28.079
3 16 14.004 -329.500 -27.630 13.802 -329.500 -27.378 13.603 -330.000 -27.929
3 16 13.802 -329.500 -27.378 13.099 -330.000 -27.362 13.603 -330.000 -27.929
3 16 13.443 -329.500 -27.000 13.099 -330.000 -27.362 13.802 -329.500 -27.378
3 16 13.443 -329.500 -27.000 13.187 -329.500 -26.772 13.099 -330.000 -27.362
3 16 13.187 -329.500 -26.772 12.507 -330.000 -26.888 13.099 -330.000 -27.362
3 16 12.785 -329.500 -26.473 12.507 -330.000 -26.888 13.187 -329.500 -26.772
3 16 12.785 -329.500 -26.473 12.477 -329.500 -26.282 12.507 -330.000 -26.888
3 16 12.477 -329.500 -26.282 11.843 -330.000 -26.520 12.507 -330.000 -26.888
3 16 12.048 -329.500 -26.064 11.843 -330.000 -26.520 12.477 -329.500 -26.282
3 16 12.048 -329.500 -26.064 11.694 -329.500 -25.921 11.843 -330.000 -26.520
3 16 11.694 -329.500 -25.921 11.127 -330.000 -26.269 11.843 -330.000 -26.520
3 16 11.253 -329.500 -25.784 11.127 -330.000 -26.269 11.694 -329.500 -25.921
3 16 11.253 -329.500 -25.784 10.860 -329.500 -25.699 11.127 -330.000 -26.269
3 16 10.860 -329.500 -25.699 10.379 -330.000 -26.141 11.127 -330.000 -26.269
3 16 10.422 -329.500 -25.643 10.379 -330.000 -26.141 10.860 -329.500 -25.699
3 16 10.422 -329.500 -25.643 10.000 -329.500 -25.625 10.379 -330.000 -26.141
3 16 10.000 -329.500 -25.625 9.621 -330.000 -26.141 10.379 -330.000 -26.141
3 16 9.578 -329.500 -25.643 9.621 -330.000 -26.141 10.000 -329.500 -25.625
3 16 9.578 -329.500 -25.643 9.140 -329.500 -25.699 9.621 -330.000 -26.141
3 16 9.140 -329.500 -25.699 8.873 -330.000 -26.269 9.621 -330.000 -26.141
3 16 8.747 -329.500 -25.784 8.873 -330.000 -26.269 9.140 -329.500 -25.699
3 16 8.747 -329.500 -25.784 8.306 -329.500 -25.921 8.873 -330.000 -26.269
3 16 8.306 -329.500 -25.921 8.157 -330.000 -26.520 8.873 -330.000 -26.269
3 16 7.952 -329.500 -26.064 8.157 -330.000 -26.520 8.306 -329.500 -25.921
3 16 7.952 -329.500 -26.064 7.523 -329.500 -26.282 8.157 -330.000 -26.520
3 16 7.523 -329.500 -26.282 7.493 -330.000 -26.888 8.157 -330.000 -26.520
3 16 7.215 -329.500 -26.473 7.493 -330.000 -26.888 7.523 -329.500 -26.282
3 16 7.215 -329.500 -26.473 6.813 -329.500 -26.772 7.493 -330.000 -26.888
3 16 6.813 -329.500 -26.772 6.901 -330.000 -27.362 7.493 -330.000 -26.888
3 16 6.557 -329.500 -27.000 6.901 -330.000 -27.362 6.813 -329.500 -26.772
3 16 6.557 -329.500 -27.000 6.198 -329.500 -27.378 6.901 -330.000 -27.362
3 16 6.198 -329.500 -27.378 6.397 -330.000 -27.929 6.901 -330.000 -27.362
3 16 5.996 -329.500 -27.630 6.397 -330.000 -27.929 6.198 -329.500 -27.378
3 16 5.996 -329.500 -27.630 5.696 -329.500 -28.079 6.397 -330.000 -27.929
3 16 5.696 -329.500 -28.079 5.995 -330.000 -28.573 6.397 -330.000 -27.929
3 16 5.550 -329.500 -28.345 5.995 -330.000 -28.573 5.696 -329.500 -28.079
3 16 5.550 -329.500 -28.345 5.323 -329.500 -28.857 5.995 -330.000 -28.573
3 16 5.323 -329.500 -28.857 5.707 -330.000 -29.275 5.995 -330.000 -28.573
3 16 5.230 -329.500 -29.125 5.707 -330.000 -29.275 5.323 -329.500 -28.857
3 16 5.230 -329.500 -29.125 5.089 -329.500 -29.688 5.707 -330.000 -29.275
3 16 5.089 -329.500 -29.688 5.541 -330.000 -30.016 5.707 -330.000 -29.275
3 16 5.046 -329.500 -29.948 5.541 -330.000 -30.016 5.089 -329.500 -29.688
3 16 5.046 -329.500 -29.948 5.001 -329.500 -30.546 5.541 -330.000 -30.016
3 16 5.001 -329.500 -30.546 5.502 -330.000 -30.773 5.541 -330.000 -30.016
3 16 5.003 -329.500 -30.790 5.502 -330.000 -30.773 5.001 -329.500 -30.546
3 16 5.003 -329.500 -30.790 5.061 -329.500 -31.407 5.502 -330.000 -30.773
3 16 5.061 -329.500 -31.407 5.591 -330.000 -31.527 5.502 -330.000 -30.773
3 16 5.101 -329.500 -31.627 5.591 -330.000 -31.527 5.061 -329.500 -31.407
3 16 5.101 -329.500 -31.627 5.269 -329.500 -32.244 5.591 -330.000 -31.527
3 16 5.269 -329.500 -32.244 5.806 -330.000 -32.255 5.591 -330.000 -31.527
3 16 5.340 -329.500 -32.436 5.806 -330.000 -32.255 5.269 -329.500 -32.244
3 16 5.340 -329.500 -32.436 5.618 -329.500 -33.033 5.806 -330.000 -32.255
3 16 5.618 -329.500 -33.033 6.139 -330.000 -32.936 5.806 -330.000 -32.255
3 16 6.888 -330.000 -33.875 6.203 -329.500 -33.878 6.693 -329.500 -34.375
3 16 6.888 -330.000 -33.875 6.582 -330.000 -33.552 6.203 -329.500 -33.878
3 16 6.582 -330.000 -33.552 6.097 -329.500 -33.751 6.203 -329.500 -33.878
3 16 6.582 -330.000 -33.552 6.139 -330.000 -32.936 6.097 -329.500 -33.751
3 16 6.139 -330.000 -32.936 5.710 -329.500 -33.193 6.097 -329.500 -33.751
3 16 6.139 -330.000 -32.936 5.618 -329.500 -33.033 5.710 -329.500 -33.193
3 16 13.307 -0.500 -34.375 13.797 -329.500 -33.878 13.307 -329.500 -34.375
3 16 13.307 -0.500 -34.375 13.797 -0.500 -33.878 13.797 -329.500 -33.878
3 16 13.797 -0.500 -33.878 13.903 -329.500 -33.751 13.797 -329.500 -33.878
3 16 13.797 -0.500 -33.878 13.903 -0.500 -33.751 13.903 -329.500 -33.751
3 16 13.903 -0.500 -33.751 14.290 -329.500 -33.193 13.903 -329.500 -33.751
3 16 13.903 -0.500 -33.751 14.290 -0.500 -33.193 14.290 -329.500 -33.193
3 16 14.290 -0.500 -33.193 14.382 -329.500 -33.033 14.290 -329.500 -33.193
3 16 14.290 -0.500 -33.193 14.382 -0.500 -33.033 14.382 -329.500 -33.033
3 16 14.382 -0.500 -33.033 14.661 -329.500 -32.436 14.382 -329.500 -33.033
3 16 14.382 -0.500 -33.033 14.661 -0.500 -32.436 14.661 -329.500 -32.436
3 16 14.661 -0.500 -32.436 14.731 -329.500 -32.244 14.661 -329.500 -32.436
3 16 14.661 -0.500 -32.436 14.731 -0.500 -32.244 14.731 -329.500 -32.244
3 16 14.731 -0.500 -32.244 14.899 -329.500 -31.627 14.731 -329.500 -32.244
3 16 14.731 -0.500 -32.244 14.899 -0.500 -31.627 14.899 -329.500 -31.627
3 16 14.899 -0.500 -31.627 14.939 -329.500 -31.407 14.899 -329.500 -31.627
3 16 14.899 -0.500 -31.627 14.939 -0.500 -31.407 14.939 -329.500 -31.407
3 16 14.939 -0.500 -31.407 14.997 -329.500 -30.790 14.939 -329.500 -31.407
3 16 14.939 -0.500 -31.407 14.997 -0.500 -30.790 14.997 -329.500 -30.790
3 16 14.997 -0.500 -30.790 14.999 -329.500 -30.546 14.997 -329.500 -30.790
3 16 14.997 -0.500 -30.790 14.999 -0.500 -30.546 14.999 -329.500 -30.546
3 16 14.999 -0.500 -30.546 14.954 -329.500 -29.948 14.999 -329.500 -30.546
3 16 14.999 -0.500 -30.546 14.954 -0.500 -29.948 14.954 -329.500 -29.948
3 16 14.954 -0.500 -29.948 14.911 -329.500 -29.688 14.954 -329.500 -29.948
3 16 14.954 -0.500 -29.948 14.911 -0.500 -29.688 14.911 -329.500 -29.688
3 16 14.911 -0.500 -29.688 14.770 -329.500 -29.125 14.911 -329.500 -29.688
3 16 14.911 -0.500 -29.688 14.770 -0.500 -29.125 14.770 -329.500 -29.125
3 16 14.770 -0.500 -29.125 14.677 -329.500 -28.857 14.770 -329.500 -29.125
3 16 14.770 -0.500 -29.125 14.677 -0.500 -28.857 14.677 -329.500 -28.857
3 16 14.677 -0.500 -28.857 14.450 -329.500 -28.345 14.677 -329.500 -28.857
3 16 14.677 -0.500 -28.857 14.450 -0.500 -28.345 14.450 -329.500 -28.345
3 16 14.450 -0.500 -28.345 14.304 -329.500 -28.079 14.450 -329.500 -28.345
3 16 14.450 -0.500 -28.345 14.304 -0.500 -28.079 14.304 -329.500 -28.079
3 16 14.304 -0.500 -28.079 14.004 -329.500 -27.630 14.304 -329.500 -28.079
3 16 14.304 -0.500 -28.079 14.004 -0.500 -27.630 14.004 -329.500 -27.630
3 16 14.004 -0.500 -27.630 13.802 -329.500 -27.378 14.004 -329.500 -27.630
3 16 14.004 -0.500 -27.630 13.802 -0.500 -27.378 13.802 -329.500 -27.378
3 16 13.802 -0.500 -27.378 13.443 -329.500 -27.000 13.802 -329.500 -27.378
3 16 13.802 -0.500 -27.378 13.443 -0.500 -27.000 13.443 -329.500 -27.000
3 16 13.443 -0.500 -27.000 13.187 -329.500 -26.772 13.443 -329.500 -27.000
3 16 13.443 -0.500 -27.000 13.187 -0.500 -26.772 13.187 -329.500 -26.772
3 16 13.187 -0.500 -26.772 12.785 -329.500 -26.473 13.187 -329.500 -26.772
3 16 13.187 -0.500 -26.772 12.785 -0.500 -26.473 12.785 -329.500 -26.473
3 16 12.785 -0.500 -26.473 12.477 -329.500 -26.282 12.785 -329.500 -26.473
3 16 12.785 -0.500 -26.473 12.477 -0.500 -26.282 12.477 -329.500 -26.282
3 16 12.477 -0.500 -26.282 12.048 -329.500 -26.064 12.477 -329.500 -26.282
3 16 12.477 -0.500 -26.282 12.048 -0.500 -26.064 12.048 -329.500 -26.064
3 16 12.048 -0.500 -26.064 11.694 -329.500 -25.921 12.048 -329.500 -26.064
3 16 12.048 -0.500 -26.064 11.694 -0.500 -25.921 11.694 -329.500 -25.921
3 16 11.694 -0.500 -25.921 11.253 -329.500 -25.784 11.694 -329.500 -25.921
3 16 11.694 -0.500 -25.921 11.253 -0.500 -25.784 11.253 -329.500 -25.784
3 16 11.253 -0.500 -25.784 10.860 -329.500 -25.699 11.253 -329.500 -25.784
3 16 11.253 -0.500 -25.784 10.860 -0.500 -25.699 10.860 -329.500 -25.699
3 16 10.860 -0.500 -25.699 10.422 -329.500 -25.643 10.860 -329.500 -25.699
3 16 10.860 -0.500 -25.699 10.422 -0.500 -25.643 10.422 -329.500 -25.643
3 16 10.422 -0.500 -25.643 10.000 -329.500 -25.625 10.422 -329.500 -25.643
3 16 10.422 -0.500 -25.643 10.000 -0.500 -25.625 10.000 -329.500 -25.625
3 16 10.000 -0.500 -25.625 9.578 -329.500 -25.643 10.000 -329.500 -25.625
3 16 10.000 -0.500 -25.625 9.578 -0.500 -25.643 9.578 -329.500 -25.643
3 16 9.578 -0.500 -25.643 9.140 -329.500 -25.699 9.578 -329.500 -25.643
3 16 9.578 -0.500 -25.643 9.140 -0.500 -25.699 9.140 -329.500 -25.699
3 16 9.140 -0.500 -25.699 8.747 -329.500 -25.784 9.140 -329.500 -25.699
3 16 9.140 -0.500 -25.699 8.747 -0.500 -25.784 8.747 -329.500 -25.784
3 16 8.747 -0.500 -25.784 8.306 -329.500 -25.921 8.747 -329.500 -25.784
3 16 8.747 -0.500 -25.784 8.306 -0.500 -25.921 8.306 -329.500 -25.921
3 16 8.306 -0.500 -25.921 7.952 -329.500 -26.064 8.306 -329.500 -25.921
3 16 8.306 -0.500 -25.921 7.952 -0.500 -26.064 7.952 -329.500 -26.064
3 16 7.952 -0.500 -26.064 7.523 -329.500 -26.282 7.952 -329.500 -26.064
3 16 7.952 -0.500 -26.064 7.523 -0.500 -26.282 7.523 -329.500 -26.282
3 16 7.523 -0.500 -26.282 7.215 -329.500 -26.473 7.523 -329.500 -26.282
3 16 7.523 -0.500 -26.282 7.215 -0.500 -26.473 7.215 -329.500 -26.473
3 16 7.215 -0.500 -26.473 6.813 -329.500 -26.772 7.215 -329.500 -26.473
3 16 7.215 -0.500 -26.473 6.813 -0.500 -26.772 6.813 -329.500 -26.772
3 16 6.813 -0.500 -26.772 6.557 -329.500 -27.000 6.813 -329.500 -26.772
3 16 6.813 -0.500 -26.772 6.557 -0.500 -27.000 6.557 -329.500 -27.000
3 16 6.557 -0.500 -27.000 6.198 -329.500 -27.378 6.557 -329.500 -27.000
3 16 6.557 -0.500 -27.000 6.198 -0.500 -27.378 6.198 -329.500 -27.378
3 16 6.198 -0.500 -27.378 5.996 -329.500 -27.630 6.198 -329.500 -27.378
3 16 6.198 -0.500 -27.378 5.996 -0.500 -27.630 5.996 -329.500 -27.630
3 16 5.996 -0.500 -27.630 5.696 -329.500 -28.079 5.996 -329.500 -27.630
3 16 5.996 -0.500 -27.630 5.696 -0.500 -28.079 5.696 -329.500 -28.079
3 16 5.696 -0.500 -28.079 5.550 -329.500 -28.345 5.696 -329.500 -28.079
3 16 5.696 -0.500 -28.079 5.550 -0.500 -28.345 5.550 -329.500 -28.345
3 16 5.550 -0.500 -28.345 5.323 -329.500 -28.857 5.550 -329.500 -28.345
3 16 5.550 -0.500 -28.345 5.323 -0.500 -28.857 5.323 -329.500 -28.857
3 16 5.323 -0.500 -28.857 5.230 -329.500 -29.125 5.323 -329.500 -28.857
3 16 5.323 -0.500 -28.857 5.230 -0.500 -29.125 5.230 -329.500 -29.125
3 16 5.230 -0.500 -29.125 5.089 -329.500 -29.688 5.230 -329.500 -29.125
3 16 5.230 -0.500 -29.125 5.089 -0.500 -29.688 5.089 -329.500 -29.688
3 16 5.089 -0.500 -29.688 5.046 -329.500 -29.948 5.089 -329.500 -29.688
3 16 5.089 -0.500 -29.688 5.046 -0.500 -29.948 5.046 -329.500 -29.948
3 16 5.046 -0.500 -29.948 5.001 -329.500 -30.546 5.046 -329.500 -29.948
3 16 5.046 -0.500 -29.948 5.001 -0.500 -30.546 5.001 -329.500 -30.546
3 16 5.001 -0.500 -30.546 5.003 -329.500 -30.790 5.001 -329.500 -30.546
3 16 5.001 -0.500 -30.546 5.003 -0.500 -30.790 5.003 -329.500 -30.790
3 16 5.003 -0.500 -30.790 5.061 -329.500 -31.407 5.003 -329.500 -30.790
3 16 5.003 -0.500 -30.790 5.061 -0.500 -31.407 5.061 -329.500 -31.407
3 16 5.061 -0.500 -31.407 5.101 -329.500 -31.627 5.061 -329.500 -31.407
3 16 5.061 -0.500 -31.407 5.101 -0.500 -31.627 5.101 -329.500 -31.627
3 16 5.101 -0.500 -31.627 5.269 -329.500 -32.244 5.101 -329.500 -31.627
3 16 5.101 -0.500 -31.627 5.269 -0.500 -32.244 5.269 -329.500 -32.244
3 16 5.269 -0.500 -32.244 5.340 -329.500 -32.436 5.269 -329.500 -32.244
3 16 5.269 -0.500 -32.244 5.340 -0.500 -32.436 5.340 -329.500 -32.436
3 16 5.340 -0.500 -32.436 5.618 -329.500 -33.033 5.340 -329.500 -32.436
3 16 5.340 -0.500 -32.436 5.618 -0.500 -33.033 5.618 -329.500 -33.033
3 16 5.618 -0.500 -33.033 5.710 -329.500 -33.193 5.618 -329.500 -33.033
3 16 5.618 -0.500 -33.033 5.710 -0.500 -33.193 5.710 -329.500 -33.193
3 16 5.710 -0.500 -33.193 6.097 -329.500 -33.751 5.710 -329.500 -33.193
3 16 5.710 -0.500 -33.193 6.097 -0.500 -33.751 6.097 -329.500 -33.751
3 16 6.097 -0.500 -33.751 6.203 -329.500 -33.878 6.097 -329.500 -33.751
3 16 6.097 -0.500 -33.751 6.203 -0.500 -33.878 6.203 -329.500 -33.878
3 16 6.203 -0.500 -33.878 6.693 -329.500 -34.375 6.203 -329.500 -33.878
3 16 6.203 -0.500 -33.878 6.693 -0.500 -34.375 6.693 -329.500 -34.375
2 24 13.112 0.000 -33.875 6.888 0.000 -33.875
2 24 13.307 -0.500 -34.375 6.693 -0.500 -34.375
2 24 13.307 -329.500 -34.375 6.693 -329.500 -34.375
2 24 13.112 -330.000 -33.875 6.888 -330.000 -33.875
2 24 5.618 -329.500 -33.033 5.340 -329.500 -32.436
2 24 6.203 -329.500 -33.878 6.097 -329.500 -33.751
2 24 13.418 0.000 -33.552 13.112 0.000 -33.875
2 24 6.888 0.000 -33.875 6.582 0.000 -33.552
2 24 13.903 -329.500 -33.751 13.797 -329.500 -33.878
2 24 10.860 -329.500 -25.699 10.422 -329.500 -25.643
2 24 5.323 -329.500 -28.857 5.230 -329.500 -29.125
2 24 5.230 -329.500 -29.125 5.089 -329.500 -29.688
2 24 11.253 -329.500 -25.784 10.860 -329.500 -25.699
2 24 5.061 -329.500 -31.407 5.003 -329.500 -30.790
2 24 13.307 -0.500 -34.375 13.307 -329.500 -34.375
2 24 9.140 -329.500 -25.699 8.747 -329.500 -25.784
2 24 8.747 -329.500 -25.784 8.306 -329.500 -25.921
2 24 8.306 -329.500 -25.921 7.952 -329.500 -26.064
2 24 7.952 -329.500 -26.064 7.523 -329.500 -26.282
2 24 7.523 -329.500 -26.282 7.215 -329.500 -26.473
2 24 7.215 -329.500 -26.473 6.813 -329.500 -26.772
2 24 5.061 -329.500 -31.407 5.101 -329.500 -31.627
2 24 5.340 -329.500 -32.436 5.269 -329.500 -32.244
2 24 13.418 -330.000 -33.552 13.112 -330.000 -33.875
2 24 13.797 -329.500 -33.878 13.307 -329.500 -34.375
2 24 9.578 -329.500 -25.643 9.140 -329.500 -25.699
2 24 6.813 -329.500 -26.772 6.557 -329.500 -27.000
2 24 6.557 -329.500 -27.000 6.198 -329.500 -27.378
2 24 5.710 -329.500 -33.193 5.618 -329.500 -33.033
2 24 10.000 -329.500 -25.625 9.578 -329.500 -25.643
2 24 6.198 -329.500 -27.378 5.996 -329.500 -27.630
2 24 5.996 -329.500 -27.630 5.696 -329.500 -28.079
2 24 5.001 -329.500 -30.546 5.003 -329.500 -30.790
2 24 5.269 -329.500 -32.244 5.101 -329.500 -31.627
2 24 6.097 -329.500 -33.751 5.710 -329.500 -33.193
2 24 10.422 -329.500 -25.643 10.000 -329.500 -25.625
2 24 5.696 -329.500 -28.079 5.550 -329.500 -28.345
2 24 5.550 -329.500 -28.345 5.323 -329.500 -28.857
2 24 5.089 -329.500 -29.688 5.046 -329.500 -29.948
2 24 5.046 -329.500 -29.948 5.001 -329.500 -30.546
2 24 14.954 -329.500 -29.948 14.999 -329.500 -30.546
2 24 14.911 -329.500 -29.688 14.954 -329.500 -29.948
2 24 14.304 -329.500 -28.079 14.004 -329.500 -27.630
2 24 14.939 -329.500 -31.407 14.899 -329.500 -31.627
2 24 14.997 -329.500 -30.790 14.939 -329.500 -31.407
2 24 14.004 -329.500 -27.630 13.802 -329.500 -27.378
2 24 14.899 -329.500 -31.627 14.731 -329.500 -32.244
2 24 13.443 -329.500 -27.000 13.187 -329.500 -26.772
2 24 14.382 -329.500 -33.033 14.290 -329.500 -33.193
2 24 12.477 -329.500 -26.282 12.048 -329.500 -26.064
2 24 14.731 -329.500 -32.244 14.661 -329.500 -32.436
2 24 13.187 -329.500 -26.772 12.785 -329.500 -26.473
2 24 14.661 -329.500 -32.436 14.382 -329.500 -33.033
2 24 12.785 -329.500 -26.473 12.477 -329.500 -26.282
2 24 12.048 -329.500 -26.064 11.694 -329.500 -25.921
2 24 13.802 -329.500 -27.378 13.443 -329.500 -27.000
2 24 14.450 -329.500 -28.345 14.304 -329.500 -28.079
2 24 14.677 -329.500 -28.857 14.450 -329.500 -28.345
2 24 6.888 -330.000 -33.875 6.582 -330.000 -33.552
2 24 14.290 -329.500 -33.193 13.903 -329.500 -33.751
2 24 11.694 -329.500 -25.921 11.253 -329.500 -25.784
2 24 14.999 -329.500 -30.546 14.997 -329.500 -30.790
2 24 14.911 -329.500 -29.688 14.770 -329.500 -29.125
2 24 14.770 -329.500 -29.125 14.677 -329.500 -28.857
