0 FILE MX10-6030.dat
0 6mm D Shaft - 30mm
0 Name:  MX10-6030.dat
0 Author:  
0 BL_Item_No 10-6030
0 BFC CERTIFY CCW
3 16 -4.961 -74.500 -6.562 -5.854 -74.500 -5.626 -4.961 -0.500 -6.563
3 16 -5.854 -74.500 -5.626 -5.854 -0.500 -5.626 -4.961 -0.500 -6.563
3 16 -5.854 -74.500 -5.626 -6.573 -74.500 -4.550 -5.854 -0.500 -5.626
3 16 -6.573 -74.500 -4.550 -6.573 -0.500 -4.550 -5.854 -0.500 -5.626
3 16 -6.573 -74.500 -4.550 -7.096 -74.500 -3.366 -6.573 -0.500 -4.550
3 16 -7.096 -74.500 -3.366 -7.096 -0.500 -3.366 -6.573 -0.500 -4.550
3 16 -7.096 -74.500 -3.366 -7.408 -74.500 -2.110 -7.096 -0.500 -3.366
3 16 -7.408 -74.500 -2.110 -7.408 -0.500 -2.110 -7.096 -0.500 -3.366
3 16 -7.408 -74.500 -2.110 -7.499 -74.500 -0.819 -7.408 -0.500 -2.110
3 16 -7.499 -74.500 -0.819 -7.499 -0.500 -0.819 -7.408 -0.500 -2.110
3 16 -7.499 -74.500 -0.819 -7.367 -74.500 0.469 -7.499 -0.500 -0.819
3 16 -7.367 -74.500 0.469 -7.367 -0.500 0.469 -7.499 -0.500 -0.819
3 16 -7.367 -74.500 0.469 -7.016 -74.500 1.714 -7.367 -0.500 0.469
3 16 -7.016 -74.500 1.714 -7.016 -0.500 1.714 -7.367 -0.500 0.469
3 16 -7.016 -74.500 1.714 -6.455 -74.500 2.881 -7.016 -0.500 1.714
3 16 -6.455 -74.500 2.881 -6.455 -0.500 2.881 -7.016 -0.500 1.714
3 16 -6.455 -74.500 2.881 -5.703 -74.500 3.934 -6.455 -0.500 2.881
3 16 -5.703 -74.500 3.934 -5.703 -0.500 3.934 -6.455 -0.500 2.881
3 16 -5.703 -74.500 3.934 -4.780 -74.500 4.842 -5.703 -0.500 3.934
3 16 -4.780 -74.500 4.842 -4.780 -0.500 4.842 -5.703 -0.500 3.934
3 16 -4.780 -74.500 4.842 -3.716 -74.500 5.577 -4.780 -0.500 4.842
3 16 -3.716 -74.500 5.577 -3.716 -0.500 5.577 -4.780 -0.500 4.842
3 16 -3.716 -74.500 5.577 -2.540 -74.500 6.119 -3.716 -0.500 5.577
3 16 -2.540 -74.500 6.119 -2.540 -0.500 6.119 -3.716 -0.500 5.577
3 16 -2.540 -74.500 6.119 -1.289 -74.500 6.451 -2.540 -0.500 6.119
3 16 -1.289 -74.500 6.451 -1.289 -0.500 6.451 -2.540 -0.500 6.119
3 16 -1.289 -74.500 6.451 0.000 -74.500 6.563 -1.289 -0.500 6.451
3 16 0.000 -74.500 6.563 0.000 -0.500 6.562 -1.289 -0.500 6.451
3 16 0.000 -74.500 6.563 1.289 -74.500 6.451 0.000 -0.500 6.562
3 16 1.289 -74.500 6.451 1.289 -0.500 6.451 0.000 -0.500 6.562
3 16 1.289 -74.500 6.451 2.540 -74.500 6.119 1.289 -0.500 6.451
3 16 2.540 -74.500 6.119 2.540 -0.500 6.119 1.289 -0.500 6.451
3 16 2.540 -74.500 6.119 3.716 -74.500 5.577 2.540 -0.500 6.119
3 16 3.716 -74.500 5.577 3.716 -0.500 5.577 2.540 -0.500 6.119
3 16 3.716 -74.500 5.577 4.780 -74.500 4.842 3.716 -0.500 5.577
3 16 4.780 -74.500 4.842 4.780 -0.500 4.842 3.716 -0.500 5.577
3 16 4.780 -74.500 4.842 5.703 -74.500 3.934 4.780 -0.500 4.842
3 16 5.703 -74.500 3.934 5.703 -0.500 3.934 4.780 -0.500 4.842
3 16 5.703 -74.500 3.934 6.455 -74.500 2.881 5.703 -0.500 3.934
3 16 6.455 -74.500 2.881 6.455 -0.500 2.881 5.703 -0.500 3.934
3 16 6.455 -74.500 2.881 7.016 -74.500 1.714 6.455 -0.500 2.881
3 16 7.016 -74.500 1.714 7.016 -0.500 1.714 6.455 -0.500 2.881
3 16 7.016 -74.500 1.714 7.367 -74.500 0.469 7.016 -0.500 1.714
3 16 7.367 -74.500 0.469 7.367 -0.500 0.469 7.016 -0.500 1.714
3 16 7.367 -74.500 0.469 7.499 -74.500 -0.819 7.367 -0.500 0.469
3 16 7.499 -74.500 -0.819 7.499 -0.500 -0.819 7.367 -0.500 0.469
3 16 7.499 -74.500 -0.819 7.408 -74.500 -2.110 7.499 -0.500 -0.819
3 16 7.408 -74.500 -2.110 7.408 -0.500 -2.110 7.499 -0.500 -0.819
3 16 7.408 -74.500 -2.110 7.096 -74.500 -3.366 7.408 -0.500 -2.110
3 16 7.096 -74.500 -3.366 7.096 -0.500 -3.366 7.408 -0.500 -2.110
3 16 7.096 -74.500 -3.366 6.573 -74.500 -4.550 7.096 -0.500 -3.366
3 16 6.573 -74.500 -4.550 6.573 -0.500 -4.550 7.096 -0.500 -3.366
3 16 6.573 -74.500 -4.550 5.854 -74.500 -5.626 6.573 -0.500 -4.550
3 16 5.854 -74.500 -5.626 5.854 -0.500 -5.626 6.573 -0.500 -4.550
3 16 5.854 -74.500 -5.626 4.961 -74.500 -6.562 5.854 -0.500 -5.626
3 16 4.961 -74.500 -6.562 4.961 -0.500 -6.563 5.854 -0.500 -5.626
3 16 -4.961 -0.500 -6.563 4.961 -74.500 -6.562 -4.961 -74.500 -6.562
3 16 -4.961 -0.500 -6.563 4.961 -0.500 -6.563 4.961 -74.500 -6.562
3 16 1.203 0.000 5.958 6.876 0.000 0.375 0.000 0.000 6.062
3 16 6.914 0.000 -2.032 -5.323 0.000 3.609 6.999 0.000 -0.827
3 16 6.914 0.000 -2.032 6.623 0.000 -3.204 -5.323 0.000 3.609
3 16 -4.768 0.000 -6.063 5.464 0.000 -5.313 4.768 0.000 -6.063
3 16 -4.768 0.000 -6.063 -5.464 0.000 -5.313 5.464 0.000 -5.313
3 16 -5.464 0.000 -5.313 -6.135 0.000 -4.309 5.464 0.000 -5.313
3 16 -5.323 0.000 3.609 6.876 0.000 0.375 6.999 0.000 -0.827
3 16 -5.323 0.000 3.609 -4.462 0.000 4.456 6.876 0.000 0.375
3 16 -4.462 0.000 4.456 -3.468 0.000 5.143 6.876 0.000 0.375
3 16 6.135 0.000 -4.309 -5.323 0.000 3.609 6.623 0.000 -3.204
3 16 6.135 0.000 -4.309 5.464 0.000 -5.313 -5.323 0.000 3.609
3 16 5.464 0.000 -5.313 -6.025 0.000 2.626 -5.323 0.000 3.609
3 16 -2.371 0.000 5.649 6.876 0.000 0.375 -3.468 0.000 5.143
3 16 -2.371 0.000 5.649 -1.203 0.000 5.958 6.876 0.000 0.375
3 16 -1.203 0.000 5.958 0.000 0.000 6.062 6.876 0.000 0.375
3 16 -6.623 0.000 -3.204 5.464 0.000 -5.313 -6.135 0.000 -4.309
3 16 -6.623 0.000 -3.204 -6.914 0.000 -2.032 5.464 0.000 -5.313
3 16 -6.914 0.000 -2.032 -6.999 0.000 -0.827 5.464 0.000 -5.313
3 16 2.371 0.000 5.649 6.876 0.000 0.375 1.203 0.000 5.958
3 16 2.371 0.000 5.649 3.468 0.000 5.143 6.876 0.000 0.375
3 16 3.468 0.000 5.143 4.462 0.000 4.456 6.876 0.000 0.375
3 16 5.323 0.000 3.609 6.876 0.000 0.375 4.462 0.000 4.456
3 16 5.323 0.000 3.609 6.025 0.000 2.626 6.876 0.000 0.375
3 16 6.025 0.000 2.626 6.548 0.000 1.537 6.876 0.000 0.375
3 16 -6.876 0.000 0.375 5.464 0.000 -5.313 -6.999 0.000 -0.827
3 16 -6.876 0.000 0.375 -6.548 0.000 1.537 5.464 0.000 -5.313
3 16 -6.548 0.000 1.537 -6.025 0.000 2.626 5.464 0.000 -5.313
3 16 4.768 -75.000 -6.062 -5.464 -75.000 -5.313 -4.768 -75.000 -6.062
3 16 4.768 -75.000 -6.062 5.464 -75.000 -5.313 -5.464 -75.000 -5.313
3 16 -6.025 -75.000 2.626 5.464 -75.000 -5.313 -5.323 -75.000 3.609
3 16 -6.025 -75.000 2.626 -6.548 -75.000 1.537 5.464 -75.000 -5.313
3 16 -6.876 -75.000 0.375 5.464 -75.000 -5.313 -6.548 -75.000 1.537
3 16 -6.876 -75.000 0.375 -6.999 -75.000 -0.827 5.464 -75.000 -5.313
3 16 -6.999 -75.000 -0.827 -6.914 -75.000 -2.032 5.464 -75.000 -5.313
3 16 6.135 -75.000 -4.309 -5.323 -75.000 3.609 5.464 -75.000 -5.313
3 16 6.135 -75.000 -4.309 6.623 -75.000 -3.204 -5.323 -75.000 3.609
3 16 6.623 -75.000 -3.204 6.914 -75.000 -2.032 -5.323 -75.000 3.609
3 16 -5.323 -75.000 3.609 6.025 -75.000 2.626 5.323 -75.000 3.609
3 16 -5.323 -75.000 3.609 6.548 -75.000 1.537 6.025 -75.000 2.626
3 16 3.468 -75.000 5.143 2.371 -75.000 5.649 4.462 -75.000 4.456
3 16 5.323 -75.000 3.609 -1.203 -75.000 5.958 -2.371 -75.000 5.649
3 16 5.323 -75.000 3.609 0.000 -75.000 6.063 -1.203 -75.000 5.958
3 16 -3.468 -75.000 5.143 5.323 -75.000 3.609 -2.371 -75.000 5.649
3 16 -3.468 -75.000 5.143 -4.462 -75.000 4.456 5.323 -75.000 3.609
3 16 -4.462 -75.000 4.456 -5.323 -75.000 3.609 5.323 -75.000 3.609
3 16 -6.623 -75.000 -3.204 5.464 -75.000 -5.313 -6.914 -75.000 -2.032
3 16 -6.623 -75.000 -3.204 -6.135 -75.000 -4.309 5.464 -75.000 -5.313
3 16 -6.135 -75.000 -4.309 -5.464 -75.000 -5.313 5.464 -75.000 -5.313
3 16 6.999 -75.000 -0.827 -5.323 -75.000 3.609 6.914 -75.000 -2.032
3 16 6.999 -75.000 -0.827 6.876 -75.000 0.375 -5.323 -75.000 3.609
3 16 6.876 -75.000 0.375 6.548 -75.000 1.537 -5.323 -75.000 3.609
3 16 2.371 -75.000 5.649 5.323 -75.000 3.609 4.462 -75.000 4.456
3 16 2.371 -75.000 5.649 1.203 -75.000 5.958 5.323 -75.000 3.609
3 16 1.203 -75.000 5.958 0.000 -75.000 6.063 5.323 -75.000 3.609
3 16 4.768 -75.000 -6.062 4.961 -74.500 -6.562 5.464 -75.000 -5.313
3 16 -4.961 -74.500 -6.562 -4.768 -75.000 -6.062 -5.854 -74.500 -5.626
3 16 -5.464 -75.000 -5.313 -5.854 -74.500 -5.626 -4.768 -75.000 -6.062
3 16 -5.464 -75.000 -5.313 -6.135 -75.000 -4.309 -5.854 -74.500 -5.626
3 16 -6.135 -75.000 -4.309 -6.573 -74.500 -4.550 -5.854 -74.500 -5.626
3 16 -6.135 -75.000 -4.309 -6.623 -75.000 -3.204 -6.573 -74.500 -4.550
3 16 -6.623 -75.000 -3.204 -7.096 -74.500 -3.366 -6.573 -74.500 -4.550
3 16 -6.623 -75.000 -3.204 -6.914 -75.000 -2.032 -7.096 -74.500 -3.366
3 16 -6.914 -75.000 -2.032 -7.408 -74.500 -2.110 -7.096 -74.500 -3.366
3 16 -6.914 -75.000 -2.032 -6.999 -75.000 -0.827 -7.408 -74.500 -2.110
3 16 -6.999 -75.000 -0.827 -7.499 -74.500 -0.819 -7.408 -74.500 -2.110
3 16 -6.999 -75.000 -0.827 -6.876 -75.000 0.375 -7.499 -74.500 -0.819
3 16 -6.876 -75.000 0.375 -7.367 -74.500 0.469 -7.499 -74.500 -0.819
3 16 -6.876 -75.000 0.375 -6.548 -75.000 1.537 -7.367 -74.500 0.469
3 16 -6.548 -75.000 1.537 -7.016 -74.500 1.714 -7.367 -74.500 0.469
3 16 -6.548 -75.000 1.537 -6.025 -75.000 2.626 -7.016 -74.500 1.714
3 16 -6.025 -75.000 2.626 -6.455 -74.500 2.881 -7.016 -74.500 1.714
3 16 -6.025 -75.000 2.626 -5.323 -75.000 3.609 -6.455 -74.500 2.881
3 16 -5.323 -75.000 3.609 -5.703 -74.500 3.934 -6.455 -74.500 2.881
3 16 -5.323 -75.000 3.609 -4.462 -75.000 4.456 -5.703 -74.500 3.934
3 16 -4.462 -75.000 4.456 -4.780 -74.500 4.842 -5.703 -74.500 3.934
3 16 -4.462 -75.000 4.456 -3.468 -75.000 5.143 -4.780 -74.500 4.842
3 16 -3.468 -75.000 5.143 -3.716 -74.500 5.577 -4.780 -74.500 4.842
3 16 -3.468 -75.000 5.143 -2.371 -75.000 5.649 -3.716 -74.500 5.577
3 16 -2.371 -75.000 5.649 -2.540 -74.500 6.119 -3.716 -74.500 5.577
3 16 -2.371 -75.000 5.649 -1.203 -75.000 5.958 -2.540 -74.500 6.119
3 16 -1.203 -75.000 5.958 -1.289 -74.500 6.451 -2.540 -74.500 6.119
3 16 -1.203 -75.000 5.958 0.000 -75.000 6.063 -1.289 -74.500 6.451
3 16 0.000 -75.000 6.063 0.000 -74.500 6.563 -1.289 -74.500 6.451
3 16 0.000 -75.000 6.063 1.203 -75.000 5.958 0.000 -74.500 6.563
3 16 1.203 -75.000 5.958 1.289 -74.500 6.451 0.000 -74.500 6.563
3 16 1.203 -75.000 5.958 2.371 -75.000 5.649 1.289 -74.500 6.451
3 16 2.371 -75.000 5.649 2.540 -74.500 6.119 1.289 -74.500 6.451
3 16 2.371 -75.000 5.649 3.468 -75.000 5.143 2.540 -74.500 6.119
3 16 3.468 -75.000 5.143 3.716 -74.500 5.577 2.540 -74.500 6.119
3 16 3.468 -75.000 5.143 4.462 -75.000 4.456 3.716 -74.500 5.577
3 16 4.462 -75.000 4.456 4.780 -74.500 4.842 3.716 -74.500 5.577
3 16 4.462 -75.000 4.456 5.323 -75.000 3.609 4.780 -74.500 4.842
3 16 5.323 -75.000 3.609 5.703 -74.500 3.934 4.780 -74.500 4.842
3 16 5.323 -75.000 3.609 6.025 -75.000 2.626 5.703 -74.500 3.934
3 16 6.025 -75.000 2.626 6.455 -74.500 2.881 5.703 -74.500 3.934
3 16 6.025 -75.000 2.626 6.548 -75.000 1.537 6.455 -74.500 2.881
3 16 6.548 -75.000 1.537 7.016 -74.500 1.714 6.455 -74.500 2.881
3 16 6.548 -75.000 1.537 6.876 -75.000 0.375 7.016 -74.500 1.714
3 16 6.876 -75.000 0.375 7.367 -74.500 0.469 7.016 -74.500 1.714
3 16 6.876 -75.000 0.375 6.999 -75.000 -0.827 7.367 -74.500 0.469
3 16 6.999 -75.000 -0.827 7.499 -74.500 -0.819 7.367 -74.500 0.469
3 16 6.999 -75.000 -0.827 6.914 -75.000 -2.032 7.499 -74.500 -0.819
3 16 6.914 -75.000 -2.032 7.408 -74.500 -2.110 7.499 -74.500 -0.819
3 16 6.914 -75.000 -2.032 6.623 -75.000 -3.204 7.408 -74.500 -2.110
3 16 6.623 -75.000 -3.204 7.096 -74.500 -3.366 7.408 -74.500 -2.110
3 16 6.623 -75.000 -3.204 6.135 -75.000 -4.309 7.096 -74.500 -3.366
3 16 6.135 -75.000 -4.309 6.573 -74.500 -4.550 7.096 -74.500 -3.366
3 16 6.135 -75.000 -4.309 5.464 -75.000 -5.313 6.573 -74.500 -4.550
3 16 5.464 -75.000 -5.313 5.854 -74.500 -5.626 6.573 -74.500 -4.550
3 16 5.464 -75.000 -5.313 4.961 -74.500 -6.562 5.854 -74.500 -5.626
3 16 -4.961 -74.500 -6.562 4.768 -75.000 -6.062 -4.768 -75.000 -6.062
3 16 -4.961 -74.500 -6.562 4.961 -74.500 -6.562 4.768 -75.000 -6.062
3 16 4.961 -0.500 -6.563 4.768 0.000 -6.063 5.854 -0.500 -5.626
3 16 -4.768 0.000 -6.063 -4.961 -0.500 -6.563 -5.464 0.000 -5.313
3 16 5.464 0.000 -5.313 5.854 -0.500 -5.626 4.768 0.000 -6.063
3 16 5.464 0.000 -5.313 6.135 0.000 -4.309 5.854 -0.500 -5.626
3 16 6.135 0.000 -4.309 6.573 -0.500 -4.550 5.854 -0.500 -5.626
3 16 6.135 0.000 -4.309 6.623 0.000 -3.204 6.573 -0.500 -4.550
3 16 6.623 0.000 -3.204 7.096 -0.500 -3.366 6.573 -0.500 -4.550
3 16 6.623 0.000 -3.204 6.914 0.000 -2.032 7.096 -0.500 -3.366
3 16 6.914 0.000 -2.032 7.408 -0.500 -2.110 7.096 -0.500 -3.366
3 16 6.914 0.000 -2.032 6.999 0.000 -0.827 7.408 -0.500 -2.110
3 16 6.999 0.000 -0.827 7.499 -0.500 -0.819 7.408 -0.500 -2.110
3 16 6.999 0.000 -0.827 6.876 0.000 0.375 7.499 -0.500 -0.819
3 16 6.876 0.000 0.375 7.367 -0.500 0.469 7.499 -0.500 -0.819
3 16 6.876 0.000 0.375 6.548 0.000 1.537 7.367 -0.500 0.469
3 16 6.548 0.000 1.537 7.016 -0.500 1.714 7.367 -0.500 0.469
3 16 6.548 0.000 1.537 6.025 0.000 2.626 7.016 -0.500 1.714
3 16 6.025 0.000 2.626 6.455 -0.500 2.881 7.016 -0.500 1.714
3 16 6.025 0.000 2.626 5.323 0.000 3.609 6.455 -0.500 2.881
3 16 5.323 0.000 3.609 5.703 -0.500 3.934 6.455 -0.500 2.881
3 16 5.323 0.000 3.609 4.462 0.000 4.456 5.703 -0.500 3.934
3 16 4.462 0.000 4.456 4.780 -0.500 4.842 5.703 -0.500 3.934
3 16 4.462 0.000 4.456 3.468 0.000 5.143 4.780 -0.500 4.842
3 16 3.468 0.000 5.143 3.716 -0.500 5.577 4.780 -0.500 4.842
3 16 3.468 0.000 5.143 2.371 0.000 5.649 3.716 -0.500 5.577
3 16 2.371 0.000 5.649 2.540 -0.500 6.119 3.716 -0.500 5.577
3 16 2.371 0.000 5.649 1.203 0.000 5.958 2.540 -0.500 6.119
3 16 1.203 0.000 5.958 1.289 -0.500 6.451 2.540 -0.500 6.119
3 16 1.203 0.000 5.958 0.000 0.000 6.062 1.289 -0.500 6.451
3 16 0.000 0.000 6.062 0.000 -0.500 6.562 1.289 -0.500 6.451
3 16 0.000 0.000 6.062 -1.203 0.000 5.958 0.000 -0.500 6.562
3 16 -1.203 0.000 5.958 -1.289 -0.500 6.451 0.000 -0.500 6.562
3 16 -1.203 0.000 5.958 -2.371 0.000 5.649 -1.289 -0.500 6.451
3 16 -2.371 0.000 5.649 -2.540 -0.500 6.119 -1.289 -0.500 6.451
3 16 -2.371 0.000 5.649 -3.468 0.000 5.143 -2.540 -0.500 6.119
3 16 -3.468 0.000 5.143 -3.716 -0.500 5.577 -2.540 -0.500 6.119
3 16 -3.468 0.000 5.143 -4.462 0.000 4.456 -3.716 -0.500 5.577
3 16 -4.462 0.000 4.456 -4.780 -0.500 4.842 -3.716 -0.500 5.577
3 16 -4.462 0.000 4.456 -5.323 0.000 3.609 -4.780 -0.500 4.842
3 16 -5.323 0.000 3.609 -5.703 -0.500 3.934 -4.780 -0.500 4.842
3 16 -5.323 0.000 3.609 -6.025 0.000 2.626 -5.703 -0.500 3.934
3 16 -6.025 0.000 2.626 -6.455 -0.500 2.881 -5.703 -0.500 3.934
3 16 -6.025 0.000 2.626 -6.548 0.000 1.537 -6.455 -0.500 2.881
3 16 -6.548 0.000 1.537 -7.016 -0.500 1.714 -6.455 -0.500 2.881
3 16 -6.548 0.000 1.537 -6.876 0.000 0.375 -7.016 -0.500 1.714
3 16 -6.876 0.000 0.375 -7.367 -0.500 0.469 -7.016 -0.500 1.714
3 16 -6.876 0.000 0.375 -6.999 0.000 -0.827 -7.367 -0.500 0.469
3 16 -6.999 0.000 -0.827 -7.499 -0.500 -0.819 -7.367 -0.500 0.469
3 16 -6.999 0.000 -0.827 -6.914 0.000 -2.032 -7.499 -0.500 -0.819
3 16 -6.914 0.000 -2.032 -7.408 -0.500 -2.110 -7.499 -0.500 -0.819
3 16 -6.914 0.000 -2.032 -6.623 0.000 -3.204 -7.408 -0.500 -2.110
3 16 -6.623 0.000 -3.204 -7.096 -0.500 -3.366 -7.408 -0.500 -2.110
3 16 -6.623 0.000 -3.204 -6.135 0.000 -4.309 -7.096 -0.500 -3.366
3 16 -6.135 0.000 -4.309 -6.573 -0.500 -4.550 -7.096 -0.500 -3.366
3 16 -6.135 0.000 -4.309 -5.464 0.000 -5.313 -6.573 -0.500 -4.550
3 16 -5.464 0.000 -5.313 -5.854 -0.500 -5.626 -6.573 -0.500 -4.550
3 16 -5.464 0.000 -5.313 -4.961 -0.500 -6.563 -5.854 -0.500 -5.626
3 16 -4.768 0.000 -6.063 4.961 -0.500 -6.563 -4.961 -0.500 -6.563
3 16 -4.768 0.000 -6.063 4.768 0.000 -6.063 4.961 -0.500 -6.563
2 24 -4.961 -0.500 -6.563 -4.961 -74.500 -6.562
2 24 -4.768 -75.000 -6.062 -5.464 -75.000 -5.313
2 24 -4.961 -0.500 -6.563 -5.854 -0.500 -5.626
2 24 -5.854 -74.500 -5.626 -6.573 -74.500 -4.550
2 24 -5.464 -75.000 -5.313 -6.135 -75.000 -4.309
2 24 -5.854 -0.500 -5.626 -6.573 -0.500 -4.550
2 24 -6.573 -74.500 -4.550 -7.096 -74.500 -3.366
2 24 -6.135 -75.000 -4.309 -6.623 -75.000 -3.204
2 24 -6.573 -0.500 -4.550 -7.096 -0.500 -3.366
2 24 -7.096 -74.500 -3.366 -7.408 -74.500 -2.110
2 24 -4.780 -74.500 4.842 -5.703 -74.500 3.934
2 24 0.000 -74.500 6.563 -1.289 -74.500 6.451
2 24 -4.462 -75.000 4.456 -5.323 -75.000 3.609
2 24 -6.623 -75.000 -3.204 -6.914 -75.000 -2.032
2 24 -7.096 -0.500 -3.366 -7.408 -0.500 -2.110
2 24 -4.780 -0.500 4.842 -5.703 -0.500 3.934
2 24 0.000 -0.500 6.562 -1.289 -0.500 6.451
2 24 -3.468 0.000 5.143 -4.462 0.000 4.456
2 24 0.000 0.000 6.062 -1.203 0.000 5.958
2 24 -7.408 -74.500 -2.110 -7.499 -74.500 -0.819
2 24 -6.914 -75.000 -2.032 -6.999 -75.000 -0.827
2 24 -7.408 -0.500 -2.110 -7.499 -0.500 -0.819
2 24 5.464 0.000 -5.313 4.768 0.000 -6.063
2 24 -6.876 0.000 0.375 -6.999 0.000 -0.827
2 24 -6.025 0.000 2.626 -6.548 0.000 1.537
2 24 -7.367 -74.500 0.469 -7.499 -74.500 -0.819
2 24 -5.703 -74.500 3.934 -6.455 -74.500 2.881
2 24 5.854 -74.500 -5.626 4.961 -74.500 -6.562
2 24 5.464 -75.000 -5.313 4.768 -75.000 -6.062
2 24 -6.025 -75.000 2.626 -6.548 -75.000 1.537
2 24 -6.876 -75.000 0.375 -6.999 -75.000 -0.827
2 24 -7.016 -74.500 1.714 -7.367 -74.500 0.469
2 24 -6.455 -74.500 2.881 -7.016 -74.500 1.714
2 24 1.289 -74.500 6.451 0.000 -74.500 6.563
2 24 -6.548 -75.000 1.537 -6.876 -75.000 0.375
2 24 -7.367 -0.500 0.469 -7.499 -0.500 -0.819
2 24 -5.703 -0.500 3.934 -6.455 -0.500 2.881
2 24 -4.462 0.000 4.456 -5.323 0.000 3.609
2 24 -6.623 0.000 -3.204 -6.914 0.000 -2.032
2 24 -7.016 -0.500 1.714 -7.367 -0.500 0.469
2 24 -6.455 -0.500 2.881 -7.016 -0.500 1.714
2 24 1.289 -0.500 6.451 0.000 -0.500 6.562
2 24 1.203 0.000 5.958 0.000 0.000 6.062
2 24 -5.323 0.000 3.609 -6.025 0.000 2.626
2 24 -1.203 -75.000 5.958 -2.371 -75.000 5.649
2 24 -2.371 -75.000 5.649 -3.468 -75.000 5.143
2 24 -3.716 -74.500 5.577 -4.780 -74.500 4.842
2 24 -1.289 -74.500 6.451 -2.540 -74.500 6.119
2 24 -2.540 -74.500 6.119 -3.716 -74.500 5.577
2 24 0.000 -75.000 6.063 -1.203 -75.000 5.958
2 24 -3.468 -75.000 5.143 -4.462 -75.000 4.456
2 24 -5.323 -75.000 3.609 -6.025 -75.000 2.626
2 24 1.203 -75.000 5.958 0.000 -75.000 6.063
2 24 6.573 -74.500 -4.550 5.854 -74.500 -5.626
2 24 3.468 -75.000 5.143 2.371 -75.000 5.649
2 24 -3.716 -0.500 5.577 -4.780 -0.500 4.842
2 24 -1.289 -0.500 6.451 -2.540 -0.500 6.119
2 24 -2.371 0.000 5.649 -3.468 0.000 5.143
2 24 -1.203 0.000 5.958 -2.371 0.000 5.649
2 24 3.716 -74.500 5.577 2.540 -74.500 6.119
2 24 -2.540 -0.500 6.119 -3.716 -0.500 5.577
2 24 6.135 -75.000 -4.309 5.464 -75.000 -5.313
2 24 4.462 -75.000 4.456 3.468 -75.000 5.143
2 24 6.623 -75.000 -3.204 6.135 -75.000 -4.309
2 24 7.096 -74.500 -3.366 6.573 -74.500 -4.550
2 24 5.323 -75.000 3.609 4.462 -75.000 4.456
2 24 4.780 -74.500 4.842 3.716 -74.500 5.577
2 24 5.703 -74.500 3.934 4.780 -74.500 4.842
2 24 6.914 -75.000 -2.032 6.623 -75.000 -3.204
2 24 2.540 -74.500 6.119 1.289 -74.500 6.451
2 24 2.540 -0.500 6.119 1.289 -0.500 6.451
2 24 2.371 0.000 5.649 1.203 0.000 5.958
2 24 7.408 -74.500 -2.110 7.096 -74.500 -3.366
2 24 3.716 -0.500 5.577 2.540 -0.500 6.119
2 24 3.468 0.000 5.143 2.371 0.000 5.649
2 24 4.780 -0.500 4.842 3.716 -0.500 5.577
2 24 7.096 -0.500 -3.366 6.573 -0.500 -4.550
2 24 4.462 0.000 4.456 3.468 0.000 5.143
2 24 5.703 -0.500 3.934 4.780 -0.500 4.842
2 24 5.323 0.000 3.609 4.462 0.000 4.456
2 24 6.455 -74.500 2.881 5.703 -74.500 3.934
2 24 7.499 -74.500 -0.819 7.408 -74.500 -2.110
2 24 6.455 -0.500 2.881 5.703 -0.500 3.934
2 24 6.025 0.000 2.626 5.323 0.000 3.609
2 24 7.499 -0.500 -0.819 7.408 -0.500 -2.110
2 24 6.999 0.000 -0.827 6.914 0.000 -2.032
2 24 7.016 -74.500 1.714 6.455 -74.500 2.881
2 24 6.876 -75.000 0.375 6.548 -75.000 1.537
2 24 6.999 -75.000 -0.827 6.876 -75.000 0.375
2 24 7.016 -0.500 1.714 6.455 -0.500 2.881
2 24 6.548 0.000 1.537 6.025 0.000 2.626
2 24 7.367 -74.500 0.469 7.016 -74.500 1.714
2 24 7.499 -74.500 -0.819 7.367 -74.500 0.469
2 24 7.367 -0.500 0.469 7.016 -0.500 1.714
2 24 7.499 -0.500 -0.819 7.367 -0.500 0.469
2 24 6.999 0.000 -0.827 6.876 0.000 0.375
2 24 6.876 0.000 0.375 6.548 0.000 1.537
2 24 7.408 -0.500 -2.110 7.096 -0.500 -3.366
2 24 6.914 0.000 -2.032 6.623 0.000 -3.204
2 24 6.623 0.000 -3.204 6.135 0.000 -4.309
2 24 6.573 -0.500 -4.550 5.854 -0.500 -5.626
2 24 6.135 0.000 -4.309 5.464 0.000 -5.313
2 24 4.961 -74.500 -6.562 -4.961 -74.500 -6.562
2 24 4.768 -75.000 -6.062 -4.768 -75.000 -6.062
2 24 2.371 -75.000 5.649 1.203 -75.000 5.958
2 24 4.961 -0.500 -6.563 -4.961 -0.500 -6.563
2 24 4.768 0.000 -6.063 -4.768 0.000 -6.063
2 24 -4.768 0.000 -6.063 -5.464 0.000 -5.313
2 24 -5.464 0.000 -5.313 -6.135 0.000 -4.309
2 24 -6.135 0.000 -4.309 -6.623 0.000 -3.204
2 24 -6.548 0.000 1.537 -6.876 0.000 0.375
2 24 -6.914 0.000 -2.032 -6.999 0.000 -0.827
2 24 6.025 -75.000 2.626 5.323 -75.000 3.609
2 24 6.548 -75.000 1.537 6.025 -75.000 2.626
2 24 6.999 -75.000 -0.827 6.914 -75.000 -2.032
