0 FILE MX10-0080.dat
0 4mm D Shaft - 80mm
0 Name:  MX10-0080.dat
0 Author:  
0 BL_Item_No 10-0080
0 BFC CERTIFY CCW
3 16 35.625 -0.500 3.307 35.875 -0.250 3.211 35.625 -0.500 -3.307
3 16 35.875 -0.250 3.211 35.875 -0.250 -3.211 35.625 -0.500 -3.307
3 16 35.875 -0.250 3.211 36.125 0.000 3.112 35.875 -0.250 -3.211
3 16 36.125 0.000 3.112 36.125 0.000 -3.112 35.875 -0.250 -3.211
3 16 35.625 -199.500 -3.307 35.875 -199.750 -3.211 35.625 -199.500 3.307
3 16 35.875 -199.750 -3.211 35.875 -199.750 3.211 35.625 -199.500 3.307
3 16 35.875 -199.750 -3.211 36.125 -200.000 -3.112 35.875 -199.750 3.211
3 16 36.125 -200.000 -3.112 36.125 -200.000 3.112 35.875 -199.750 3.211
3 16 36.125 0.000 3.112 36.551 0.000 -3.503 36.125 0.000 -3.112
3 16 36.125 0.000 3.112 36.551 0.000 3.503 36.551 0.000 -3.503
3 16 37.878 0.000 -4.244 36.551 0.000 3.503 38.615 0.000 -4.435
3 16 37.878 0.000 -4.244 37.183 0.000 -3.930 36.551 0.000 3.503
3 16 37.183 0.000 -3.930 36.551 0.000 -3.503 36.551 0.000 3.503
3 16 37.878 0.000 4.244 42.268 0.000 -3.447 37.183 0.000 3.930
3 16 37.878 0.000 4.244 38.615 0.000 4.435 42.268 0.000 -3.447
3 16 38.615 0.000 4.435 39.375 0.000 4.500 42.268 0.000 -3.447
3 16 40.156 0.000 -4.432 36.551 0.000 3.503 40.914 0.000 -4.229
3 16 40.156 0.000 -4.432 39.375 0.000 -4.500 36.551 0.000 3.503
3 16 39.375 0.000 -4.500 38.615 0.000 -4.435 36.551 0.000 3.503
3 16 43.272 0.000 -2.250 39.375 0.000 4.500 40.156 0.000 4.432
3 16 43.272 0.000 -2.250 42.822 0.000 -2.893 39.375 0.000 4.500
3 16 42.822 0.000 -2.893 42.268 0.000 -3.447 39.375 0.000 4.500
3 16 40.914 0.000 4.229 43.272 0.000 -2.250 40.156 0.000 4.432
3 16 40.914 0.000 4.229 41.625 0.000 3.897 43.272 0.000 -2.250
3 16 41.625 0.000 3.897 42.268 0.000 3.447 43.272 0.000 -2.250
3 16 42.268 0.000 -3.447 36.551 0.000 3.503 37.183 0.000 3.930
3 16 42.268 0.000 -3.447 41.625 0.000 -3.897 36.551 0.000 3.503
3 16 41.625 0.000 -3.897 40.914 0.000 -4.229 36.551 0.000 3.503
3 16 42.822 0.000 2.893 43.272 0.000 -2.250 42.268 0.000 3.447
3 16 42.822 0.000 2.893 43.272 0.000 2.250 43.272 0.000 -2.250
3 16 43.272 0.000 2.250 43.604 0.000 1.539 43.272 0.000 -2.250
3 16 43.604 0.000 -1.539 43.875 0.000 0.000 43.807 0.000 -0.781
3 16 43.604 0.000 -1.539 43.272 0.000 -2.250 43.875 0.000 0.000
3 16 43.272 0.000 -2.250 43.807 0.000 0.781 43.875 0.000 0.000
3 16 43.272 0.000 -2.250 43.604 0.000 1.539 43.807 0.000 0.781
3 16 35.625 -199.500 -3.307 35.625 -0.500 3.307 35.625 -0.500 -3.307
3 16 35.625 -199.500 -3.307 35.625 -199.500 3.307 35.625 -0.500 3.307
3 16 38.615 -200.000 4.435 37.878 -200.000 4.244 42.268 -200.000 -3.447
3 16 36.125 -200.000 -3.112 36.551 -200.000 3.503 36.125 -200.000 3.112
3 16 36.125 -200.000 -3.112 36.551 -200.000 -3.503 36.551 -200.000 3.503
3 16 37.183 -200.000 -3.930 36.551 -200.000 3.503 36.551 -200.000 -3.503
3 16 37.183 -200.000 -3.930 37.878 -200.000 -4.244 36.551 -200.000 3.503
3 16 37.878 -200.000 -4.244 38.615 -200.000 -4.435 36.551 -200.000 3.503
3 16 43.272 -200.000 2.250 42.268 -200.000 -3.447 43.604 -200.000 1.539
3 16 43.272 -200.000 2.250 42.822 -200.000 2.893 42.268 -200.000 -3.447
3 16 43.807 -200.000 -0.781 43.272 -200.000 -2.250 43.604 -200.000 -1.539
3 16 43.807 -200.000 -0.781 43.875 -200.000 0.000 43.272 -200.000 -2.250
3 16 43.875 -200.000 0.000 42.822 -200.000 -2.893 43.272 -200.000 -2.250
3 16 43.875 -200.000 0.000 42.268 -200.000 -3.447 42.822 -200.000 -2.893
3 16 43.875 -200.000 0.000 43.807 -200.000 0.781 42.268 -200.000 -3.447
3 16 43.807 -200.000 0.781 43.604 -200.000 1.539 42.268 -200.000 -3.447
3 16 42.268 -200.000 3.447 42.268 -200.000 -3.447 42.822 -200.000 2.893
3 16 42.268 -200.000 3.447 41.625 -200.000 3.897 42.268 -200.000 -3.447
3 16 41.625 -200.000 3.897 40.914 -200.000 4.229 42.268 -200.000 -3.447
3 16 40.156 -200.000 4.432 42.268 -200.000 -3.447 40.914 -200.000 4.229
3 16 40.156 -200.000 4.432 39.375 -200.000 4.500 42.268 -200.000 -3.447
3 16 39.375 -200.000 4.500 38.615 -200.000 4.435 42.268 -200.000 -3.447
3 16 39.375 -200.000 -4.500 36.551 -200.000 3.503 38.615 -200.000 -4.435
3 16 39.375 -200.000 -4.500 40.156 -200.000 -4.432 36.551 -200.000 3.503
3 16 40.156 -200.000 -4.432 40.914 -200.000 -4.229 36.551 -200.000 3.503
3 16 37.183 -200.000 3.930 42.268 -200.000 -3.447 37.878 -200.000 4.244
3 16 37.183 -200.000 3.930 36.551 -200.000 3.503 42.268 -200.000 -3.447
3 16 36.551 -200.000 3.503 41.625 -200.000 -3.897 42.268 -200.000 -3.447
3 16 36.551 -200.000 3.503 40.914 -200.000 -4.229 41.625 -200.000 -3.897
3 16 35.625 -0.500 3.307 36.237 -0.500 3.893 35.875 -0.250 3.211
3 16 36.237 -0.500 3.893 36.125 0.000 3.112 35.875 -0.250 3.211
3 16 36.237 -0.500 3.893 36.551 0.000 3.503 36.125 0.000 3.112
3 16 36.237 -0.500 3.893 36.939 -0.500 4.367 36.551 0.000 3.503
3 16 36.939 -0.500 4.367 37.183 0.000 3.930 36.551 0.000 3.503
3 16 36.939 -0.500 4.367 37.711 -0.500 4.715 37.183 0.000 3.930
3 16 37.711 -0.500 4.715 37.878 0.000 4.244 37.183 0.000 3.930
3 16 37.711 -0.500 4.715 38.531 -0.500 4.928 37.878 0.000 4.244
3 16 38.531 -0.500 4.928 38.615 0.000 4.435 37.878 0.000 4.244
3 16 38.531 -0.500 4.928 39.375 -0.500 5.000 38.615 0.000 4.435
3 16 39.375 -0.500 5.000 39.375 0.000 4.500 38.615 0.000 4.435
3 16 35.625 -199.500 -3.307 36.237 -199.500 -3.893 35.875 -199.750 -3.211
3 16 36.237 -199.500 -3.893 36.125 -200.000 -3.112 35.875 -199.750 -3.211
3 16 36.237 -199.500 -3.893 36.551 -200.000 -3.503 36.125 -200.000 -3.112
3 16 36.237 -199.500 -3.893 36.939 -199.500 -4.367 36.551 -200.000 -3.503
3 16 36.939 -199.500 -4.367 37.183 -200.000 -3.930 36.551 -200.000 -3.503
3 16 36.939 -199.500 -4.367 37.711 -199.500 -4.715 37.183 -200.000 -3.930
3 16 37.711 -199.500 -4.715 37.878 -200.000 -4.244 37.183 -200.000 -3.930
3 16 37.711 -199.500 -4.715 38.531 -199.500 -4.928 37.878 -200.000 -4.244
3 16 38.531 -199.500 -4.928 38.615 -200.000 -4.435 37.878 -200.000 -4.244
3 16 38.531 -199.500 -4.928 39.375 -199.500 -5.000 38.615 -200.000 -4.435
3 16 39.375 -199.500 -5.000 39.375 -200.000 -4.500 38.615 -200.000 -4.435
3 16 35.625 -199.500 3.307 36.237 -199.500 3.893 35.625 -0.500 3.307
3 16 36.237 -199.500 3.893 36.237 -0.500 3.893 35.625 -0.500 3.307
3 16 36.237 -199.500 3.893 36.939 -199.500 4.367 36.237 -0.500 3.893
3 16 36.939 -199.500 4.367 36.939 -0.500 4.367 36.237 -0.500 3.893
3 16 36.939 -199.500 4.367 37.711 -199.500 4.715 36.939 -0.500 4.367
3 16 37.711 -199.500 4.715 37.711 -0.500 4.715 36.939 -0.500 4.367
3 16 37.711 -199.500 4.715 38.531 -199.500 4.928 37.711 -0.500 4.715
3 16 38.531 -199.500 4.928 38.531 -0.500 4.928 37.711 -0.500 4.715
3 16 38.531 -199.500 4.928 39.375 -199.500 5.000 38.531 -0.500 4.928
3 16 39.375 -199.500 5.000 39.375 -0.500 5.000 38.531 -0.500 4.928
3 16 39.375 -0.500 5.000 40.243 -0.500 4.924 39.375 0.000 4.500
3 16 40.243 -0.500 4.924 40.156 0.000 4.432 39.375 0.000 4.500
3 16 40.243 -0.500 4.924 41.085 -0.500 4.698 40.156 0.000 4.432
3 16 41.085 -0.500 4.698 40.914 0.000 4.229 40.156 0.000 4.432
3 16 41.085 -0.500 4.698 41.875 -0.500 4.330 40.914 0.000 4.229
3 16 41.875 -0.500 4.330 41.625 0.000 3.897 40.914 0.000 4.229
3 16 41.875 -0.500 4.330 42.589 -0.500 3.830 41.625 0.000 3.897
3 16 42.589 -0.500 3.830 42.268 0.000 3.447 41.625 0.000 3.897
3 16 42.589 -0.500 3.830 43.205 -0.500 3.214 42.268 0.000 3.447
3 16 43.205 -0.500 3.214 42.822 0.000 2.893 42.268 0.000 3.447
3 16 43.205 -0.500 3.214 43.705 -0.500 2.500 42.822 0.000 2.893
3 16 43.705 -0.500 2.500 43.272 0.000 2.250 42.822 0.000 2.893
3 16 43.705 -0.500 2.500 44.073 -0.500 1.710 43.272 0.000 2.250
3 16 44.073 -0.500 1.710 43.604 0.000 1.539 43.272 0.000 2.250
3 16 44.073 -0.500 1.710 44.299 -0.500 0.868 43.604 0.000 1.539
3 16 44.299 -0.500 0.868 43.807 0.000 0.781 43.604 0.000 1.539
3 16 44.299 -0.500 0.868 44.375 -0.500 0.000 43.807 0.000 0.781
3 16 44.375 -0.500 0.000 43.875 0.000 0.000 43.807 0.000 0.781
3 16 44.375 -0.500 0.000 44.299 -0.500 -0.868 43.875 0.000 0.000
3 16 44.299 -0.500 -0.868 43.807 0.000 -0.781 43.875 0.000 0.000
3 16 44.299 -0.500 -0.868 44.073 -0.500 -1.710 43.807 0.000 -0.781
3 16 44.073 -0.500 -1.710 43.604 0.000 -1.539 43.807 0.000 -0.781
3 16 44.073 -0.500 -1.710 43.705 -0.500 -2.500 43.604 0.000 -1.539
3 16 43.705 -0.500 -2.500 43.272 0.000 -2.250 43.604 0.000 -1.539
3 16 43.705 -0.500 -2.500 43.205 -0.500 -3.214 43.272 0.000 -2.250
3 16 43.205 -0.500 -3.214 42.822 0.000 -2.893 43.272 0.000 -2.250
3 16 43.205 -0.500 -3.214 42.589 -0.500 -3.830 42.822 0.000 -2.893
3 16 42.589 -0.500 -3.830 42.268 0.000 -3.447 42.822 0.000 -2.893
3 16 42.589 -0.500 -3.830 41.875 -0.500 -4.330 42.268 0.000 -3.447
3 16 41.875 -0.500 -4.330 41.625 0.000 -3.897 42.268 0.000 -3.447
3 16 41.875 -0.500 -4.330 41.085 -0.500 -4.698 41.625 0.000 -3.897
3 16 41.085 -0.500 -4.698 40.914 0.000 -4.229 41.625 0.000 -3.897
3 16 41.085 -0.500 -4.698 40.243 -0.500 -4.924 40.914 0.000 -4.229
3 16 40.243 -0.500 -4.924 40.156 0.000 -4.432 40.914 0.000 -4.229
3 16 40.243 -0.500 -4.924 39.375 -0.500 -5.000 40.156 0.000 -4.432
3 16 39.375 -0.500 -5.000 39.375 0.000 -4.500 40.156 0.000 -4.432
3 16 36.125 0.000 -3.112 36.551 0.000 -3.503 35.875 -0.250 -3.211
3 16 35.625 -0.500 -3.307 35.875 -0.250 -3.211 36.237 -0.500 -3.893
3 16 36.551 0.000 -3.503 36.237 -0.500 -3.893 35.875 -0.250 -3.211
3 16 36.551 0.000 -3.503 37.183 0.000 -3.930 36.237 -0.500 -3.893
3 16 37.183 0.000 -3.930 36.939 -0.500 -4.367 36.237 -0.500 -3.893
3 16 37.183 0.000 -3.930 37.878 0.000 -4.244 36.939 -0.500 -4.367
3 16 37.878 0.000 -4.244 37.711 -0.500 -4.715 36.939 -0.500 -4.367
3 16 37.878 0.000 -4.244 38.615 0.000 -4.435 37.711 -0.500 -4.715
3 16 38.615 0.000 -4.435 38.531 -0.500 -4.928 37.711 -0.500 -4.715
3 16 38.615 0.000 -4.435 39.375 0.000 -4.500 38.531 -0.500 -4.928
3 16 39.375 0.000 -4.500 39.375 -0.500 -5.000 38.531 -0.500 -4.928
3 16 39.375 -199.500 -5.000 40.243 -199.500 -4.924 39.375 -200.000 -4.500
3 16 40.243 -199.500 -4.924 40.156 -200.000 -4.432 39.375 -200.000 -4.500
3 16 40.243 -199.500 -4.924 41.085 -199.500 -4.698 40.156 -200.000 -4.432
3 16 41.085 -199.500 -4.698 40.914 -200.000 -4.229 40.156 -200.000 -4.432
3 16 41.085 -199.500 -4.698 41.875 -199.500 -4.330 40.914 -200.000 -4.229
3 16 41.875 -199.500 -4.330 41.625 -200.000 -3.897 40.914 -200.000 -4.229
3 16 41.875 -199.500 -4.330 42.589 -199.500 -3.830 41.625 -200.000 -3.897
3 16 42.589 -199.500 -3.830 42.268 -200.000 -3.447 41.625 -200.000 -3.897
3 16 42.589 -199.500 -3.830 43.205 -199.500 -3.214 42.268 -200.000 -3.447
3 16 43.205 -199.500 -3.214 42.822 -200.000 -2.893 42.268 -200.000 -3.447
3 16 43.205 -199.500 -3.214 43.705 -199.500 -2.500 42.822 -200.000 -2.893
3 16 43.705 -199.500 -2.500 43.272 -200.000 -2.250 42.822 -200.000 -2.893
3 16 43.705 -199.500 -2.500 44.073 -199.500 -1.710 43.272 -200.000 -2.250
3 16 44.073 -199.500 -1.710 43.604 -200.000 -1.539 43.272 -200.000 -2.250
3 16 44.073 -199.500 -1.710 44.299 -199.500 -0.868 43.604 -200.000 -1.539
3 16 44.299 -199.500 -0.868 43.807 -200.000 -0.781 43.604 -200.000 -1.539
3 16 44.299 -199.500 -0.868 44.375 -199.500 0.000 43.807 -200.000 -0.781
3 16 44.375 -199.500 0.000 43.875 -200.000 0.000 43.807 -200.000 -0.781
3 16 44.375 -199.500 0.000 44.299 -199.500 0.868 43.875 -200.000 0.000
3 16 44.299 -199.500 0.868 43.807 -200.000 0.781 43.875 -200.000 0.000
3 16 44.299 -199.500 0.868 44.073 -199.500 1.710 43.807 -200.000 0.781
3 16 44.073 -199.500 1.710 43.604 -200.000 1.539 43.807 -200.000 0.781
3 16 44.073 -199.500 1.710 43.705 -199.500 2.500 43.604 -200.000 1.539
3 16 43.705 -199.500 2.500 43.272 -200.000 2.250 43.604 -200.000 1.539
3 16 43.705 -199.500 2.500 43.205 -199.500 3.214 43.272 -200.000 2.250
3 16 43.205 -199.500 3.214 42.822 -200.000 2.893 43.272 -200.000 2.250
3 16 43.205 -199.500 3.214 42.589 -199.500 3.830 42.822 -200.000 2.893
3 16 42.589 -199.500 3.830 42.268 -200.000 3.447 42.822 -200.000 2.893
3 16 42.589 -199.500 3.830 41.875 -199.500 4.330 42.268 -200.000 3.447
3 16 41.875 -199.500 4.330 41.625 -200.000 3.897 42.268 -200.000 3.447
3 16 41.875 -199.500 4.330 41.085 -199.500 4.698 41.625 -200.000 3.897
3 16 41.085 -199.500 4.698 40.914 -200.000 4.229 41.625 -200.000 3.897
3 16 41.085 -199.500 4.698 40.243 -199.500 4.924 40.914 -200.000 4.229
3 16 40.243 -199.500 4.924 40.156 -200.000 4.432 40.914 -200.000 4.229
3 16 40.243 -199.500 4.924 39.375 -199.500 5.000 40.156 -200.000 4.432
3 16 39.375 -199.500 5.000 39.375 -200.000 4.500 40.156 -200.000 4.432
3 16 36.125 -200.000 3.112 36.551 -200.000 3.503 35.875 -199.750 3.211
3 16 35.625 -199.500 3.307 35.875 -199.750 3.211 36.237 -199.500 3.893
3 16 36.551 -200.000 3.503 36.237 -199.500 3.893 35.875 -199.750 3.211
3 16 36.551 -200.000 3.503 37.183 -200.000 3.930 36.237 -199.500 3.893
3 16 37.183 -200.000 3.930 36.939 -199.500 4.367 36.237 -199.500 3.893
3 16 37.183 -200.000 3.930 37.878 -200.000 4.244 36.939 -199.500 4.367
3 16 37.878 -200.000 4.244 37.711 -199.500 4.715 36.939 -199.500 4.367
3 16 37.878 -200.000 4.244 38.615 -200.000 4.435 37.711 -199.500 4.715
3 16 38.615 -200.000 4.435 38.531 -199.500 4.928 37.711 -199.500 4.715
3 16 38.615 -200.000 4.435 39.375 -200.000 4.500 38.531 -199.500 4.928
3 16 39.375 -200.000 4.500 39.375 -199.500 5.000 38.531 -199.500 4.928
3 16 39.375 -199.500 5.000 40.243 -199.500 4.924 39.375 -0.500 5.000
3 16 40.243 -199.500 4.924 40.243 -0.500 4.924 39.375 -0.500 5.000
3 16 40.243 -199.500 4.924 41.085 -199.500 4.698 40.243 -0.500 4.924
3 16 41.085 -199.500 4.698 41.085 -0.500 4.698 40.243 -0.500 4.924
3 16 41.085 -199.500 4.698 41.875 -199.500 4.330 41.085 -0.500 4.698
3 16 41.875 -199.500 4.330 41.875 -0.500 4.330 41.085 -0.500 4.698
3 16 41.875 -199.500 4.330 42.589 -199.500 3.830 41.875 -0.500 4.330
3 16 42.589 -199.500 3.830 42.589 -0.500 3.830 41.875 -0.500 4.330
3 16 42.589 -199.500 3.830 43.205 -199.500 3.214 42.589 -0.500 3.830
3 16 43.205 -199.500 3.214 43.205 -0.500 3.214 42.589 -0.500 3.830
3 16 43.205 -199.500 3.214 43.705 -199.500 2.500 43.205 -0.500 3.214
3 16 43.705 -199.500 2.500 43.705 -0.500 2.500 43.205 -0.500 3.214
3 16 43.705 -199.500 2.500 44.073 -199.500 1.710 43.705 -0.500 2.500
3 16 44.073 -199.500 1.710 44.073 -0.500 1.710 43.705 -0.500 2.500
3 16 44.073 -199.500 1.710 44.299 -199.500 0.868 44.073 -0.500 1.710
3 16 44.299 -199.500 0.868 44.299 -0.500 0.868 44.073 -0.500 1.710
3 16 44.299 -199.500 0.868 44.375 -199.500 0.000 44.299 -0.500 0.868
3 16 44.375 -199.500 0.000 44.375 -0.500 0.000 44.299 -0.500 0.868
3 16 44.375 -199.500 0.000 44.299 -199.500 -0.868 44.375 -0.500 0.000
3 16 44.299 -199.500 -0.868 44.299 -0.500 -0.868 44.375 -0.500 0.000
3 16 44.299 -199.500 -0.868 44.073 -199.500 -1.710 44.299 -0.500 -0.868
3 16 44.073 -199.500 -1.710 44.073 -0.500 -1.710 44.299 -0.500 -0.868
3 16 44.073 -199.500 -1.710 43.705 -199.500 -2.500 44.073 -0.500 -1.710
3 16 43.705 -199.500 -2.500 43.705 -0.500 -2.500 44.073 -0.500 -1.710
3 16 43.705 -199.500 -2.500 43.205 -199.500 -3.214 43.705 -0.500 -2.500
3 16 43.205 -199.500 -3.214 43.205 -0.500 -3.214 43.705 -0.500 -2.500
3 16 43.205 -199.500 -3.214 42.589 -199.500 -3.830 43.205 -0.500 -3.214
3 16 42.589 -199.500 -3.830 42.589 -0.500 -3.830 43.205 -0.500 -3.214
3 16 42.589 -199.500 -3.830 41.875 -199.500 -4.330 42.589 -0.500 -3.830
3 16 41.875 -199.500 -4.330 41.875 -0.500 -4.330 42.589 -0.500 -3.830
3 16 41.875 -199.500 -4.330 41.085 -199.500 -4.698 41.875 -0.500 -4.330
3 16 41.085 -199.500 -4.698 41.085 -0.500 -4.698 41.875 -0.500 -4.330
3 16 41.085 -199.500 -4.698 40.243 -199.500 -4.924 41.085 -0.500 -4.698
3 16 40.243 -199.500 -4.924 40.243 -0.500 -4.924 41.085 -0.500 -4.698
3 16 40.243 -199.500 -4.924 39.375 -199.500 -5.000 40.243 -0.500 -4.924
3 16 39.375 -199.500 -5.000 39.375 -0.500 -5.000 40.243 -0.500 -4.924
3 16 39.375 -199.500 -5.000 38.531 -199.500 -4.928 39.375 -0.500 -5.000
3 16 38.531 -199.500 -4.928 38.531 -0.500 -4.928 39.375 -0.500 -5.000
3 16 38.531 -199.500 -4.928 37.711 -199.500 -4.715 38.531 -0.500 -4.928
3 16 37.711 -199.500 -4.715 37.711 -0.500 -4.715 38.531 -0.500 -4.928
3 16 37.711 -199.500 -4.715 36.939 -199.500 -4.367 37.711 -0.500 -4.715
3 16 36.939 -199.500 -4.367 36.939 -0.500 -4.367 37.711 -0.500 -4.715
3 16 36.939 -199.500 -4.367 36.237 -199.500 -3.893 36.939 -0.500 -4.367
3 16 36.237 -199.500 -3.893 36.237 -0.500 -3.893 36.939 -0.500 -4.367
3 16 36.237 -199.500 -3.893 35.625 -199.500 -3.307 36.237 -0.500 -3.893
3 16 35.625 -199.500 -3.307 35.625 -0.500 -3.307 36.237 -0.500 -3.893
2 24 36.939 -0.500 4.367 37.711 -0.500 4.715
2 24 43.604 0.000 1.539 43.272 0.000 2.250
2 24 43.807 0.000 0.781 43.604 0.000 1.539
2 24 43.705 -0.500 2.500 43.205 -0.500 3.214
2 24 44.073 -0.500 1.710 43.705 -0.500 2.500
2 24 44.299 -0.500 0.868 44.073 -0.500 1.710
2 24 35.625 -0.500 -3.307 35.625 -0.500 3.307
2 24 37.183 0.000 3.930 37.878 0.000 4.244
2 24 43.272 0.000 2.250 42.822 0.000 2.893
2 24 43.875 0.000 0.000 43.807 0.000 0.781
2 24 43.205 -0.500 3.214 42.589 -0.500 3.830
2 24 44.375 -0.500 0.000 44.299 -0.500 0.868
2 24 36.125 0.000 -3.112 36.125 0.000 3.112
2 24 35.625 -199.500 -3.307 35.625 -199.500 3.307
2 24 36.125 -200.000 -3.112 36.125 -200.000 3.112
2 24 43.604 -200.000 1.539 43.272 -200.000 2.250
2 24 43.807 -200.000 0.781 43.604 -200.000 1.539
2 24 43.272 -200.000 2.250 42.822 -200.000 2.893
2 24 43.875 -200.000 0.000 43.807 -200.000 0.781
2 24 37.183 -200.000 3.930 37.878 -200.000 4.244
2 24 36.125 -200.000 3.112 36.551 -200.000 3.503
2 24 36.551 0.000 -3.503 36.125 0.000 -3.112
2 24 37.878 0.000 4.244 38.615 0.000 4.435
2 24 41.625 0.000 3.897 40.914 0.000 4.229
2 24 42.268 0.000 3.447 41.625 0.000 3.897
2 24 43.807 0.000 -0.781 43.875 0.000 0.000
2 24 41.085 -0.500 4.698 40.243 -0.500 4.924
2 24 44.299 -0.500 -0.868 44.375 -0.500 0.000
2 24 36.125 0.000 3.112 36.551 0.000 3.503
2 24 36.237 -0.500 3.893 36.939 -0.500 4.367
2 24 38.615 0.000 -4.435 37.878 0.000 -4.244
2 24 42.268 0.000 -3.447 42.822 0.000 -2.893
2 24 42.589 -0.500 -3.830 43.205 -0.500 -3.214
2 24 38.531 -0.500 -4.928 37.711 -0.500 -4.715
2 24 37.878 0.000 -4.244 37.183 0.000 -3.930
2 24 37.711 -0.500 -4.715 36.939 -0.500 -4.367
2 24 42.822 0.000 -2.893 43.272 0.000 -2.250
2 24 43.205 -0.500 -3.214 43.705 -0.500 -2.500
2 24 37.183 0.000 -3.930 36.551 0.000 -3.503
2 24 36.939 -0.500 -4.367 36.237 -0.500 -3.893
2 24 36.551 0.000 3.503 37.183 0.000 3.930
2 24 40.156 0.000 4.432 39.375 0.000 4.500
2 24 40.914 0.000 4.229 40.156 0.000 4.432
2 24 38.531 -0.500 4.928 39.375 -0.500 5.000
2 24 38.615 0.000 4.435 39.375 0.000 4.500
2 24 44.073 -0.500 -1.710 44.299 -0.500 -0.868
2 24 40.156 0.000 -4.432 40.914 0.000 -4.229
2 24 39.375 0.000 -4.500 40.156 0.000 -4.432
2 24 40.243 -0.500 -4.924 41.085 -0.500 -4.698
2 24 39.375 -0.500 -5.000 40.243 -0.500 -4.924
2 24 39.375 0.000 -4.500 38.615 0.000 -4.435
2 24 41.625 0.000 -3.897 42.268 0.000 -3.447
2 24 39.375 -0.500 -5.000 38.531 -0.500 -4.928
2 24 42.822 0.000 2.893 42.268 0.000 3.447
2 24 37.711 -0.500 4.715 38.531 -0.500 4.928
2 24 40.243 -0.500 4.924 39.375 -0.500 5.000
2 24 41.875 -0.500 4.330 41.085 -0.500 4.698
2 24 42.589 -0.500 3.830 41.875 -0.500 4.330
2 24 41.875 -0.500 -4.330 42.589 -0.500 -3.830
2 24 40.914 0.000 -4.229 41.625 0.000 -3.897
2 24 41.085 -0.500 -4.698 41.875 -0.500 -4.330
2 24 43.604 0.000 -1.539 43.807 0.000 -0.781
2 24 43.272 0.000 -2.250 43.604 0.000 -1.539
2 24 43.705 -0.500 -2.500 44.073 -0.500 -1.710
2 24 38.615 -200.000 4.435 39.375 -200.000 4.500
2 24 42.822 -200.000 2.893 42.268 -200.000 3.447
2 24 43.807 -200.000 -0.781 43.875 -200.000 0.000
2 24 42.268 -200.000 3.447 41.625 -200.000 3.897
2 24 37.878 -200.000 4.244 38.615 -200.000 4.435
2 24 36.551 -200.000 -3.503 36.125 -200.000 -3.112
2 24 41.625 -200.000 3.897 40.914 -200.000 4.229
2 24 40.914 -200.000 4.229 40.156 -200.000 4.432
2 24 40.156 -200.000 4.432 39.375 -200.000 4.500
2 24 36.551 -200.000 3.503 37.183 -200.000 3.930
2 24 37.183 -200.000 -3.930 36.551 -200.000 -3.503
2 24 37.878 -200.000 -4.244 37.183 -200.000 -3.930
2 24 42.822 -200.000 -2.893 43.272 -200.000 -2.250
2 24 38.615 -200.000 -4.435 37.878 -200.000 -4.244
2 24 42.268 -200.000 -3.447 42.822 -200.000 -2.893
2 24 43.272 -200.000 -2.250 43.604 -200.000 -1.539
2 24 43.604 -200.000 -1.539 43.807 -200.000 -0.781
2 24 39.375 -200.000 -4.500 38.615 -200.000 -4.435
2 24 41.625 -200.000 -3.897 42.268 -200.000 -3.447
2 24 39.375 -200.000 -4.500 40.156 -200.000 -4.432
2 24 40.156 -200.000 -4.432 40.914 -200.000 -4.229
2 24 40.914 -200.000 -4.229 41.625 -200.000 -3.897
