0 FILE MX10-0164.dat
0 4mm D Shaft - 164mm
0 Name:  MX10-0164.dat
0 Author:  
0 BL_Item_No 10-0164
0 BFC CERTIFY CCW
3 16 -36.888 -410.000 3.875 -43.211 -409.750 4.125 -43.112 -410.000 3.875
3 16 -36.888 -410.000 3.875 -36.789 -409.750 4.125 -43.211 -409.750 4.125
3 16 -36.789 -409.750 4.125 -43.307 -409.500 4.375 -43.211 -409.750 4.125
3 16 -36.789 -409.750 4.125 -36.693 -409.500 4.375 -43.307 -409.500 4.375
3 16 -43.112 0.000 3.875 -36.789 -0.250 4.125 -36.888 0.000 3.875
3 16 -43.112 0.000 3.875 -43.211 -0.250 4.125 -36.789 -0.250 4.125
3 16 -43.211 -0.250 4.125 -36.693 -0.500 4.375 -36.789 -0.250 4.125
3 16 -43.211 -0.250 4.125 -43.307 -0.500 4.375 -36.693 -0.500 4.375
3 16 -36.070 -410.000 2.817 -43.447 -410.000 -2.268 -35.756 -410.000 2.122
3 16 -36.070 -410.000 2.817 -36.497 -410.000 3.449 -43.447 -410.000 -2.268
3 16 -36.497 -410.000 3.449 -43.897 -410.000 -1.625 -43.447 -410.000 -2.268
3 16 -35.500 -410.000 0.625 -43.447 -410.000 -2.268 -35.568 -410.000 -0.156
3 16 -35.500 -410.000 0.625 -35.565 -410.000 1.385 -43.447 -410.000 -2.268
3 16 -35.565 -410.000 1.385 -35.756 -410.000 2.122 -43.447 -410.000 -2.268
3 16 -43.112 -410.000 3.875 -36.497 -410.000 3.449 -36.888 -410.000 3.875
3 16 -43.112 -410.000 3.875 -43.503 -410.000 3.449 -36.497 -410.000 3.449
3 16 -43.503 -410.000 3.449 -43.930 -410.000 2.817 -36.497 -410.000 3.449
3 16 -37.750 -410.000 -3.272 -42.250 -410.000 -3.272 -38.461 -410.000 -3.604
3 16 -44.244 -410.000 2.122 -36.497 -410.000 3.449 -43.930 -410.000 2.817
3 16 -44.244 -410.000 2.122 -44.435 -410.000 1.385 -36.497 -410.000 3.449
3 16 -44.435 -410.000 1.385 -44.500 -410.000 0.625 -36.497 -410.000 3.449
3 16 -37.750 -410.000 -3.272 -42.893 -410.000 -2.822 -42.250 -410.000 -3.272
3 16 -40.781 -410.000 -3.807 -40.000 -410.000 -3.875 -41.539 -410.000 -3.604
3 16 -44.432 -410.000 -0.156 -36.497 -410.000 3.449 -44.500 -410.000 0.625
3 16 -44.432 -410.000 -0.156 -44.229 -410.000 -0.914 -36.497 -410.000 3.449
3 16 -44.229 -410.000 -0.914 -43.897 -410.000 -1.625 -36.497 -410.000 3.449
3 16 -37.750 -410.000 -3.272 -43.447 -410.000 -2.268 -42.893 -410.000 -2.822
3 16 -37.750 -410.000 -3.272 -37.107 -410.000 -2.822 -43.447 -410.000 -2.268
3 16 -37.107 -410.000 -2.822 -36.553 -410.000 -2.268 -43.447 -410.000 -2.268
3 16 -36.103 -410.000 -1.625 -43.447 -410.000 -2.268 -36.553 -410.000 -2.268
3 16 -36.103 -410.000 -1.625 -35.771 -410.000 -0.914 -43.447 -410.000 -2.268
3 16 -35.771 -410.000 -0.914 -35.568 -410.000 -0.156 -43.447 -410.000 -2.268
3 16 -40.000 -410.000 -3.875 -42.250 -410.000 -3.272 -41.539 -410.000 -3.604
3 16 -40.000 -410.000 -3.875 -39.219 -410.000 -3.807 -42.250 -410.000 -3.272
3 16 -39.219 -410.000 -3.807 -38.461 -410.000 -3.604 -42.250 -410.000 -3.272
3 16 -36.693 -0.500 4.375 -43.307 -409.500 4.375 -36.693 -409.500 4.375
3 16 -36.693 -0.500 4.375 -43.307 -0.500 4.375 -43.307 -409.500 4.375
3 16 -44.244 0.000 2.122 -36.553 0.000 -2.268 -44.435 0.000 1.385
3 16 -36.888 0.000 3.875 -43.503 0.000 3.449 -43.112 0.000 3.875
3 16 -36.888 0.000 3.875 -36.497 0.000 3.449 -43.503 0.000 3.449
3 16 -36.070 0.000 2.817 -43.503 0.000 3.449 -36.497 0.000 3.449
3 16 -36.070 0.000 2.817 -35.756 0.000 2.122 -43.503 0.000 3.449
3 16 -35.756 0.000 2.122 -35.565 0.000 1.385 -43.503 0.000 3.449
3 16 -37.750 0.000 -3.272 -38.461 0.000 -3.604 -37.107 0.000 -2.822
3 16 -43.897 0.000 -1.625 -36.553 0.000 -2.268 -43.447 0.000 -2.268
3 16 -43.897 0.000 -1.625 -44.229 0.000 -0.914 -36.553 0.000 -2.268
3 16 -35.500 0.000 0.625 -43.503 0.000 3.449 -35.565 0.000 1.385
3 16 -35.500 0.000 0.625 -35.568 0.000 -0.156 -43.503 0.000 3.449
3 16 -35.568 0.000 -0.156 -35.771 0.000 -0.914 -43.503 0.000 3.449
3 16 -43.930 0.000 2.817 -36.553 0.000 -2.268 -44.244 0.000 2.122
3 16 -43.930 0.000 2.817 -43.503 0.000 3.449 -36.553 0.000 -2.268
3 16 -43.503 0.000 3.449 -36.103 0.000 -1.625 -36.553 0.000 -2.268
3 16 -43.503 0.000 3.449 -35.771 0.000 -0.914 -36.103 0.000 -1.625
3 16 -39.219 0.000 -3.807 -37.107 0.000 -2.822 -38.461 0.000 -3.604
3 16 -39.219 0.000 -3.807 -40.000 0.000 -3.875 -37.107 0.000 -2.822
3 16 -40.000 0.000 -3.875 -40.781 0.000 -3.807 -37.107 0.000 -2.822
3 16 -41.539 0.000 -3.604 -37.107 0.000 -2.822 -40.781 0.000 -3.807
3 16 -41.539 0.000 -3.604 -42.250 0.000 -3.272 -37.107 0.000 -2.822
3 16 -42.250 0.000 -3.272 -36.553 0.000 -2.268 -37.107 0.000 -2.822
3 16 -42.250 0.000 -3.272 -42.893 0.000 -2.822 -36.553 0.000 -2.268
3 16 -42.893 0.000 -2.822 -43.447 0.000 -2.268 -36.553 0.000 -2.268
3 16 -44.432 0.000 -0.156 -36.553 0.000 -2.268 -44.229 0.000 -0.914
3 16 -44.432 0.000 -0.156 -44.500 0.000 0.625 -36.553 0.000 -2.268
3 16 -44.500 0.000 0.625 -44.435 0.000 1.385 -36.553 0.000 -2.268
3 16 -43.307 -409.500 4.375 -43.893 -409.500 3.763 -43.211 -409.750 4.125
3 16 -43.893 -409.500 3.763 -43.112 -410.000 3.875 -43.211 -409.750 4.125
3 16 -43.893 -409.500 3.763 -43.503 -410.000 3.449 -43.112 -410.000 3.875
3 16 -43.893 -409.500 3.763 -44.367 -409.500 3.061 -43.503 -410.000 3.449
3 16 -44.367 -409.500 3.061 -43.930 -410.000 2.817 -43.503 -410.000 3.449
3 16 -44.367 -409.500 3.061 -44.715 -409.500 2.289 -43.930 -410.000 2.817
3 16 -44.715 -409.500 2.289 -44.244 -410.000 2.122 -43.930 -410.000 2.817
3 16 -44.715 -409.500 2.289 -44.928 -409.500 1.469 -44.244 -410.000 2.122
3 16 -44.928 -409.500 1.469 -44.435 -410.000 1.385 -44.244 -410.000 2.122
3 16 -44.928 -409.500 1.469 -45.000 -409.500 0.625 -44.435 -410.000 1.385
3 16 -45.000 -409.500 0.625 -44.500 -410.000 0.625 -44.435 -410.000 1.385
3 16 -36.693 -0.500 4.375 -36.107 -0.500 3.763 -36.789 -0.250 4.125
3 16 -36.107 -0.500 3.763 -36.888 0.000 3.875 -36.789 -0.250 4.125
3 16 -36.107 -0.500 3.763 -36.497 0.000 3.449 -36.888 0.000 3.875
3 16 -36.107 -0.500 3.763 -35.633 -0.500 3.061 -36.497 0.000 3.449
3 16 -35.633 -0.500 3.061 -36.070 0.000 2.817 -36.497 0.000 3.449
3 16 -35.633 -0.500 3.061 -35.285 -0.500 2.289 -36.070 0.000 2.817
3 16 -35.285 -0.500 2.289 -35.756 0.000 2.122 -36.070 0.000 2.817
3 16 -35.285 -0.500 2.289 -35.072 -0.500 1.469 -35.756 0.000 2.122
3 16 -35.072 -0.500 1.469 -35.565 0.000 1.385 -35.756 0.000 2.122
3 16 -35.072 -0.500 1.469 -35.000 -0.500 0.625 -35.565 0.000 1.385
3 16 -35.000 -0.500 0.625 -35.500 0.000 0.625 -35.565 0.000 1.385
3 16 -43.307 -0.500 4.375 -43.893 -0.500 3.763 -43.307 -409.500 4.375
3 16 -43.893 -0.500 3.763 -43.893 -409.500 3.763 -43.307 -409.500 4.375
3 16 -43.893 -0.500 3.763 -44.367 -0.500 3.061 -43.893 -409.500 3.763
3 16 -44.367 -0.500 3.061 -44.367 -409.500 3.061 -43.893 -409.500 3.763
3 16 -44.367 -0.500 3.061 -44.715 -0.500 2.289 -44.367 -409.500 3.061
3 16 -44.715 -0.500 2.289 -44.715 -409.500 2.289 -44.367 -409.500 3.061
3 16 -44.715 -0.500 2.289 -44.928 -0.500 1.469 -44.715 -409.500 2.289
3 16 -44.928 -0.500 1.469 -44.928 -409.500 1.469 -44.715 -409.500 2.289
3 16 -44.928 -0.500 1.469 -45.000 -0.500 0.625 -44.928 -409.500 1.469
3 16 -45.000 -0.500 0.625 -45.000 -409.500 0.625 -44.928 -409.500 1.469
3 16 -45.000 -409.500 0.625 -44.924 -409.500 -0.243 -44.500 -410.000 0.625
3 16 -44.924 -409.500 -0.243 -44.432 -410.000 -0.156 -44.500 -410.000 0.625
3 16 -44.924 -409.500 -0.243 -44.698 -409.500 -1.085 -44.432 -410.000 -0.156
3 16 -44.698 -409.500 -1.085 -44.229 -410.000 -0.914 -44.432 -410.000 -0.156
3 16 -44.698 -409.500 -1.085 -44.330 -409.500 -1.875 -44.229 -410.000 -0.914
3 16 -44.330 -409.500 -1.875 -43.897 -410.000 -1.625 -44.229 -410.000 -0.914
3 16 -44.330 -409.500 -1.875 -43.830 -409.500 -2.589 -43.897 -410.000 -1.625
3 16 -43.830 -409.500 -2.589 -43.447 -410.000 -2.268 -43.897 -410.000 -1.625
3 16 -43.830 -409.500 -2.589 -43.214 -409.500 -3.205 -43.447 -410.000 -2.268
3 16 -43.214 -409.500 -3.205 -42.893 -410.000 -2.822 -43.447 -410.000 -2.268
3 16 -43.214 -409.500 -3.205 -42.500 -409.500 -3.705 -42.893 -410.000 -2.822
3 16 -42.500 -409.500 -3.705 -42.250 -410.000 -3.272 -42.893 -410.000 -2.822
3 16 -42.500 -409.500 -3.705 -41.710 -409.500 -4.073 -42.250 -410.000 -3.272
3 16 -41.710 -409.500 -4.073 -41.539 -410.000 -3.604 -42.250 -410.000 -3.272
3 16 -41.710 -409.500 -4.073 -40.868 -409.500 -4.299 -41.539 -410.000 -3.604
3 16 -40.868 -409.500 -4.299 -40.781 -410.000 -3.807 -41.539 -410.000 -3.604
3 16 -40.868 -409.500 -4.299 -40.000 -409.500 -4.375 -40.781 -410.000 -3.807
3 16 -40.000 -409.500 -4.375 -40.000 -410.000 -3.875 -40.781 -410.000 -3.807
3 16 -40.000 -409.500 -4.375 -39.132 -409.500 -4.299 -40.000 -410.000 -3.875
3 16 -39.132 -409.500 -4.299 -39.219 -410.000 -3.807 -40.000 -410.000 -3.875
3 16 -39.132 -409.500 -4.299 -38.290 -409.500 -4.073 -39.219 -410.000 -3.807
3 16 -38.290 -409.500 -4.073 -38.461 -410.000 -3.604 -39.219 -410.000 -3.807
3 16 -38.290 -409.500 -4.073 -37.500 -409.500 -3.705 -38.461 -410.000 -3.604
3 16 -37.500 -409.500 -3.705 -37.750 -410.000 -3.272 -38.461 -410.000 -3.604
3 16 -37.500 -409.500 -3.705 -36.786 -409.500 -3.205 -37.750 -410.000 -3.272
3 16 -36.786 -409.500 -3.205 -37.107 -410.000 -2.822 -37.750 -410.000 -3.272
3 16 -36.786 -409.500 -3.205 -36.170 -409.500 -2.589 -37.107 -410.000 -2.822
3 16 -36.170 -409.500 -2.589 -36.553 -410.000 -2.268 -37.107 -410.000 -2.822
3 16 -36.170 -409.500 -2.589 -35.670 -409.500 -1.875 -36.553 -410.000 -2.268
3 16 -35.670 -409.500 -1.875 -36.103 -410.000 -1.625 -36.553 -410.000 -2.268
3 16 -35.670 -409.500 -1.875 -35.302 -409.500 -1.085 -36.103 -410.000 -1.625
3 16 -35.302 -409.500 -1.085 -35.771 -410.000 -0.914 -36.103 -410.000 -1.625
3 16 -35.302 -409.500 -1.085 -35.076 -409.500 -0.243 -35.771 -410.000 -0.914
3 16 -35.076 -409.500 -0.243 -35.568 -410.000 -0.156 -35.771 -410.000 -0.914
3 16 -35.076 -409.500 -0.243 -35.000 -409.500 0.625 -35.568 -410.000 -0.156
3 16 -35.000 -409.500 0.625 -35.500 -410.000 0.625 -35.568 -410.000 -0.156
3 16 -36.888 -410.000 3.875 -36.497 -410.000 3.449 -36.789 -409.750 4.125
3 16 -36.693 -409.500 4.375 -36.789 -409.750 4.125 -36.107 -409.500 3.763
3 16 -36.497 -410.000 3.449 -36.107 -409.500 3.763 -36.789 -409.750 4.125
3 16 -36.497 -410.000 3.449 -36.070 -410.000 2.817 -36.107 -409.500 3.763
3 16 -36.070 -410.000 2.817 -35.633 -409.500 3.061 -36.107 -409.500 3.763
3 16 -36.070 -410.000 2.817 -35.756 -410.000 2.122 -35.633 -409.500 3.061
3 16 -35.756 -410.000 2.122 -35.285 -409.500 2.289 -35.633 -409.500 3.061
3 16 -35.756 -410.000 2.122 -35.565 -410.000 1.385 -35.285 -409.500 2.289
3 16 -35.565 -410.000 1.385 -35.072 -409.500 1.469 -35.285 -409.500 2.289
3 16 -35.565 -410.000 1.385 -35.500 -410.000 0.625 -35.072 -409.500 1.469
3 16 -35.500 -410.000 0.625 -35.000 -409.500 0.625 -35.072 -409.500 1.469
3 16 -35.000 -0.500 0.625 -35.076 -0.500 -0.243 -35.500 0.000 0.625
3 16 -35.076 -0.500 -0.243 -35.568 0.000 -0.156 -35.500 0.000 0.625
3 16 -35.076 -0.500 -0.243 -35.302 -0.500 -1.085 -35.568 0.000 -0.156
3 16 -35.302 -0.500 -1.085 -35.771 0.000 -0.914 -35.568 0.000 -0.156
3 16 -35.302 -0.500 -1.085 -35.670 -0.500 -1.875 -35.771 0.000 -0.914
3 16 -35.670 -0.500 -1.875 -36.103 0.000 -1.625 -35.771 0.000 -0.914
3 16 -35.670 -0.500 -1.875 -36.170 -0.500 -2.589 -36.103 0.000 -1.625
3 16 -36.170 -0.500 -2.589 -36.553 0.000 -2.268 -36.103 0.000 -1.625
3 16 -36.170 -0.500 -2.589 -36.786 -0.500 -3.205 -36.553 0.000 -2.268
3 16 -36.786 -0.500 -3.205 -37.107 0.000 -2.822 -36.553 0.000 -2.268
3 16 -36.786 -0.500 -3.205 -37.500 -0.500 -3.705 -37.107 0.000 -2.822
3 16 -37.500 -0.500 -3.705 -37.750 0.000 -3.272 -37.107 0.000 -2.822
3 16 -37.500 -0.500 -3.705 -38.290 -0.500 -4.073 -37.750 0.000 -3.272
3 16 -38.290 -0.500 -4.073 -38.461 0.000 -3.604 -37.750 0.000 -3.272
3 16 -38.290 -0.500 -4.073 -39.132 -0.500 -4.299 -38.461 0.000 -3.604
3 16 -39.132 -0.500 -4.299 -39.219 0.000 -3.807 -38.461 0.000 -3.604
3 16 -39.132 -0.500 -4.299 -40.000 -0.500 -4.375 -39.219 0.000 -3.807
3 16 -40.000 -0.500 -4.375 -40.000 0.000 -3.875 -39.219 0.000 -3.807
3 16 -40.000 -0.500 -4.375 -40.868 -0.500 -4.299 -40.000 0.000 -3.875
3 16 -40.868 -0.500 -4.299 -40.781 0.000 -3.807 -40.000 0.000 -3.875
3 16 -40.868 -0.500 -4.299 -41.710 -0.500 -4.073 -40.781 0.000 -3.807
3 16 -41.710 -0.500 -4.073 -41.539 0.000 -3.604 -40.781 0.000 -3.807
3 16 -41.710 -0.500 -4.073 -42.500 -0.500 -3.705 -41.539 0.000 -3.604
3 16 -42.500 -0.500 -3.705 -42.250 0.000 -3.272 -41.539 0.000 -3.604
3 16 -42.500 -0.500 -3.705 -43.214 -0.500 -3.205 -42.250 0.000 -3.272
3 16 -43.214 -0.500 -3.205 -42.893 0.000 -2.822 -42.250 0.000 -3.272
3 16 -43.214 -0.500 -3.205 -43.830 -0.500 -2.589 -42.893 0.000 -2.822
3 16 -43.830 -0.500 -2.589 -43.447 0.000 -2.268 -42.893 0.000 -2.822
3 16 -43.830 -0.500 -2.589 -44.330 -0.500 -1.875 -43.447 0.000 -2.268
3 16 -44.330 -0.500 -1.875 -43.897 0.000 -1.625 -43.447 0.000 -2.268
3 16 -44.330 -0.500 -1.875 -44.698 -0.500 -1.085 -43.897 0.000 -1.625
3 16 -44.698 -0.500 -1.085 -44.229 0.000 -0.914 -43.897 0.000 -1.625
3 16 -44.698 -0.500 -1.085 -44.924 -0.500 -0.243 -44.229 0.000 -0.914
3 16 -44.924 -0.500 -0.243 -44.432 0.000 -0.156 -44.229 0.000 -0.914
3 16 -44.924 -0.500 -0.243 -45.000 -0.500 0.625 -44.432 0.000 -0.156
3 16 -45.000 -0.500 0.625 -44.500 0.000 0.625 -44.432 0.000 -0.156
3 16 -43.112 0.000 3.875 -43.503 0.000 3.449 -43.211 -0.250 4.125
3 16 -43.307 -0.500 4.375 -43.211 -0.250 4.125 -43.893 -0.500 3.763
3 16 -43.503 0.000 3.449 -43.893 -0.500 3.763 -43.211 -0.250 4.125
3 16 -43.503 0.000 3.449 -43.930 0.000 2.817 -43.893 -0.500 3.763
3 16 -43.930 0.000 2.817 -44.367 -0.500 3.061 -43.893 -0.500 3.763
3 16 -43.930 0.000 2.817 -44.244 0.000 2.122 -44.367 -0.500 3.061
3 16 -44.244 0.000 2.122 -44.715 -0.500 2.289 -44.367 -0.500 3.061
3 16 -44.244 0.000 2.122 -44.435 0.000 1.385 -44.715 -0.500 2.289
3 16 -44.435 0.000 1.385 -44.928 -0.500 1.469 -44.715 -0.500 2.289
3 16 -44.435 0.000 1.385 -44.500 0.000 0.625 -44.928 -0.500 1.469
3 16 -44.500 0.000 0.625 -45.000 -0.500 0.625 -44.928 -0.500 1.469
3 16 -45.000 -0.500 0.625 -44.924 -0.500 -0.243 -45.000 -409.500 0.625
3 16 -44.924 -0.500 -0.243 -44.924 -409.500 -0.243 -45.000 -409.500 0.625
3 16 -44.924 -0.500 -0.243 -44.698 -0.500 -1.085 -44.924 -409.500 -0.243
3 16 -44.698 -0.500 -1.085 -44.698 -409.500 -1.085 -44.924 -409.500 -0.243
3 16 -44.698 -0.500 -1.085 -44.330 -0.500 -1.875 -44.698 -409.500 -1.085
3 16 -44.330 -0.500 -1.875 -44.330 -409.500 -1.875 -44.698 -409.500 -1.085
3 16 -44.330 -0.500 -1.875 -43.830 -0.500 -2.589 -44.330 -409.500 -1.875
3 16 -43.830 -0.500 -2.589 -43.830 -409.500 -2.589 -44.330 -409.500 -1.875
3 16 -43.830 -0.500 -2.589 -43.214 -0.500 -3.205 -43.830 -409.500 -2.589
3 16 -43.214 -0.500 -3.205 -43.214 -409.500 -3.205 -43.830 -409.500 -2.589
3 16 -43.214 -0.500 -3.205 -42.500 -0.500 -3.705 -43.214 -409.500 -3.205
3 16 -42.500 -0.500 -3.705 -42.500 -409.500 -3.705 -43.214 -409.500 -3.205
3 16 -42.500 -0.500 -3.705 -41.710 -0.500 -4.073 -42.500 -409.500 -3.705
3 16 -41.710 -0.500 -4.073 -41.710 -409.500 -4.073 -42.500 -409.500 -3.705
3 16 -41.710 -0.500 -4.073 -40.868 -0.500 -4.299 -41.710 -409.500 -4.073
3 16 -40.868 -0.500 -4.299 -40.868 -409.500 -4.299 -41.710 -409.500 -4.073
3 16 -40.868 -0.500 -4.299 -40.000 -0.500 -4.375 -40.868 -409.500 -4.299
3 16 -40.000 -0.500 -4.375 -40.000 -409.500 -4.375 -40.868 -409.500 -4.299
3 16 -40.000 -0.500 -4.375 -39.132 -0.500 -4.299 -40.000 -409.500 -4.375
3 16 -39.132 -0.500 -4.299 -39.132 -409.500 -4.299 -40.000 -409.500 -4.375
3 16 -39.132 -0.500 -4.299 -38.290 -0.500 -4.073 -39.132 -409.500 -4.299
3 16 -38.290 -0.500 -4.073 -38.290 -409.500 -4.073 -39.132 -409.500 -4.299
3 16 -38.290 -0.500 -4.073 -37.500 -0.500 -3.705 -38.290 -409.500 -4.073
3 16 -37.500 -0.500 -3.705 -37.500 -409.500 -3.705 -38.290 -409.500 -4.073
3 16 -37.500 -0.500 -3.705 -36.786 -0.500 -3.205 -37.500 -409.500 -3.705
3 16 -36.786 -0.500 -3.205 -36.786 -409.500 -3.205 -37.500 -409.500 -3.705
3 16 -36.786 -0.500 -3.205 -36.170 -0.500 -2.589 -36.786 -409.500 -3.205
3 16 -36.170 -0.500 -2.589 -36.170 -409.500 -2.589 -36.786 -409.500 -3.205
3 16 -36.170 -0.500 -2.589 -35.670 -0.500 -1.875 -36.170 -409.500 -2.589
3 16 -35.670 -0.500 -1.875 -35.670 -409.500 -1.875 -36.170 -409.500 -2.589
3 16 -35.670 -0.500 -1.875 -35.302 -0.500 -1.085 -35.670 -409.500 -1.875
3 16 -35.302 -0.500 -1.085 -35.302 -409.500 -1.085 -35.670 -409.500 -1.875
3 16 -35.302 -0.500 -1.085 -35.076 -0.500 -0.243 -35.302 -409.500 -1.085
3 16 -35.076 -0.500 -0.243 -35.076 -409.500 -0.243 -35.302 -409.500 -1.085
3 16 -35.076 -0.500 -0.243 -35.000 -0.500 0.625 -35.076 -409.500 -0.243
3 16 -35.000 -0.500 0.625 -35.000 -409.500 0.625 -35.076 -409.500 -0.243
3 16 -35.000 -0.500 0.625 -35.072 -0.500 1.469 -35.000 -409.500 0.625
3 16 -35.072 -0.500 1.469 -35.072 -409.500 1.469 -35.000 -409.500 0.625
3 16 -35.072 -0.500 1.469 -35.285 -0.500 2.289 -35.072 -409.500 1.469
3 16 -35.285 -0.500 2.289 -35.285 -409.500 2.289 -35.072 -409.500 1.469
3 16 -35.285 -0.500 2.289 -35.633 -0.500 3.061 -35.285 -409.500 2.289
3 16 -35.633 -0.500 3.061 -35.633 -409.500 3.061 -35.285 -409.500 2.289
3 16 -35.633 -0.500 3.061 -36.107 -0.500 3.763 -35.633 -409.500 3.061
3 16 -36.107 -0.500 3.763 -36.107 -409.500 3.763 -35.633 -409.500 3.061
3 16 -36.107 -0.500 3.763 -36.693 -0.500 4.375 -36.107 -409.500 3.763
3 16 -36.693 -0.500 4.375 -36.693 -409.500 4.375 -36.107 -409.500 3.763
2 24 -36.888 -410.000 3.875 -43.112 -410.000 3.875
2 24 -36.693 -409.500 4.375 -43.307 -409.500 4.375
2 24 -40.781 0.000 -3.807 -41.539 0.000 -3.604
2 24 -41.539 0.000 -3.604 -42.250 0.000 -3.272
2 24 -36.888 0.000 3.875 -43.112 0.000 3.875
2 24 -36.693 -0.500 4.375 -43.307 -0.500 4.375
2 24 -43.112 0.000 3.875 -43.503 0.000 3.449
2 24 -43.930 0.000 2.817 -44.244 0.000 2.122
2 24 -40.000 0.000 -3.875 -40.781 0.000 -3.807
2 24 -42.250 0.000 -3.272 -42.893 0.000 -2.822
2 24 -43.930 -410.000 2.817 -44.244 -410.000 2.122
2 24 -42.250 -410.000 -3.272 -42.893 -410.000 -2.822
2 24 -40.000 -410.000 -3.875 -40.781 -410.000 -3.807
2 24 -40.781 -410.000 -3.807 -41.539 -410.000 -3.604
2 24 -41.539 -410.000 -3.604 -42.250 -410.000 -3.272
2 24 -43.214 -409.500 -3.205 -43.830 -409.500 -2.589
2 24 -42.500 -409.500 -3.705 -43.214 -409.500 -3.205
2 24 -40.000 -409.500 -4.375 -40.868 -409.500 -4.299
2 24 -42.893 -410.000 -2.822 -43.447 -410.000 -2.268
2 24 -44.715 -409.500 2.289 -44.928 -409.500 1.469
2 24 -43.830 -409.500 -2.589 -44.330 -409.500 -1.875
2 24 -43.447 -410.000 -2.268 -43.897 -410.000 -1.625
2 24 -39.219 -410.000 -3.807 -40.000 -410.000 -3.875
2 24 -44.924 -409.500 -0.243 -45.000 -409.500 0.625
2 24 -44.698 -409.500 -1.085 -44.924 -409.500 -0.243
2 24 -44.330 -409.500 -1.875 -44.698 -409.500 -1.085
2 24 -39.132 -409.500 -4.299 -40.000 -409.500 -4.375
2 24 -35.756 -410.000 2.122 -36.070 -410.000 2.817
2 24 -35.285 -409.500 2.289 -35.633 -409.500 3.061
2 24 -37.107 -410.000 -2.822 -37.750 -410.000 -3.272
2 24 -36.786 -409.500 -3.205 -37.500 -409.500 -3.705
2 24 -36.070 -410.000 2.817 -36.497 -410.000 3.449
2 24 -35.633 -409.500 3.061 -36.107 -409.500 3.763
2 24 -36.497 -410.000 3.449 -36.888 -410.000 3.875
2 24 -44.244 -410.000 2.122 -44.435 -410.000 1.385
2 24 -43.897 -410.000 -1.625 -44.229 -410.000 -0.914
2 24 -41.710 -409.500 -4.073 -42.500 -409.500 -3.705
2 24 -40.868 -409.500 -4.299 -41.710 -409.500 -4.073
2 24 -35.500 -410.000 0.625 -35.568 -410.000 -0.156
2 24 -35.568 -410.000 -0.156 -35.771 -410.000 -0.914
2 24 -35.076 -409.500 -0.243 -35.302 -409.500 -1.085
2 24 -35.000 -409.500 0.625 -35.076 -409.500 -0.243
2 24 -35.500 -410.000 0.625 -35.565 -410.000 1.385
2 24 -36.103 -410.000 -1.625 -36.553 -410.000 -2.268
2 24 -35.000 -409.500 0.625 -35.072 -409.500 1.469
2 24 -35.565 -410.000 1.385 -35.756 -410.000 2.122
2 24 -36.553 -410.000 -2.268 -37.107 -410.000 -2.822
2 24 -36.170 -409.500 -2.589 -36.786 -409.500 -3.205
2 24 -35.072 -409.500 1.469 -35.285 -409.500 2.289
2 24 -43.112 -410.000 3.875 -43.503 -410.000 3.449
2 24 -43.893 -409.500 3.763 -44.367 -409.500 3.061
2 24 -43.503 -410.000 3.449 -43.930 -410.000 2.817
2 24 -37.750 -410.000 -3.272 -38.461 -410.000 -3.604
2 24 -37.500 -409.500 -3.705 -38.290 -409.500 -4.073
2 24 -44.432 -410.000 -0.156 -44.500 -410.000 0.625
2 24 -44.229 -410.000 -0.914 -44.432 -410.000 -0.156
2 24 -44.928 -409.500 1.469 -45.000 -409.500 0.625
2 24 -44.435 -410.000 1.385 -44.500 -410.000 0.625
2 24 -38.290 -409.500 -4.073 -39.132 -409.500 -4.299
2 24 -44.367 -409.500 3.061 -44.715 -409.500 2.289
2 24 -35.670 -409.500 -1.875 -36.170 -409.500 -2.589
2 24 -35.771 -410.000 -0.914 -36.103 -410.000 -1.625
2 24 -35.302 -409.500 -1.085 -35.670 -409.500 -1.875
2 24 -38.461 -410.000 -3.604 -39.219 -410.000 -3.807
2 24 -38.461 0.000 -3.604 -39.219 0.000 -3.807
2 24 -44.435 0.000 1.385 -44.500 0.000 0.625
2 24 -42.893 0.000 -2.822 -43.447 0.000 -2.268
2 24 -43.447 0.000 -2.268 -43.897 0.000 -1.625
2 24 -39.219 0.000 -3.807 -40.000 0.000 -3.875
2 24 -43.503 0.000 3.449 -43.930 0.000 2.817
2 24 -44.244 0.000 2.122 -44.435 0.000 1.385
2 24 -36.497 0.000 3.449 -36.888 0.000 3.875
2 24 -43.897 0.000 -1.625 -44.229 0.000 -0.914
2 24 -44.229 0.000 -0.914 -44.432 0.000 -0.156
2 24 -44.432 0.000 -0.156 -44.500 0.000 0.625
2 24 -36.070 0.000 2.817 -36.497 0.000 3.449
2 24 -35.756 0.000 2.122 -36.070 0.000 2.817
2 24 -37.107 0.000 -2.822 -37.750 0.000 -3.272
2 24 -35.565 0.000 1.385 -35.756 0.000 2.122
2 24 -36.553 0.000 -2.268 -37.107 0.000 -2.822
2 24 -37.750 0.000 -3.272 -38.461 0.000 -3.604
2 24 -35.500 0.000 0.625 -35.565 0.000 1.385
2 24 -36.103 0.000 -1.625 -36.553 0.000 -2.268
2 24 -35.500 0.000 0.625 -35.568 0.000 -0.156
2 24 -35.568 0.000 -0.156 -35.771 0.000 -0.914
2 24 -35.771 0.000 -0.914 -36.103 0.000 -1.625
