0 FILE MX11-4403.dat
0 M4 Nylon Shoulder Washer
0 Name:  MX11-4403.dat
0 Author:  
0 BL_Item_No 11-4403
0 BFC CERTIFY CCW
3 16 -12.500 -3.750 0.000 -12.432 -3.750 1.307 -12.500 0.000 0.000
3 16 -12.432 -3.750 1.307 -12.432 0.000 1.307 -12.500 0.000 0.000
3 16 -12.432 -3.750 1.307 -12.227 -3.750 2.599 -12.432 0.000 1.307
3 16 -12.227 -3.750 2.599 -12.227 0.000 2.599 -12.432 0.000 1.307
3 16 -12.227 -3.750 2.599 -11.888 -3.750 3.863 -12.227 0.000 2.599
3 16 -11.888 -3.750 3.863 -11.888 0.000 3.863 -12.227 0.000 2.599
3 16 -11.888 -3.750 3.863 -11.419 -3.750 5.084 -11.888 0.000 3.863
3 16 -11.419 -3.750 5.084 -11.419 0.000 5.084 -11.888 0.000 3.863
3 16 -11.419 -3.750 5.084 -10.825 -3.750 6.250 -11.419 0.000 5.084
3 16 -10.825 -3.750 6.250 -10.825 0.000 6.250 -11.419 0.000 5.084
3 16 -10.825 -3.750 6.250 -10.113 -3.750 7.347 -10.825 0.000 6.250
3 16 -10.113 -3.750 7.347 -10.113 0.000 7.347 -10.825 0.000 6.250
3 16 -10.113 -3.750 7.347 -9.289 -3.750 8.364 -10.113 0.000 7.347
3 16 -9.289 -3.750 8.364 -9.289 0.000 8.364 -10.113 0.000 7.347
3 16 -9.289 -3.750 8.364 -8.364 -3.750 9.289 -9.289 0.000 8.364
3 16 -8.364 -3.750 9.289 -8.364 0.000 9.289 -9.289 0.000 8.364
3 16 -8.364 -3.750 9.289 -7.347 -3.750 10.113 -8.364 0.000 9.289
3 16 -7.347 -3.750 10.113 -7.347 0.000 10.113 -8.364 0.000 9.289
3 16 -7.347 -3.750 10.113 -6.250 -3.750 10.825 -7.347 0.000 10.113
3 16 -6.250 -3.750 10.825 -6.250 0.000 10.825 -7.347 0.000 10.113
3 16 -6.250 -3.750 10.825 -5.084 -3.750 11.419 -6.250 0.000 10.825
3 16 -5.084 -3.750 11.419 -5.084 0.000 11.419 -6.250 0.000 10.825
3 16 -5.084 -3.750 11.419 -3.863 -3.750 11.888 -5.084 0.000 11.419
3 16 -3.863 -3.750 11.888 -3.863 0.000 11.888 -5.084 0.000 11.419
3 16 -3.863 -3.750 11.888 -2.599 -3.750 12.227 -3.863 0.000 11.888
3 16 -2.599 -3.750 12.227 -2.599 0.000 12.227 -3.863 0.000 11.888
3 16 -2.599 -3.750 12.227 -1.307 -3.750 12.432 -2.599 0.000 12.227
3 16 -1.307 -3.750 12.432 -1.307 0.000 12.432 -2.599 0.000 12.227
3 16 -1.307 -3.750 12.432 0.000 -3.750 12.500 -1.307 0.000 12.432
3 16 0.000 -3.750 12.500 0.000 0.000 12.500 -1.307 0.000 12.432
3 16 0.000 -3.750 12.500 1.307 -3.750 12.432 0.000 0.000 12.500
3 16 1.307 -3.750 12.432 1.307 0.000 12.432 0.000 0.000 12.500
3 16 1.307 -3.750 12.432 2.599 -3.750 12.227 1.307 0.000 12.432
3 16 2.599 -3.750 12.227 2.599 0.000 12.227 1.307 0.000 12.432
3 16 2.599 -3.750 12.227 3.863 -3.750 11.888 2.599 0.000 12.227
3 16 3.863 -3.750 11.888 3.863 0.000 11.888 2.599 0.000 12.227
3 16 3.863 -3.750 11.888 5.084 -3.750 11.419 3.863 0.000 11.888
3 16 5.084 -3.750 11.419 5.084 0.000 11.419 3.863 0.000 11.888
3 16 5.084 -3.750 11.419 6.250 -3.750 10.825 5.084 0.000 11.419
3 16 6.250 -3.750 10.825 6.250 0.000 10.825 5.084 0.000 11.419
3 16 6.250 -3.750 10.825 7.347 -3.750 10.113 6.250 0.000 10.825
3 16 7.347 -3.750 10.113 7.347 0.000 10.113 6.250 0.000 10.825
3 16 7.347 -3.750 10.113 8.364 -3.750 9.289 7.347 0.000 10.113
3 16 8.364 -3.750 9.289 8.364 0.000 9.289 7.347 0.000 10.113
3 16 8.364 -3.750 9.289 9.289 -3.750 8.364 8.364 0.000 9.289
3 16 9.289 -3.750 8.364 9.289 0.000 8.364 8.364 0.000 9.289
3 16 9.289 -3.750 8.364 10.113 -3.750 7.347 9.289 0.000 8.364
3 16 10.113 -3.750 7.347 10.113 0.000 7.347 9.289 0.000 8.364
3 16 10.113 -3.750 7.347 10.825 -3.750 6.250 10.113 0.000 7.347
3 16 10.825 -3.750 6.250 10.825 0.000 6.250 10.113 0.000 7.347
3 16 10.825 -3.750 6.250 11.419 -3.750 5.084 10.825 0.000 6.250
3 16 11.419 -3.750 5.084 11.419 0.000 5.084 10.825 0.000 6.250
3 16 11.419 -3.750 5.084 11.888 -3.750 3.863 11.419 0.000 5.084
3 16 11.888 -3.750 3.863 11.888 0.000 3.863 11.419 0.000 5.084
3 16 11.888 -3.750 3.863 12.227 -3.750 2.599 11.888 0.000 3.863
3 16 12.227 -3.750 2.599 12.227 0.000 2.599 11.888 0.000 3.863
3 16 12.227 -3.750 2.599 12.432 -3.750 1.307 12.227 0.000 2.599
3 16 12.432 -3.750 1.307 12.432 0.000 1.307 12.227 0.000 2.599
3 16 12.432 -3.750 1.307 12.500 -3.750 0.000 12.432 0.000 1.307
3 16 12.500 -3.750 0.000 12.500 0.000 0.000 12.432 0.000 1.307
3 16 -9.289 0.000 -8.364 -3.946 0.000 -3.071 -3.386 0.000 -3.679
3 16 -9.289 0.000 -8.364 -10.113 0.000 -7.347 -3.946 0.000 -3.071
3 16 -10.113 0.000 -7.347 -4.397 0.000 -2.380 -3.946 0.000 -3.071
3 16 -6.250 0.000 -10.825 -2.735 0.000 -4.186 -2.008 0.000 -4.579
3 16 -6.250 0.000 -10.825 -7.347 0.000 -10.113 -2.735 0.000 -4.186
3 16 -7.347 0.000 -10.113 -3.386 0.000 -3.679 -2.735 0.000 -4.186
3 16 -7.347 0.000 -10.113 -8.364 0.000 -9.289 -3.386 0.000 -3.679
3 16 -8.364 0.000 -9.289 -9.289 0.000 -8.364 -3.386 0.000 -3.679
3 16 4.932 0.000 0.823 12.432 0.000 1.307 5.000 0.000 0.000
3 16 -11.419 0.000 5.084 -4.397 0.000 2.380 -4.729 0.000 1.623
3 16 -11.419 0.000 5.084 -10.825 0.000 6.250 -4.397 0.000 2.380
3 16 -10.825 0.000 6.250 -3.946 0.000 3.071 -4.397 0.000 2.380
3 16 -12.432 0.000 1.307 -4.932 0.000 0.823 -5.000 0.000 0.000
3 16 -12.432 0.000 1.307 -12.227 0.000 2.599 -4.932 0.000 0.823
3 16 -12.227 0.000 2.599 -4.729 0.000 1.623 -4.932 0.000 0.823
3 16 -12.227 0.000 2.599 -11.888 0.000 3.863 -4.729 0.000 1.623
3 16 -11.888 0.000 3.863 -11.419 0.000 5.084 -4.729 0.000 1.623
3 16 -10.825 0.000 -6.250 -4.397 0.000 -2.380 -10.113 0.000 -7.347
3 16 -10.825 0.000 -6.250 -11.419 0.000 -5.084 -4.397 0.000 -2.380
3 16 -11.419 0.000 -5.084 -4.729 0.000 -1.623 -4.397 0.000 -2.380
3 16 -11.419 0.000 -5.084 -11.888 0.000 -3.863 -4.729 0.000 -1.623
3 16 -11.888 0.000 -3.863 -4.932 0.000 -0.823 -4.729 0.000 -1.623
3 16 11.419 0.000 5.084 4.729 0.000 1.623 4.397 0.000 2.380
3 16 11.419 0.000 5.084 11.888 0.000 3.863 4.729 0.000 1.623
3 16 11.888 0.000 3.863 4.932 0.000 0.823 4.729 0.000 1.623
3 16 11.888 0.000 3.863 12.227 0.000 2.599 4.932 0.000 0.823
3 16 12.227 0.000 2.599 12.432 0.000 1.307 4.932 0.000 0.823
3 16 9.289 0.000 8.364 3.946 0.000 3.071 3.386 0.000 3.679
3 16 9.289 0.000 8.364 10.113 0.000 7.347 3.946 0.000 3.071
3 16 10.113 0.000 7.347 4.397 0.000 2.380 3.946 0.000 3.071
3 16 10.113 0.000 7.347 10.825 0.000 6.250 4.397 0.000 2.380
3 16 10.825 0.000 6.250 11.419 0.000 5.084 4.397 0.000 2.380
3 16 -12.227 0.000 -2.599 -4.932 0.000 -0.823 -11.888 0.000 -3.863
3 16 -12.227 0.000 -2.599 -12.432 0.000 -1.307 -4.932 0.000 -0.823
3 16 -12.432 0.000 -1.307 -5.000 0.000 0.000 -4.932 0.000 -0.823
3 16 -12.432 0.000 -1.307 -12.500 0.000 0.000 -5.000 0.000 0.000
3 16 -12.500 0.000 0.000 -12.432 0.000 1.307 -5.000 0.000 0.000
3 16 -3.863 0.000 -11.888 -2.008 0.000 -4.579 -1.227 0.000 -4.847
3 16 -3.863 0.000 -11.888 -5.084 0.000 -11.419 -2.008 0.000 -4.579
3 16 -5.084 0.000 -11.419 -6.250 0.000 -10.825 -2.008 0.000 -4.579
3 16 2.735 0.000 -4.186 6.250 0.000 -10.825 2.008 0.000 -4.579
3 16 6.250 0.000 10.825 2.735 0.000 4.186 2.008 0.000 4.579
3 16 6.250 0.000 10.825 7.347 0.000 10.113 2.735 0.000 4.186
3 16 7.347 0.000 10.113 3.386 0.000 3.679 2.735 0.000 4.186
3 16 7.347 0.000 10.113 8.364 0.000 9.289 3.386 0.000 3.679
3 16 8.364 0.000 9.289 9.289 0.000 8.364 3.386 0.000 3.679
3 16 0.000 0.000 12.500 0.413 0.000 4.983 -0.413 0.000 4.983
3 16 0.000 0.000 12.500 1.307 0.000 12.432 0.413 0.000 4.983
3 16 1.307 0.000 12.432 1.227 0.000 4.847 0.413 0.000 4.983
3 16 0.000 0.000 -12.500 -0.413 0.000 -4.983 0.413 0.000 -4.983
3 16 0.000 0.000 -12.500 -1.307 0.000 -12.432 -0.413 0.000 -4.983
3 16 -1.307 0.000 -12.432 -1.227 0.000 -4.847 -0.413 0.000 -4.983
3 16 -1.307 0.000 -12.432 -2.599 0.000 -12.227 -1.227 0.000 -4.847
3 16 -2.599 0.000 -12.227 -3.863 0.000 -11.888 -1.227 0.000 -4.847
3 16 2.599 0.000 12.227 1.227 0.000 4.847 1.307 0.000 12.432
3 16 2.599 0.000 12.227 3.863 0.000 11.888 1.227 0.000 4.847
3 16 3.863 0.000 11.888 2.008 0.000 4.579 1.227 0.000 4.847
3 16 3.863 0.000 11.888 5.084 0.000 11.419 2.008 0.000 4.579
3 16 5.084 0.000 11.419 6.250 0.000 10.825 2.008 0.000 4.579
3 16 -3.863 0.000 11.888 -1.227 0.000 4.847 -2.008 0.000 4.579
3 16 -3.863 0.000 11.888 -2.599 0.000 12.227 -1.227 0.000 4.847
3 16 -2.599 0.000 12.227 -0.413 0.000 4.983 -1.227 0.000 4.847
3 16 -2.599 0.000 12.227 -1.307 0.000 12.432 -0.413 0.000 4.983
3 16 -1.307 0.000 12.432 0.000 0.000 12.500 -0.413 0.000 4.983
3 16 -6.250 0.000 10.825 -2.008 0.000 4.579 -2.735 0.000 4.186
3 16 -6.250 0.000 10.825 -5.084 0.000 11.419 -2.008 0.000 4.579
3 16 -5.084 0.000 11.419 -3.863 0.000 11.888 -2.008 0.000 4.579
3 16 -10.113 0.000 7.347 -3.946 0.000 3.071 -10.825 0.000 6.250
3 16 -10.113 0.000 7.347 -9.289 0.000 8.364 -3.946 0.000 3.071
3 16 -9.289 0.000 8.364 -3.386 0.000 3.679 -3.946 0.000 3.071
3 16 -9.289 0.000 8.364 -8.364 0.000 9.289 -3.386 0.000 3.679
3 16 -8.364 0.000 9.289 -2.735 0.000 4.186 -3.386 0.000 3.679
3 16 -8.364 0.000 9.289 -7.347 0.000 10.113 -2.735 0.000 4.186
3 16 -7.347 0.000 10.113 -6.250 0.000 10.825 -2.735 0.000 4.186
3 16 5.084 0.000 -11.419 2.008 0.000 -4.579 6.250 0.000 -10.825
3 16 5.084 0.000 -11.419 3.863 0.000 -11.888 2.008 0.000 -4.579
3 16 3.863 0.000 -11.888 1.227 0.000 -4.847 2.008 0.000 -4.579
3 16 3.863 0.000 -11.888 2.599 0.000 -12.227 1.227 0.000 -4.847
3 16 2.599 0.000 -12.227 0.413 0.000 -4.983 1.227 0.000 -4.847
3 16 2.599 0.000 -12.227 1.307 0.000 -12.432 0.413 0.000 -4.983
3 16 1.307 0.000 -12.432 0.000 0.000 -12.500 0.413 0.000 -4.983
3 16 9.289 0.000 -8.364 3.386 0.000 -3.679 3.946 0.000 -3.071
3 16 9.289 0.000 -8.364 8.364 0.000 -9.289 3.386 0.000 -3.679
3 16 8.364 0.000 -9.289 2.735 0.000 -4.186 3.386 0.000 -3.679
3 16 8.364 0.000 -9.289 7.347 0.000 -10.113 2.735 0.000 -4.186
3 16 7.347 0.000 -10.113 6.250 0.000 -10.825 2.735 0.000 -4.186
3 16 11.419 0.000 -5.084 4.397 0.000 -2.380 4.729 0.000 -1.623
3 16 11.419 0.000 -5.084 10.825 0.000 -6.250 4.397 0.000 -2.380
3 16 10.825 0.000 -6.250 3.946 0.000 -3.071 4.397 0.000 -2.380
3 16 10.825 0.000 -6.250 10.113 0.000 -7.347 3.946 0.000 -3.071
3 16 10.113 0.000 -7.347 9.289 0.000 -8.364 3.946 0.000 -3.071
3 16 12.500 0.000 0.000 5.000 0.000 0.000 12.432 0.000 1.307
3 16 12.500 0.000 0.000 12.432 0.000 -1.307 5.000 0.000 0.000
3 16 12.432 0.000 -1.307 4.932 0.000 -0.823 5.000 0.000 0.000
3 16 12.432 0.000 -1.307 12.227 0.000 -2.599 4.932 0.000 -0.823
3 16 12.227 0.000 -2.599 4.729 0.000 -1.623 4.932 0.000 -0.823
3 16 12.227 0.000 -2.599 11.888 0.000 -3.863 4.729 0.000 -1.623
3 16 11.888 0.000 -3.863 11.419 0.000 -5.084 4.729 0.000 -1.623
3 16 -5.000 -17.500 0.000 -4.932 0.000 -0.823 -5.000 0.000 0.000
3 16 -5.000 -17.500 0.000 -4.932 -17.500 -0.823 -4.932 0.000 -0.823
3 16 -4.932 -17.500 -0.823 -4.729 0.000 -1.623 -4.932 0.000 -0.823
3 16 -4.932 -17.500 -0.823 -4.729 -17.500 -1.623 -4.729 0.000 -1.623
3 16 -4.729 -17.500 -1.623 -4.397 0.000 -2.380 -4.729 0.000 -1.623
3 16 -4.729 -17.500 -1.623 -4.397 -17.500 -2.380 -4.397 0.000 -2.380
3 16 -4.397 -17.500 -2.380 -3.946 0.000 -3.071 -4.397 0.000 -2.380
3 16 -4.397 -17.500 -2.380 -3.946 -17.500 -3.071 -3.946 0.000 -3.071
3 16 -3.946 -17.500 -3.071 -3.386 0.000 -3.679 -3.946 0.000 -3.071
3 16 -3.946 -17.500 -3.071 -3.386 -17.500 -3.679 -3.386 0.000 -3.679
3 16 -3.386 -17.500 -3.679 -2.735 0.000 -4.186 -3.386 0.000 -3.679
3 16 -3.386 -17.500 -3.679 -2.735 -17.500 -4.186 -2.735 0.000 -4.186
3 16 -2.735 -17.500 -4.186 -2.008 0.000 -4.579 -2.735 0.000 -4.186
3 16 -2.735 -17.500 -4.186 -2.008 -17.500 -4.579 -2.008 0.000 -4.579
3 16 -2.008 -17.500 -4.579 -1.227 0.000 -4.847 -2.008 0.000 -4.579
3 16 -2.008 -17.500 -4.579 -1.227 -17.500 -4.847 -1.227 0.000 -4.847
3 16 -1.227 -17.500 -4.847 -0.413 0.000 -4.983 -1.227 0.000 -4.847
3 16 -1.227 -17.500 -4.847 -0.413 -17.500 -4.983 -0.413 0.000 -4.983
3 16 -0.413 -17.500 -4.983 0.413 0.000 -4.983 -0.413 0.000 -4.983
3 16 -0.413 -17.500 -4.983 0.413 -17.500 -4.983 0.413 0.000 -4.983
3 16 0.413 -17.500 -4.983 1.227 0.000 -4.847 0.413 0.000 -4.983
3 16 0.413 -17.500 -4.983 1.227 -17.500 -4.847 1.227 0.000 -4.847
3 16 1.227 -17.500 -4.847 2.008 0.000 -4.579 1.227 0.000 -4.847
3 16 1.227 -17.500 -4.847 2.008 -17.500 -4.579 2.008 0.000 -4.579
3 16 2.008 -17.500 -4.579 2.735 0.000 -4.186 2.008 0.000 -4.579
3 16 2.008 -17.500 -4.579 2.735 -17.500 -4.186 2.735 0.000 -4.186
3 16 2.735 -17.500 -4.186 3.386 0.000 -3.679 2.735 0.000 -4.186
3 16 2.735 -17.500 -4.186 3.386 -17.500 -3.679 3.386 0.000 -3.679
3 16 3.386 -17.500 -3.679 3.946 0.000 -3.071 3.386 0.000 -3.679
3 16 3.386 -17.500 -3.679 3.946 -17.500 -3.071 3.946 0.000 -3.071
3 16 3.946 -17.500 -3.071 4.397 0.000 -2.380 3.946 0.000 -3.071
3 16 3.946 -17.500 -3.071 4.397 -17.500 -2.380 4.397 0.000 -2.380
3 16 4.397 -17.500 -2.380 4.729 0.000 -1.623 4.397 0.000 -2.380
3 16 4.397 -17.500 -2.380 4.729 -17.500 -1.623 4.729 0.000 -1.623
3 16 4.729 -17.500 -1.623 4.932 0.000 -0.823 4.729 0.000 -1.623
3 16 4.729 -17.500 -1.623 4.932 -17.500 -0.823 4.932 0.000 -0.823
3 16 4.932 -17.500 -0.823 5.000 0.000 0.000 4.932 0.000 -0.823
3 16 4.932 -17.500 -0.823 5.000 -17.500 0.000 5.000 0.000 0.000
3 16 -4.582 -17.500 4.251 -3.946 -17.500 3.071 -3.386 -17.500 3.679
3 16 -4.582 -17.500 4.251 -5.164 -17.500 3.521 -3.946 -17.500 3.071
3 16 -5.164 -17.500 3.521 -4.397 -17.500 2.380 -3.946 -17.500 3.071
3 16 -5.164 -17.500 3.521 -5.631 -17.500 2.712 -4.397 -17.500 2.380
3 16 -5.631 -17.500 2.712 -4.729 -17.500 1.623 -4.397 -17.500 2.380
3 16 -5.631 -17.500 2.712 -5.972 -17.500 1.842 -4.729 -17.500 1.623
3 16 -5.972 -17.500 1.842 -4.932 -17.500 0.823 -4.729 -17.500 1.623
3 16 -5.972 -17.500 1.842 -6.180 -17.500 0.932 -4.932 -17.500 0.823
3 16 -6.180 -17.500 0.932 -5.000 -17.500 0.000 -4.932 -17.500 0.823
3 16 -6.180 -17.500 0.932 -6.250 -17.500 0.000 -5.000 -17.500 0.000
3 16 -6.250 -17.500 0.000 -4.932 -17.500 -0.823 -5.000 -17.500 0.000
3 16 -6.250 -17.500 0.000 -6.180 -17.500 -0.932 -4.932 -17.500 -0.823
3 16 -6.180 -17.500 -0.932 -4.729 -17.500 -1.623 -4.932 -17.500 -0.823
3 16 -6.180 -17.500 -0.932 -5.972 -17.500 -1.842 -4.729 -17.500 -1.623
3 16 -5.972 -17.500 -1.842 -4.397 -17.500 -2.380 -4.729 -17.500 -1.623
3 16 -5.972 -17.500 -1.842 -5.631 -17.500 -2.712 -4.397 -17.500 -2.380
3 16 -5.631 -17.500 -2.712 -3.946 -17.500 -3.071 -4.397 -17.500 -2.380
3 16 4.582 -17.500 4.251 3.386 -17.500 3.679 3.946 -17.500 3.071
3 16 4.582 -17.500 4.251 3.897 -17.500 4.886 3.386 -17.500 3.679
3 16 3.897 -17.500 4.886 2.735 -17.500 4.186 3.386 -17.500 3.679
3 16 3.897 -17.500 4.886 3.125 -17.500 5.413 2.735 -17.500 4.186
3 16 3.125 -17.500 5.413 2.008 -17.500 4.579 2.735 -17.500 4.186
3 16 3.125 -17.500 5.413 2.283 -17.500 5.818 2.008 -17.500 4.579
3 16 2.283 -17.500 5.818 1.227 -17.500 4.847 2.008 -17.500 4.579
3 16 2.283 -17.500 5.818 1.391 -17.500 6.093 1.227 -17.500 4.847
3 16 1.391 -17.500 6.093 0.413 -17.500 4.983 1.227 -17.500 4.847
3 16 1.391 -17.500 6.093 0.467 -17.500 6.233 0.413 -17.500 4.983
3 16 0.467 -17.500 6.233 -0.413 -17.500 4.983 0.413 -17.500 4.983
3 16 0.467 -17.500 6.233 -0.467 -17.500 6.233 -0.413 -17.500 4.983
3 16 -0.467 -17.500 6.233 -1.227 -17.500 4.847 -0.413 -17.500 4.983
3 16 -0.467 -17.500 6.233 -1.391 -17.500 6.093 -1.227 -17.500 4.847
3 16 -1.391 -17.500 6.093 -2.008 -17.500 4.579 -1.227 -17.500 4.847
3 16 -1.391 -17.500 6.093 -2.283 -17.500 5.818 -2.008 -17.500 4.579
3 16 -2.283 -17.500 5.818 -2.735 -17.500 4.186 -2.008 -17.500 4.579
3 16 -2.283 -17.500 5.818 -3.125 -17.500 5.413 -2.735 -17.500 4.186
3 16 -3.125 -17.500 5.413 -3.386 -17.500 3.679 -2.735 -17.500 4.186
3 16 -3.125 -17.500 5.413 -3.897 -17.500 4.886 -3.386 -17.500 3.679
3 16 -3.897 -17.500 4.886 -4.582 -17.500 4.251 -3.386 -17.500 3.679
3 16 4.582 -17.500 -4.251 3.946 -17.500 -3.071 3.386 -17.500 -3.679
3 16 4.582 -17.500 -4.251 5.164 -17.500 -3.521 3.946 -17.500 -3.071
3 16 5.164 -17.500 -3.521 4.397 -17.500 -2.380 3.946 -17.500 -3.071
3 16 5.164 -17.500 -3.521 5.631 -17.500 -2.712 4.397 -17.500 -2.380
3 16 5.631 -17.500 -2.712 4.729 -17.500 -1.623 4.397 -17.500 -2.380
3 16 5.631 -17.500 -2.712 5.972 -17.500 -1.842 4.729 -17.500 -1.623
3 16 5.972 -17.500 -1.842 4.932 -17.500 -0.823 4.729 -17.500 -1.623
3 16 5.972 -17.500 -1.842 6.180 -17.500 -0.932 4.932 -17.500 -0.823
3 16 6.180 -17.500 -0.932 5.000 -17.500 0.000 4.932 -17.500 -0.823
3 16 6.180 -17.500 -0.932 6.250 -17.500 0.000 5.000 -17.500 0.000
3 16 6.250 -17.500 0.000 4.932 -17.500 0.823 5.000 -17.500 0.000
3 16 6.250 -17.500 0.000 6.180 -17.500 0.932 4.932 -17.500 0.823
3 16 6.180 -17.500 0.932 4.729 -17.500 1.623 4.932 -17.500 0.823
3 16 6.180 -17.500 0.932 5.972 -17.500 1.842 4.729 -17.500 1.623
3 16 5.972 -17.500 1.842 4.397 -17.500 2.380 4.729 -17.500 1.623
3 16 5.972 -17.500 1.842 5.631 -17.500 2.712 4.397 -17.500 2.380
3 16 5.631 -17.500 2.712 3.946 -17.500 3.071 4.397 -17.500 2.380
3 16 5.631 -17.500 2.712 5.164 -17.500 3.521 3.946 -17.500 3.071
3 16 5.164 -17.500 3.521 4.582 -17.500 4.251 3.946 -17.500 3.071
3 16 -5.164 -17.500 -3.521 -3.946 -17.500 -3.071 -5.631 -17.500 -2.712
3 16 -5.164 -17.500 -3.521 -4.582 -17.500 -4.251 -3.946 -17.500 -3.071
3 16 -4.582 -17.500 -4.251 -3.386 -17.500 -3.679 -3.946 -17.500 -3.071
3 16 -4.582 -17.500 -4.251 -3.897 -17.500 -4.886 -3.386 -17.500 -3.679
3 16 -3.897 -17.500 -4.886 -2.735 -17.500 -4.186 -3.386 -17.500 -3.679
3 16 -3.897 -17.500 -4.886 -3.125 -17.500 -5.413 -2.735 -17.500 -4.186
3 16 -3.125 -17.500 -5.413 -2.008 -17.500 -4.579 -2.735 -17.500 -4.186
3 16 -3.125 -17.500 -5.413 -2.283 -17.500 -5.818 -2.008 -17.500 -4.579
3 16 -2.283 -17.500 -5.818 -1.227 -17.500 -4.847 -2.008 -17.500 -4.579
3 16 -2.283 -17.500 -5.818 -1.391 -17.500 -6.093 -1.227 -17.500 -4.847
3 16 -1.391 -17.500 -6.093 -0.413 -17.500 -4.983 -1.227 -17.500 -4.847
3 16 -1.391 -17.500 -6.093 -0.467 -17.500 -6.233 -0.413 -17.500 -4.983
3 16 -0.467 -17.500 -6.233 0.413 -17.500 -4.983 -0.413 -17.500 -4.983
3 16 -0.467 -17.500 -6.233 0.467 -17.500 -6.233 0.413 -17.500 -4.983
3 16 0.467 -17.500 -6.233 1.227 -17.500 -4.847 0.413 -17.500 -4.983
3 16 0.467 -17.500 -6.233 1.391 -17.500 -6.093 1.227 -17.500 -4.847
3 16 1.391 -17.500 -6.093 2.008 -17.500 -4.579 1.227 -17.500 -4.847
3 16 1.391 -17.500 -6.093 2.283 -17.500 -5.818 2.008 -17.500 -4.579
3 16 2.283 -17.500 -5.818 2.735 -17.500 -4.186 2.008 -17.500 -4.579
3 16 2.283 -17.500 -5.818 3.125 -17.500 -5.413 2.735 -17.500 -4.186
3 16 3.125 -17.500 -5.413 3.386 -17.500 -3.679 2.735 -17.500 -4.186
3 16 3.125 -17.500 -5.413 3.897 -17.500 -4.886 3.386 -17.500 -3.679
3 16 3.897 -17.500 -4.886 4.582 -17.500 -4.251 3.386 -17.500 -3.679
3 16 -6.250 -17.500 0.000 -6.180 -17.500 0.932 -6.250 -3.750 0.000
3 16 -6.180 -17.500 0.932 -6.180 -3.750 0.932 -6.250 -3.750 0.000
3 16 -6.180 -17.500 0.932 -5.972 -17.500 1.842 -6.180 -3.750 0.932
3 16 -5.972 -17.500 1.842 -5.972 -3.750 1.842 -6.180 -3.750 0.932
3 16 -5.972 -17.500 1.842 -5.631 -17.500 2.712 -5.972 -3.750 1.842
3 16 -5.631 -17.500 2.712 -5.631 -3.750 2.712 -5.972 -3.750 1.842
3 16 -5.631 -17.500 2.712 -5.164 -17.500 3.521 -5.631 -3.750 2.712
3 16 -5.164 -17.500 3.521 -5.164 -3.750 3.521 -5.631 -3.750 2.712
3 16 -5.164 -17.500 3.521 -4.582 -17.500 4.251 -5.164 -3.750 3.521
3 16 -4.582 -17.500 4.251 -4.582 -3.750 4.251 -5.164 -3.750 3.521
3 16 -4.582 -17.500 4.251 -3.897 -17.500 4.886 -4.582 -3.750 4.251
3 16 -3.897 -17.500 4.886 -3.897 -3.750 4.886 -4.582 -3.750 4.251
3 16 -3.897 -17.500 4.886 -3.125 -17.500 5.413 -3.897 -3.750 4.886
3 16 -3.125 -17.500 5.413 -3.125 -3.750 5.413 -3.897 -3.750 4.886
3 16 -3.125 -17.500 5.413 -2.283 -17.500 5.818 -3.125 -3.750 5.413
3 16 -2.283 -17.500 5.818 -2.283 -3.750 5.818 -3.125 -3.750 5.413
3 16 -2.283 -17.500 5.818 -1.391 -17.500 6.093 -2.283 -3.750 5.818
3 16 -1.391 -17.500 6.093 -1.391 -3.750 6.093 -2.283 -3.750 5.818
3 16 -1.391 -17.500 6.093 -0.467 -17.500 6.233 -1.391 -3.750 6.093
3 16 -0.467 -17.500 6.233 -0.467 -3.750 6.233 -1.391 -3.750 6.093
3 16 -0.467 -17.500 6.233 0.467 -17.500 6.233 -0.467 -3.750 6.233
3 16 0.467 -17.500 6.233 0.467 -3.750 6.233 -0.467 -3.750 6.233
3 16 0.467 -17.500 6.233 1.391 -17.500 6.093 0.467 -3.750 6.233
3 16 1.391 -17.500 6.093 1.391 -3.750 6.093 0.467 -3.750 6.233
3 16 1.391 -17.500 6.093 2.283 -17.500 5.818 1.391 -3.750 6.093
3 16 2.283 -17.500 5.818 2.283 -3.750 5.818 1.391 -3.750 6.093
3 16 2.283 -17.500 5.818 3.125 -17.500 5.413 2.283 -3.750 5.818
3 16 3.125 -17.500 5.413 3.125 -3.750 5.413 2.283 -3.750 5.818
3 16 3.125 -17.500 5.413 3.897 -17.500 4.886 3.125 -3.750 5.413
3 16 3.897 -17.500 4.886 3.897 -3.750 4.886 3.125 -3.750 5.413
3 16 3.897 -17.500 4.886 4.582 -17.500 4.251 3.897 -3.750 4.886
3 16 4.582 -17.500 4.251 4.582 -3.750 4.251 3.897 -3.750 4.886
3 16 4.582 -17.500 4.251 5.164 -17.500 3.521 4.582 -3.750 4.251
3 16 5.164 -17.500 3.521 5.164 -3.750 3.521 4.582 -3.750 4.251
3 16 5.164 -17.500 3.521 5.631 -17.500 2.712 5.164 -3.750 3.521
3 16 5.631 -17.500 2.712 5.631 -3.750 2.712 5.164 -3.750 3.521
3 16 5.631 -17.500 2.712 5.972 -17.500 1.842 5.631 -3.750 2.712
3 16 5.972 -17.500 1.842 5.972 -3.750 1.842 5.631 -3.750 2.712
3 16 5.972 -17.500 1.842 6.180 -17.500 0.932 5.972 -3.750 1.842
3 16 6.180 -17.500 0.932 6.180 -3.750 0.932 5.972 -3.750 1.842
3 16 6.180 -17.500 0.932 6.250 -17.500 0.000 6.180 -3.750 0.932
3 16 6.250 -17.500 0.000 6.250 -3.750 0.000 6.180 -3.750 0.932
3 16 12.227 -3.750 -2.599 6.180 -3.750 -0.932 5.972 -3.750 -1.842
3 16 12.227 -3.750 -2.599 12.432 -3.750 -1.307 6.180 -3.750 -0.932
3 16 12.432 -3.750 -1.307 6.250 -3.750 0.000 6.180 -3.750 -0.932
3 16 12.432 -3.750 -1.307 12.500 -3.750 0.000 6.250 -3.750 0.000
3 16 12.500 -3.750 0.000 6.180 -3.750 0.932 6.250 -3.750 0.000
3 16 -12.227 -3.750 2.599 -6.180 -3.750 0.932 -5.972 -3.750 1.842
3 16 -12.227 -3.750 2.599 -12.432 -3.750 1.307 -6.180 -3.750 0.932
3 16 -12.432 -3.750 1.307 -6.250 -3.750 0.000 -6.180 -3.750 0.932
3 16 -12.432 -3.750 1.307 -12.500 -3.750 0.000 -6.250 -3.750 0.000
3 16 -12.500 -3.750 0.000 -6.180 -3.750 -0.932 -6.250 -3.750 0.000
3 16 10.825 -3.750 -6.250 5.631 -3.750 -2.712 5.164 -3.750 -3.521
3 16 10.825 -3.750 -6.250 11.419 -3.750 -5.084 5.631 -3.750 -2.712
3 16 11.419 -3.750 -5.084 5.972 -3.750 -1.842 5.631 -3.750 -2.712
3 16 11.419 -3.750 -5.084 11.888 -3.750 -3.863 5.972 -3.750 -1.842
3 16 11.888 -3.750 -3.863 12.227 -3.750 -2.599 5.972 -3.750 -1.842
3 16 -8.364 -3.750 -9.289 -3.897 -3.750 -4.886 -4.582 -3.750 -4.251
3 16 -8.364 -3.750 -9.289 -7.347 -3.750 -10.113 -3.897 -3.750 -4.886
3 16 -7.347 -3.750 -10.113 -3.125 -3.750 -5.413 -3.897 -3.750 -4.886
3 16 -7.347 -3.750 -10.113 -6.250 -3.750 -10.825 -3.125 -3.750 -5.413
3 16 -6.250 -3.750 -10.825 -2.283 -3.750 -5.818 -3.125 -3.750 -5.413
3 16 -12.432 -3.750 -1.307 -6.180 -3.750 -0.932 -12.500 -3.750 0.000
3 16 -12.432 -3.750 -1.307 -12.227 -3.750 -2.599 -6.180 -3.750 -0.932
3 16 -12.227 -3.750 -2.599 -5.972 -3.750 -1.842 -6.180 -3.750 -0.932
3 16 -12.227 -3.750 -2.599 -11.888 -3.750 -3.863 -5.972 -3.750 -1.842
3 16 -11.888 -3.750 -3.863 -5.631 -3.750 -2.712 -5.972 -3.750 -1.842
3 16 -10.825 -3.750 6.250 -5.631 -3.750 2.712 -5.164 -3.750 3.521
3 16 -10.825 -3.750 6.250 -11.419 -3.750 5.084 -5.631 -3.750 2.712
3 16 -11.419 -3.750 5.084 -5.972 -3.750 1.842 -5.631 -3.750 2.712
3 16 -11.419 -3.750 5.084 -11.888 -3.750 3.863 -5.972 -3.750 1.842
3 16 -11.888 -3.750 3.863 -12.227 -3.750 2.599 -5.972 -3.750 1.842
3 16 -8.364 -3.750 9.289 -4.582 -3.750 4.251 -3.897 -3.750 4.886
3 16 -8.364 -3.750 9.289 -9.289 -3.750 8.364 -4.582 -3.750 4.251
3 16 -9.289 -3.750 8.364 -5.164 -3.750 3.521 -4.582 -3.750 4.251
3 16 -9.289 -3.750 8.364 -10.113 -3.750 7.347 -5.164 -3.750 3.521
3 16 -10.113 -3.750 7.347 -10.825 -3.750 6.250 -5.164 -3.750 3.521
3 16 -3.863 -3.750 11.888 -2.283 -3.750 5.818 -1.391 -3.750 6.093
3 16 -3.863 -3.750 11.888 -5.084 -3.750 11.419 -2.283 -3.750 5.818
3 16 -5.084 -3.750 11.419 -3.125 -3.750 5.413 -2.283 -3.750 5.818
3 16 -5.084 -3.750 11.419 -6.250 -3.750 10.825 -3.125 -3.750 5.413
3 16 -6.250 -3.750 10.825 -3.897 -3.750 4.886 -3.125 -3.750 5.413
3 16 -6.250 -3.750 10.825 -7.347 -3.750 10.113 -3.897 -3.750 4.886
3 16 -7.347 -3.750 10.113 -8.364 -3.750 9.289 -3.897 -3.750 4.886
3 16 0.000 -3.750 12.500 -0.467 -3.750 6.233 0.467 -3.750 6.233
3 16 0.000 -3.750 12.500 -1.307 -3.750 12.432 -0.467 -3.750 6.233
3 16 -1.307 -3.750 12.432 -1.391 -3.750 6.093 -0.467 -3.750 6.233
3 16 -1.307 -3.750 12.432 -2.599 -3.750 12.227 -1.391 -3.750 6.093
3 16 -2.599 -3.750 12.227 -3.863 -3.750 11.888 -1.391 -3.750 6.093
3 16 3.863 -3.750 11.888 1.391 -3.750 6.093 2.283 -3.750 5.818
3 16 3.863 -3.750 11.888 2.599 -3.750 12.227 1.391 -3.750 6.093
3 16 2.599 -3.750 12.227 0.467 -3.750 6.233 1.391 -3.750 6.093
3 16 2.599 -3.750 12.227 1.307 -3.750 12.432 0.467 -3.750 6.233
3 16 1.307 -3.750 12.432 0.000 -3.750 12.500 0.467 -3.750 6.233
3 16 8.364 -3.750 9.289 3.897 -3.750 4.886 4.582 -3.750 4.251
3 16 8.364 -3.750 9.289 7.347 -3.750 10.113 3.897 -3.750 4.886
3 16 7.347 -3.750 10.113 3.125 -3.750 5.413 3.897 -3.750 4.886
3 16 7.347 -3.750 10.113 6.250 -3.750 10.825 3.125 -3.750 5.413
3 16 6.250 -3.750 10.825 2.283 -3.750 5.818 3.125 -3.750 5.413
3 16 6.250 -3.750 10.825 5.084 -3.750 11.419 2.283 -3.750 5.818
3 16 5.084 -3.750 11.419 3.863 -3.750 11.888 2.283 -3.750 5.818
3 16 8.364 -3.750 -9.289 4.582 -3.750 -4.251 3.897 -3.750 -4.886
3 16 8.364 -3.750 -9.289 9.289 -3.750 -8.364 4.582 -3.750 -4.251
3 16 9.289 -3.750 -8.364 5.164 -3.750 -3.521 4.582 -3.750 -4.251
3 16 9.289 -3.750 -8.364 10.113 -3.750 -7.347 5.164 -3.750 -3.521
3 16 10.113 -3.750 -7.347 10.825 -3.750 -6.250 5.164 -3.750 -3.521
3 16 3.863 -3.750 -11.888 2.283 -3.750 -5.818 1.391 -3.750 -6.093
3 16 3.863 -3.750 -11.888 5.084 -3.750 -11.419 2.283 -3.750 -5.818
3 16 5.084 -3.750 -11.419 3.125 -3.750 -5.413 2.283 -3.750 -5.818
3 16 5.084 -3.750 -11.419 6.250 -3.750 -10.825 3.125 -3.750 -5.413
3 16 6.250 -3.750 -10.825 3.897 -3.750 -4.886 3.125 -3.750 -5.413
3 16 6.250 -3.750 -10.825 7.347 -3.750 -10.113 3.897 -3.750 -4.886
3 16 7.347 -3.750 -10.113 8.364 -3.750 -9.289 3.897 -3.750 -4.886
3 16 -5.084 -3.750 -11.419 -2.283 -3.750 -5.818 -6.250 -3.750 -10.825
3 16 -5.084 -3.750 -11.419 -3.863 -3.750 -11.888 -2.283 -3.750 -5.818
3 16 -3.863 -3.750 -11.888 -1.391 -3.750 -6.093 -2.283 -3.750 -5.818
3 16 -3.863 -3.750 -11.888 -2.599 -3.750 -12.227 -1.391 -3.750 -6.093
3 16 -2.599 -3.750 -12.227 -0.467 -3.750 -6.233 -1.391 -3.750 -6.093
3 16 -11.419 -3.750 -5.084 -5.631 -3.750 -2.712 -11.888 -3.750 -3.863
3 16 -11.419 -3.750 -5.084 -10.825 -3.750 -6.250 -5.631 -3.750 -2.712
3 16 -10.825 -3.750 -6.250 -5.164 -3.750 -3.521 -5.631 -3.750 -2.712
3 16 -10.825 -3.750 -6.250 -10.113 -3.750 -7.347 -5.164 -3.750 -3.521
3 16 -10.113 -3.750 -7.347 -4.582 -3.750 -4.251 -5.164 -3.750 -3.521
3 16 -10.113 -3.750 -7.347 -9.289 -3.750 -8.364 -4.582 -3.750 -4.251
3 16 -9.289 -3.750 -8.364 -8.364 -3.750 -9.289 -4.582 -3.750 -4.251
3 16 10.825 -3.750 6.250 5.164 -3.750 3.521 5.631 -3.750 2.712
3 16 10.825 -3.750 6.250 10.113 -3.750 7.347 5.164 -3.750 3.521
3 16 10.113 -3.750 7.347 4.582 -3.750 4.251 5.164 -3.750 3.521
3 16 10.113 -3.750 7.347 9.289 -3.750 8.364 4.582 -3.750 4.251
3 16 9.289 -3.750 8.364 8.364 -3.750 9.289 4.582 -3.750 4.251
3 16 -1.307 -3.750 -12.432 -0.467 -3.750 -6.233 -2.599 -3.750 -12.227
3 16 -1.307 -3.750 -12.432 0.000 -3.750 -12.500 -0.467 -3.750 -6.233
3 16 0.000 -3.750 -12.500 0.467 -3.750 -6.233 -0.467 -3.750 -6.233
3 16 0.000 -3.750 -12.500 1.307 -3.750 -12.432 0.467 -3.750 -6.233
3 16 1.307 -3.750 -12.432 1.391 -3.750 -6.093 0.467 -3.750 -6.233
3 16 1.307 -3.750 -12.432 2.599 -3.750 -12.227 1.391 -3.750 -6.093
3 16 2.599 -3.750 -12.227 3.863 -3.750 -11.888 1.391 -3.750 -6.093
3 16 12.432 -3.750 1.307 6.180 -3.750 0.932 12.500 -3.750 0.000
3 16 12.432 -3.750 1.307 12.227 -3.750 2.599 6.180 -3.750 0.932
3 16 12.227 -3.750 2.599 5.972 -3.750 1.842 6.180 -3.750 0.932
3 16 12.227 -3.750 2.599 11.888 -3.750 3.863 5.972 -3.750 1.842
3 16 11.888 -3.750 3.863 5.631 -3.750 2.712 5.972 -3.750 1.842
3 16 11.888 -3.750 3.863 11.419 -3.750 5.084 5.631 -3.750 2.712
3 16 11.419 -3.750 5.084 10.825 -3.750 6.250 5.631 -3.750 2.712
3 16 6.250 -17.500 0.000 6.180 -17.500 -0.932 6.250 -3.750 0.000
3 16 6.180 -17.500 -0.932 6.180 -3.750 -0.932 6.250 -3.750 0.000
3 16 6.180 -17.500 -0.932 5.972 -17.500 -1.842 6.180 -3.750 -0.932
3 16 5.972 -17.500 -1.842 5.972 -3.750 -1.842 6.180 -3.750 -0.932
3 16 5.972 -17.500 -1.842 5.631 -17.500 -2.712 5.972 -3.750 -1.842
3 16 5.631 -17.500 -2.712 5.631 -3.750 -2.712 5.972 -3.750 -1.842
3 16 5.631 -17.500 -2.712 5.164 -17.500 -3.521 5.631 -3.750 -2.712
3 16 5.164 -17.500 -3.521 5.164 -3.750 -3.521 5.631 -3.750 -2.712
3 16 5.164 -17.500 -3.521 4.582 -17.500 -4.251 5.164 -3.750 -3.521
3 16 4.582 -17.500 -4.251 4.582 -3.750 -4.251 5.164 -3.750 -3.521
3 16 4.582 -17.500 -4.251 3.897 -17.500 -4.886 4.582 -3.750 -4.251
3 16 3.897 -17.500 -4.886 3.897 -3.750 -4.886 4.582 -3.750 -4.251
3 16 3.897 -17.500 -4.886 3.125 -17.500 -5.413 3.897 -3.750 -4.886
3 16 3.125 -17.500 -5.413 3.125 -3.750 -5.413 3.897 -3.750 -4.886
3 16 3.125 -17.500 -5.413 2.283 -17.500 -5.818 3.125 -3.750 -5.413
3 16 2.283 -17.500 -5.818 2.283 -3.750 -5.818 3.125 -3.750 -5.413
3 16 2.283 -17.500 -5.818 1.391 -17.500 -6.093 2.283 -3.750 -5.818
3 16 1.391 -17.500 -6.093 1.391 -3.750 -6.093 2.283 -3.750 -5.818
3 16 1.391 -17.500 -6.093 0.467 -17.500 -6.233 1.391 -3.750 -6.093
3 16 0.467 -17.500 -6.233 0.467 -3.750 -6.233 1.391 -3.750 -6.093
3 16 0.467 -17.500 -6.233 -0.467 -17.500 -6.233 0.467 -3.750 -6.233
3 16 -0.467 -17.500 -6.233 -0.467 -3.750 -6.233 0.467 -3.750 -6.233
3 16 -0.467 -17.500 -6.233 -1.391 -17.500 -6.093 -0.467 -3.750 -6.233
3 16 -1.391 -17.500 -6.093 -1.391 -3.750 -6.093 -0.467 -3.750 -6.233
3 16 -1.391 -17.500 -6.093 -2.283 -17.500 -5.818 -1.391 -3.750 -6.093
3 16 -2.283 -17.500 -5.818 -2.283 -3.750 -5.818 -1.391 -3.750 -6.093
3 16 -2.283 -17.500 -5.818 -3.125 -17.500 -5.413 -2.283 -3.750 -5.818
3 16 -3.125 -17.500 -5.413 -3.125 -3.750 -5.413 -2.283 -3.750 -5.818
3 16 -3.125 -17.500 -5.413 -3.897 -17.500 -4.886 -3.125 -3.750 -5.413
3 16 -3.897 -17.500 -4.886 -3.897 -3.750 -4.886 -3.125 -3.750 -5.413
3 16 -3.897 -17.500 -4.886 -4.582 -17.500 -4.251 -3.897 -3.750 -4.886
3 16 -4.582 -17.500 -4.251 -4.582 -3.750 -4.251 -3.897 -3.750 -4.886
3 16 -4.582 -17.500 -4.251 -5.164 -17.500 -3.521 -4.582 -3.750 -4.251
3 16 -5.164 -17.500 -3.521 -5.164 -3.750 -3.521 -4.582 -3.750 -4.251
3 16 -5.164 -17.500 -3.521 -5.631 -17.500 -2.712 -5.164 -3.750 -3.521
3 16 -5.631 -17.500 -2.712 -5.631 -3.750 -2.712 -5.164 -3.750 -3.521
3 16 -5.631 -17.500 -2.712 -5.972 -17.500 -1.842 -5.631 -3.750 -2.712
3 16 -5.972 -17.500 -1.842 -5.972 -3.750 -1.842 -5.631 -3.750 -2.712
3 16 -5.972 -17.500 -1.842 -6.180 -17.500 -0.932 -5.972 -3.750 -1.842
3 16 -6.180 -17.500 -0.932 -6.180 -3.750 -0.932 -5.972 -3.750 -1.842
3 16 -6.180 -17.500 -0.932 -6.250 -17.500 0.000 -6.180 -3.750 -0.932
3 16 -6.250 -17.500 0.000 -6.250 -3.750 0.000 -6.180 -3.750 -0.932
3 16 5.000 -17.500 0.000 4.932 0.000 0.823 5.000 0.000 0.000
3 16 5.000 -17.500 0.000 4.932 -17.500 0.823 4.932 0.000 0.823
3 16 4.932 -17.500 0.823 4.729 0.000 1.623 4.932 0.000 0.823
3 16 4.932 -17.500 0.823 4.729 -17.500 1.623 4.729 0.000 1.623
3 16 4.729 -17.500 1.623 4.397 0.000 2.380 4.729 0.000 1.623
3 16 4.729 -17.500 1.623 4.397 -17.500 2.380 4.397 0.000 2.380
3 16 4.397 -17.500 2.380 3.946 0.000 3.071 4.397 0.000 2.380
3 16 4.397 -17.500 2.380 3.946 -17.500 3.071 3.946 0.000 3.071
3 16 3.946 -17.500 3.071 3.386 0.000 3.679 3.946 0.000 3.071
3 16 3.946 -17.500 3.071 3.386 -17.500 3.679 3.386 0.000 3.679
3 16 3.386 -17.500 3.679 2.735 0.000 4.186 3.386 0.000 3.679
3 16 3.386 -17.500 3.679 2.735 -17.500 4.186 2.735 0.000 4.186
3 16 2.735 -17.500 4.186 2.008 0.000 4.579 2.735 0.000 4.186
3 16 2.735 -17.500 4.186 2.008 -17.500 4.579 2.008 0.000 4.579
3 16 2.008 -17.500 4.579 1.227 0.000 4.847 2.008 0.000 4.579
3 16 2.008 -17.500 4.579 1.227 -17.500 4.847 1.227 0.000 4.847
3 16 1.227 -17.500 4.847 0.413 0.000 4.983 1.227 0.000 4.847
3 16 1.227 -17.500 4.847 0.413 -17.500 4.983 0.413 0.000 4.983
3 16 0.413 -17.500 4.983 -0.413 0.000 4.983 0.413 0.000 4.983
3 16 0.413 -17.500 4.983 -0.413 -17.500 4.983 -0.413 0.000 4.983
3 16 -0.413 -17.500 4.983 -1.227 0.000 4.847 -0.413 0.000 4.983
3 16 -0.413 -17.500 4.983 -1.227 -17.500 4.847 -1.227 0.000 4.847
3 16 -1.227 -17.500 4.847 -2.008 0.000 4.579 -1.227 0.000 4.847
3 16 -1.227 -17.500 4.847 -2.008 -17.500 4.579 -2.008 0.000 4.579
3 16 -2.008 -17.500 4.579 -2.735 0.000 4.186 -2.008 0.000 4.579
3 16 -2.008 -17.500 4.579 -2.735 -17.500 4.186 -2.735 0.000 4.186
3 16 -2.735 -17.500 4.186 -3.386 0.000 3.679 -2.735 0.000 4.186
3 16 -2.735 -17.500 4.186 -3.386 -17.500 3.679 -3.386 0.000 3.679
3 16 -3.386 -17.500 3.679 -3.946 0.000 3.071 -3.386 0.000 3.679
3 16 -3.386 -17.500 3.679 -3.946 -17.500 3.071 -3.946 0.000 3.071
3 16 -3.946 -17.500 3.071 -4.397 0.000 2.380 -3.946 0.000 3.071
3 16 -3.946 -17.500 3.071 -4.397 -17.500 2.380 -4.397 0.000 2.380
3 16 -4.397 -17.500 2.380 -4.729 0.000 1.623 -4.397 0.000 2.380
3 16 -4.397 -17.500 2.380 -4.729 -17.500 1.623 -4.729 0.000 1.623
3 16 -4.729 -17.500 1.623 -4.932 0.000 0.823 -4.729 0.000 1.623
3 16 -4.729 -17.500 1.623 -4.932 -17.500 0.823 -4.932 0.000 0.823
3 16 -4.932 -17.500 0.823 -5.000 0.000 0.000 -4.932 0.000 0.823
3 16 -4.932 -17.500 0.823 -5.000 -17.500 0.000 -5.000 0.000 0.000
3 16 12.500 -3.750 0.000 12.432 -3.750 -1.307 12.500 0.000 0.000
3 16 12.432 -3.750 -1.307 12.432 0.000 -1.307 12.500 0.000 0.000
3 16 12.432 -3.750 -1.307 12.227 -3.750 -2.599 12.432 0.000 -1.307
3 16 12.227 -3.750 -2.599 12.227 0.000 -2.599 12.432 0.000 -1.307
3 16 12.227 -3.750 -2.599 11.888 -3.750 -3.863 12.227 0.000 -2.599
3 16 11.888 -3.750 -3.863 11.888 0.000 -3.863 12.227 0.000 -2.599
3 16 11.888 -3.750 -3.863 11.419 -3.750 -5.084 11.888 0.000 -3.863
3 16 11.419 -3.750 -5.084 11.419 0.000 -5.084 11.888 0.000 -3.863
3 16 11.419 -3.750 -5.084 10.825 -3.750 -6.250 11.419 0.000 -5.084
3 16 10.825 -3.750 -6.250 10.825 0.000 -6.250 11.419 0.000 -5.084
3 16 10.825 -3.750 -6.250 10.113 -3.750 -7.347 10.825 0.000 -6.250
3 16 10.113 -3.750 -7.347 10.113 0.000 -7.347 10.825 0.000 -6.250
3 16 10.113 -3.750 -7.347 9.289 -3.750 -8.364 10.113 0.000 -7.347
3 16 9.289 -3.750 -8.364 9.289 0.000 -8.364 10.113 0.000 -7.347
3 16 9.289 -3.750 -8.364 8.364 -3.750 -9.289 9.289 0.000 -8.364
3 16 8.364 -3.750 -9.289 8.364 0.000 -9.289 9.289 0.000 -8.364
3 16 8.364 -3.750 -9.289 7.347 -3.750 -10.113 8.364 0.000 -9.289
3 16 7.347 -3.750 -10.113 7.347 0.000 -10.113 8.364 0.000 -9.289
3 16 7.347 -3.750 -10.113 6.250 -3.750 -10.825 7.347 0.000 -10.113
3 16 6.250 -3.750 -10.825 6.250 0.000 -10.825 7.347 0.000 -10.113
3 16 6.250 -3.750 -10.825 5.084 -3.750 -11.419 6.250 0.000 -10.825
3 16 5.084 -3.750 -11.419 5.084 0.000 -11.419 6.250 0.000 -10.825
3 16 5.084 -3.750 -11.419 3.863 -3.750 -11.888 5.084 0.000 -11.419
3 16 3.863 -3.750 -11.888 3.863 0.000 -11.888 5.084 0.000 -11.419
3 16 3.863 -3.750 -11.888 2.599 -3.750 -12.227 3.863 0.000 -11.888
3 16 2.599 -3.750 -12.227 2.599 0.000 -12.227 3.863 0.000 -11.888
3 16 2.599 -3.750 -12.227 1.307 -3.750 -12.432 2.599 0.000 -12.227
3 16 1.307 -3.750 -12.432 1.307 0.000 -12.432 2.599 0.000 -12.227
3 16 1.307 -3.750 -12.432 0.000 -3.750 -12.500 1.307 0.000 -12.432
3 16 0.000 -3.750 -12.500 0.000 0.000 -12.500 1.307 0.000 -12.432
3 16 0.000 -3.750 -12.500 -1.307 -3.750 -12.432 0.000 0.000 -12.500
3 16 -1.307 -3.750 -12.432 -1.307 0.000 -12.432 0.000 0.000 -12.500
3 16 -1.307 -3.750 -12.432 -2.599 -3.750 -12.227 -1.307 0.000 -12.432
3 16 -2.599 -3.750 -12.227 -2.599 0.000 -12.227 -1.307 0.000 -12.432
3 16 -2.599 -3.750 -12.227 -3.863 -3.750 -11.888 -2.599 0.000 -12.227
3 16 -3.863 -3.750 -11.888 -3.863 0.000 -11.888 -2.599 0.000 -12.227
3 16 -3.863 -3.750 -11.888 -5.084 -3.750 -11.419 -3.863 0.000 -11.888
3 16 -5.084 -3.750 -11.419 -5.084 0.000 -11.419 -3.863 0.000 -11.888
3 16 -5.084 -3.750 -11.419 -6.250 -3.750 -10.825 -5.084 0.000 -11.419
3 16 -6.250 -3.750 -10.825 -6.250 0.000 -10.825 -5.084 0.000 -11.419
3 16 -6.250 -3.750 -10.825 -7.347 -3.750 -10.113 -6.250 0.000 -10.825
3 16 -7.347 -3.750 -10.113 -7.347 0.000 -10.113 -6.250 0.000 -10.825
3 16 -7.347 -3.750 -10.113 -8.364 -3.750 -9.289 -7.347 0.000 -10.113
3 16 -8.364 -3.750 -9.289 -8.364 0.000 -9.289 -7.347 0.000 -10.113
3 16 -8.364 -3.750 -9.289 -9.289 -3.750 -8.364 -8.364 0.000 -9.289
3 16 -9.289 -3.750 -8.364 -9.289 0.000 -8.364 -8.364 0.000 -9.289
3 16 -9.289 -3.750 -8.364 -10.113 -3.750 -7.347 -9.289 0.000 -8.364
3 16 -10.113 -3.750 -7.347 -10.113 0.000 -7.347 -9.289 0.000 -8.364
3 16 -10.113 -3.750 -7.347 -10.825 -3.750 -6.250 -10.113 0.000 -7.347
3 16 -10.825 -3.750 -6.250 -10.825 0.000 -6.250 -10.113 0.000 -7.347
3 16 -10.825 -3.750 -6.250 -11.419 -3.750 -5.084 -10.825 0.000 -6.250
3 16 -11.419 -3.750 -5.084 -11.419 0.000 -5.084 -10.825 0.000 -6.250
3 16 -11.419 -3.750 -5.084 -11.888 -3.750 -3.863 -11.419 0.000 -5.084
3 16 -11.888 -3.750 -3.863 -11.888 0.000 -3.863 -11.419 0.000 -5.084
3 16 -11.888 -3.750 -3.863 -12.227 -3.750 -2.599 -11.888 0.000 -3.863
3 16 -12.227 -3.750 -2.599 -12.227 0.000 -2.599 -11.888 0.000 -3.863
3 16 -12.227 -3.750 -2.599 -12.432 -3.750 -1.307 -12.227 0.000 -2.599
3 16 -12.432 -3.750 -1.307 -12.432 0.000 -1.307 -12.227 0.000 -2.599
3 16 -12.432 -3.750 -1.307 -12.500 -3.750 0.000 -12.432 0.000 -1.307
3 16 -12.500 -3.750 0.000 -12.500 0.000 0.000 -12.432 0.000 -1.307
2 24 2.008 -17.500 -4.579 1.227 -17.500 -4.847
2 24 6.180 -17.500 -0.932 5.972 -17.500 -1.842
2 24 4.932 0.000 0.823 4.729 0.000 1.623
2 24 2.283 -17.500 -5.818 1.391 -17.500 -6.093
2 24 -0.467 -3.750 -6.233 -1.391 -3.750 -6.093
2 24 -12.432 -3.750 1.307 -12.500 -3.750 0.000
2 24 -3.946 0.000 -3.071 -4.397 0.000 -2.380
2 24 3.386 0.000 3.679 2.735 0.000 4.186
2 24 -5.164 -17.500 3.521 -5.631 -17.500 2.712
2 24 -4.397 -17.500 2.380 -4.729 -17.500 1.623
2 24 -3.125 -17.500 5.413 -3.897 -17.500 4.886
2 24 6.250 -17.500 0.000 6.180 -17.500 0.932
2 24 -0.413 0.000 -4.983 -1.227 0.000 -4.847
2 24 4.729 -17.500 -1.623 4.397 -17.500 -2.380
2 24 -5.164 -3.750 3.521 -5.631 -3.750 2.712
2 24 -3.125 -3.750 5.413 -3.897 -3.750 4.886
2 24 6.250 -3.750 0.000 6.180 -3.750 0.932
2 24 2.735 -17.500 -4.186 2.008 -17.500 -4.579
2 24 5.972 -17.500 -1.842 5.631 -17.500 -2.712
2 24 -12.432 0.000 1.307 -12.500 0.000 0.000
2 24 -11.419 -3.750 5.084 -11.888 -3.750 3.863
2 24 -5.084 -3.750 11.419 -6.250 -3.750 10.825
2 24 -1.307 0.000 12.432 -2.599 0.000 12.227
2 24 -4.729 0.000 -1.623 -4.932 0.000 -0.823
2 24 4.397 0.000 2.380 3.946 0.000 3.071
2 24 0.467 -3.750 6.233 -0.467 -3.750 6.233
2 24 11.888 0.000 3.863 11.419 0.000 5.084
2 24 12.227 -3.750 2.599 11.888 -3.750 3.863
2 24 -4.932 0.000 0.823 -5.000 0.000 0.000
2 24 -3.863 0.000 -11.888 -5.084 0.000 -11.419
2 24 -0.413 0.000 4.983 -1.227 0.000 4.847
2 24 -2.599 -3.750 -12.227 -3.863 -3.750 -11.888
2 24 4.932 -17.500 -0.823 4.729 -17.500 -1.623
2 24 -12.227 -3.750 2.599 -12.432 -3.750 1.307
2 24 -2.599 -3.750 12.227 -3.863 -3.750 11.888
2 24 9.289 0.000 8.364 8.364 0.000 9.289
2 24 -8.364 0.000 -9.289 -9.289 0.000 -8.364
2 24 3.946 0.000 3.071 3.386 0.000 3.679
2 24 2.735 0.000 4.186 2.008 0.000 4.579
2 24 0.413 -17.500 -4.983 -0.413 -17.500 -4.983
2 24 -4.582 -17.500 4.251 -5.164 -17.500 3.521
2 24 -3.897 -17.500 4.886 -4.582 -17.500 4.251
2 24 1.391 -3.750 6.093 0.467 -3.750 6.233
2 24 5.631 -3.750 2.712 5.164 -3.750 3.521
2 24 0.000 0.000 12.500 -1.307 0.000 12.432
2 24 10.825 -3.750 6.250 10.113 -3.750 7.347
2 24 -4.397 0.000 -2.380 -4.729 0.000 -1.623
2 24 -6.250 -3.750 -10.825 -7.347 -3.750 -10.113
2 24 -12.227 0.000 2.599 -12.432 0.000 1.307
2 24 -10.825 -3.750 6.250 -11.419 -3.750 5.084
2 24 -10.113 -3.750 7.347 -10.825 -3.750 6.250
2 24 -6.250 -3.750 10.825 -7.347 -3.750 10.113
2 24 -2.599 0.000 12.227 -3.863 0.000 11.888
2 24 11.419 -3.750 5.084 10.825 -3.750 6.250
2 24 -2.008 0.000 -4.579 -2.735 0.000 -4.186
2 24 1.227 0.000 4.847 0.413 0.000 4.983
2 24 -5.084 -3.750 -11.419 -6.250 -3.750 -10.825
2 24 -5.631 -3.750 2.712 -5.972 -3.750 1.842
2 24 -2.283 -3.750 5.818 -3.125 -3.750 5.413
2 24 -9.289 0.000 8.364 -10.113 0.000 7.347
2 24 -8.364 0.000 9.289 -9.289 0.000 8.364
2 24 -7.347 0.000 10.113 -8.364 0.000 9.289
2 24 -5.972 -3.750 1.842 -6.180 -3.750 0.932
2 24 -1.391 -3.750 6.093 -2.283 -3.750 5.818
2 24 -11.888 -3.750 3.863 -12.227 -3.750 2.599
2 24 -3.863 -3.750 11.888 -5.084 -3.750 11.419
2 24 10.113 0.000 7.347 9.289 0.000 8.364
2 24 -7.347 0.000 -10.113 -8.364 0.000 -9.289
2 24 2.008 0.000 4.579 1.227 0.000 4.847
2 24 -3.386 -17.500 3.679 -3.946 -17.500 3.071
2 24 0.467 -17.500 -6.233 -0.467 -17.500 -6.233
2 24 -6.180 -3.750 -0.932 -6.250 -3.750 0.000
2 24 -2.283 -3.750 -5.818 -3.125 -3.750 -5.413
2 24 -11.888 0.000 3.863 -12.227 0.000 2.599
2 24 -9.289 -3.750 8.364 -10.113 -3.750 7.347
2 24 -8.364 -3.750 9.289 -9.289 -3.750 8.364
2 24 -3.863 0.000 11.888 -5.084 0.000 11.419
2 24 1.227 -17.500 -4.847 0.413 -17.500 -4.983
2 24 4.729 0.000 1.623 4.397 0.000 2.380
2 24 6.250 -17.500 0.000 6.180 -17.500 -0.932
2 24 -0.467 -3.750 6.233 -1.391 -3.750 6.093
2 24 -1.391 -3.750 -6.093 -2.283 -3.750 -5.818
2 24 -11.419 0.000 5.084 -11.888 0.000 3.863
2 24 -5.084 0.000 11.419 -6.250 0.000 10.825
2 24 5.972 -3.750 1.842 5.631 -3.750 2.712
2 24 -10.825 0.000 6.250 -11.419 0.000 5.084
2 24 -6.250 0.000 10.825 -7.347 0.000 10.113
2 24 11.419 0.000 5.084 10.825 0.000 6.250
2 24 11.888 -3.750 3.863 11.419 -3.750 5.084
2 24 -1.227 0.000 -4.847 -2.008 0.000 -4.579
2 24 -5.084 0.000 -11.419 -6.250 0.000 -10.825
2 24 0.413 0.000 4.983 -0.413 0.000 4.983
2 24 -3.863 -3.750 -11.888 -5.084 -3.750 -11.419
2 24 -10.113 0.000 7.347 -10.825 0.000 6.250
2 24 6.180 -3.750 0.932 5.972 -3.750 1.842
2 24 -7.347 -3.750 10.113 -8.364 -3.750 9.289
2 24 10.825 0.000 6.250 10.113 0.000 7.347
2 24 -6.250 0.000 -10.825 -7.347 0.000 -10.113
2 24 5.000 -17.500 0.000 4.932 -17.500 -0.823
2 24 -4.729 0.000 1.623 -4.932 0.000 0.823
2 24 -1.227 0.000 4.847 -2.008 0.000 4.579
2 24 3.125 -17.500 -5.413 2.283 -17.500 -5.818
2 24 -1.307 -3.750 12.432 -2.599 -3.750 12.227
2 24 2.599 0.000 12.227 1.307 0.000 12.432
2 24 8.364 0.000 9.289 7.347 0.000 10.113
2 24 -9.289 0.000 -8.364 -10.113 0.000 -7.347
2 24 -12.227 0.000 -2.599 -12.432 0.000 -1.307
2 24 -3.125 -3.750 -5.413 -3.897 -3.750 -4.886
2 24 -5.972 -3.750 -1.842 -6.180 -3.750 -0.932
2 24 12.227 0.000 2.599 11.888 0.000 3.863
2 24 12.432 -3.750 1.307 12.227 -3.750 2.599
2 24 5.000 0.000 0.000 4.932 0.000 0.823
2 24 -2.599 0.000 -12.227 -3.863 0.000 -11.888
2 24 3.386 -17.500 -3.679 2.735 -17.500 -4.186
2 24 4.397 -17.500 -2.380 3.946 -17.500 -3.071
2 24 -1.307 -3.750 -12.432 -2.599 -3.750 -12.227
2 24 0.467 -3.750 -6.233 -0.467 -3.750 -6.233
2 24 3.946 -17.500 -3.071 3.386 -17.500 -3.679
2 24 5.631 -17.500 -2.712 5.164 -17.500 -3.521
2 24 0.000 -3.750 12.500 -1.307 -3.750 12.432
2 24 3.863 0.000 11.888 2.599 0.000 12.227
2 24 5.084 0.000 11.419 3.863 0.000 11.888
2 24 6.250 0.000 10.825 5.084 0.000 11.419
2 24 7.347 0.000 10.113 6.250 0.000 10.825
2 24 -10.113 0.000 -7.347 -10.825 0.000 -6.250
2 24 -10.825 0.000 -6.250 -11.419 0.000 -5.084
2 24 -11.419 0.000 -5.084 -11.888 0.000 -3.863
2 24 -11.888 0.000 -3.863 -12.227 0.000 -2.599
2 24 -5.631 -17.500 2.712 -5.972 -17.500 1.842
2 24 -4.729 -17.500 1.623 -4.932 -17.500 0.823
2 24 -1.227 -17.500 4.847 -2.008 -17.500 4.579
2 24 -2.283 -17.500 5.818 -3.125 -17.500 5.413
2 24 5.164 -3.750 3.521 4.582 -3.750 4.251
2 24 -2.735 0.000 -4.186 -3.386 0.000 -3.679
2 24 -3.946 -17.500 3.071 -4.397 -17.500 2.380
2 24 -2.735 -17.500 4.186 -3.386 -17.500 3.679
2 24 -4.397 0.000 2.380 -4.729 0.000 1.623
2 24 3.897 -17.500 -4.886 3.125 -17.500 -5.413
2 24 -2.008 0.000 4.579 -2.735 0.000 4.186
2 24 5.164 -17.500 -3.521 4.582 -17.500 -4.251
2 24 4.582 -17.500 -4.251 3.897 -17.500 -4.886
2 24 1.307 -3.750 12.432 0.000 -3.750 12.500
2 24 3.125 -3.750 5.413 2.283 -3.750 5.818
2 24 3.897 -3.750 4.886 3.125 -3.750 5.413
2 24 4.582 -3.750 4.251 3.897 -3.750 4.886
2 24 -12.432 -3.750 -1.307 -12.500 -3.750 0.000
2 24 -5.164 -3.750 -3.521 -5.631 -3.750 -2.712
2 24 -4.582 -3.750 -4.251 -5.164 -3.750 -3.521
2 24 9.289 -3.750 8.364 8.364 -3.750 9.289
2 24 -3.897 -3.750 -4.886 -4.582 -3.750 -4.251
2 24 -8.364 -3.750 -9.289 -9.289 -3.750 -8.364
2 24 1.307 0.000 12.432 0.000 0.000 12.500
2 24 -3.386 0.000 -3.679 -3.946 0.000 -3.071
2 24 -12.432 0.000 -1.307 -12.500 0.000 0.000
2 24 -2.008 -17.500 4.579 -2.735 -17.500 4.186
2 24 2.599 -3.750 12.227 1.307 -3.750 12.432
2 24 8.364 -3.750 9.289 7.347 -3.750 10.113
2 24 -5.972 -17.500 1.842 -6.180 -17.500 0.932
2 24 -1.391 -17.500 6.093 -2.283 -17.500 5.818
2 24 6.180 -17.500 0.932 5.972 -17.500 1.842
2 24 -12.227 -3.750 -2.599 -12.432 -3.750 -1.307
2 24 -9.289 -3.750 -8.364 -10.113 -3.750 -7.347
2 24 10.113 -3.750 7.347 9.289 -3.750 8.364
2 24 -7.347 -3.750 -10.113 -8.364 -3.750 -9.289
2 24 12.500 -3.750 0.000 12.432 -3.750 1.307
2 24 6.250 -3.750 0.000 6.180 -3.750 -0.932
2 24 0.000 -3.750 -12.500 -1.307 -3.750 -12.432
2 24 1.391 -3.750 -6.093 0.467 -3.750 -6.233
2 24 3.863 -3.750 11.888 2.599 -3.750 12.227
2 24 7.347 -3.750 10.113 6.250 -3.750 10.825
2 24 -4.932 -17.500 0.823 -5.000 -17.500 0.000
2 24 -0.413 -17.500 4.983 -1.227 -17.500 4.847
2 24 -11.888 -3.750 -3.863 -12.227 -3.750 -2.599
2 24 -10.113 -3.750 -7.347 -10.825 -3.750 -6.250
2 24 5.000 -17.500 0.000 4.932 -17.500 0.823
2 24 2.283 -3.750 5.818 1.391 -3.750 6.093
2 24 5.084 -3.750 11.419 3.863 -3.750 11.888
2 24 6.250 -3.750 10.825 5.084 -3.750 11.419
2 24 -11.419 -3.750 -5.084 -11.888 -3.750 -3.863
2 24 -10.825 -3.750 -6.250 -11.419 -3.750 -5.084
2 24 -0.467 -17.500 -6.233 -1.391 -17.500 -6.093
2 24 -5.631 -3.750 -2.712 -5.972 -3.750 -1.842
2 24 -3.946 0.000 3.071 -4.397 0.000 2.380
2 24 -2.735 0.000 4.186 -3.386 0.000 3.679
2 24 12.432 0.000 1.307 12.227 0.000 2.599
2 24 -1.307 0.000 -12.432 -2.599 0.000 -12.227
2 24 -3.386 0.000 3.679 -3.946 0.000 3.071
2 24 12.500 0.000 0.000 12.432 0.000 1.307
2 24 0.000 0.000 -12.500 -1.307 0.000 -12.432
2 24 1.307 -3.750 -12.432 0.000 -3.750 -12.500
2 24 12.500 -3.750 0.000 12.432 -3.750 -1.307
2 24 5.000 0.000 0.000 4.932 0.000 -0.823
2 24 1.227 0.000 -4.847 0.413 0.000 -4.983
2 24 4.932 0.000 -0.823 4.729 0.000 -1.623
2 24 2.283 -3.750 -5.818 1.391 -3.750 -6.093
2 24 12.432 -3.750 -1.307 12.227 -3.750 -2.599
2 24 4.729 0.000 -1.623 4.397 0.000 -2.380
2 24 3.897 -3.750 -4.886 3.125 -3.750 -5.413
2 24 2.735 0.000 -4.186 2.008 0.000 -4.579
2 24 3.863 -3.750 -11.888 2.599 -3.750 -12.227
2 24 4.397 0.000 -2.380 3.946 0.000 -3.071
2 24 12.227 -3.750 -2.599 11.888 -3.750 -3.863
2 24 5.631 -3.750 -2.712 5.164 -3.750 -3.521
2 24 3.946 0.000 -3.071 3.386 0.000 -3.679
2 24 5.084 -3.750 -11.419 3.863 -3.750 -11.888
2 24 12.227 0.000 -2.599 11.888 0.000 -3.863
2 24 6.250 -3.750 -10.825 5.084 -3.750 -11.419
2 24 11.419 -3.750 -5.084 10.825 -3.750 -6.250
2 24 5.084 0.000 -11.419 3.863 0.000 -11.888
2 24 3.863 0.000 -11.888 2.599 0.000 -12.227
2 24 11.888 -3.750 -3.863 11.419 -3.750 -5.084
2 24 11.888 0.000 -3.863 11.419 0.000 -5.084
2 24 10.825 -3.750 -6.250 10.113 -3.750 -7.347
2 24 7.347 -3.750 -10.113 6.250 -3.750 -10.825
2 24 6.250 0.000 -10.825 5.084 0.000 -11.419
2 24 9.289 -3.750 -8.364 8.364 -3.750 -9.289
2 24 10.113 -3.750 -7.347 9.289 -3.750 -8.364
2 24 2.008 0.000 -4.579 1.227 0.000 -4.847
2 24 1.307 0.000 -12.432 0.000 0.000 -12.500
2 24 5.972 -3.750 -1.842 5.631 -3.750 -2.712
2 24 2.599 -3.750 -12.227 1.307 -3.750 -12.432
2 24 6.180 -3.750 -0.932 5.972 -3.750 -1.842
2 24 -4.582 -3.750 4.251 -5.164 -3.750 3.521
2 24 -3.897 -3.750 4.886 -4.582 -3.750 4.251
2 24 -4.932 0.000 -0.823 -5.000 0.000 0.000
2 24 1.391 -17.500 -6.093 0.467 -17.500 -6.233
2 24 -6.180 -3.750 0.932 -6.250 -3.750 0.000
2 24 3.125 -3.750 -5.413 2.283 -3.750 -5.818
2 24 0.413 0.000 -4.983 -0.413 0.000 -4.983
2 24 2.599 0.000 -12.227 1.307 0.000 -12.432
2 24 4.582 -3.750 -4.251 3.897 -3.750 -4.886
2 24 5.164 -3.750 -3.521 4.582 -3.750 -4.251
2 24 9.289 0.000 -8.364 8.364 0.000 -9.289
2 24 8.364 0.000 -9.289 7.347 0.000 -10.113
2 24 10.113 0.000 -7.347 9.289 0.000 -8.364
2 24 3.386 0.000 -3.679 2.735 0.000 -4.186
2 24 12.432 0.000 -1.307 12.227 0.000 -2.599
2 24 7.347 0.000 -10.113 6.250 0.000 -10.825
2 24 11.419 0.000 -5.084 10.825 0.000 -6.250
2 24 10.825 0.000 -6.250 10.113 0.000 -7.347
2 24 12.500 0.000 0.000 12.432 0.000 -1.307
2 24 -4.932 -17.500 -0.823 -5.000 -17.500 0.000
2 24 4.729 -17.500 1.623 4.397 -17.500 2.380
2 24 -4.729 -17.500 -1.623 -4.932 -17.500 -0.823
2 24 -5.972 -17.500 -1.842 -6.180 -17.500 -0.932
2 24 4.397 -17.500 2.380 3.946 -17.500 3.071
2 24 -3.125 -17.500 -5.413 -3.897 -17.500 -4.886
2 24 -4.397 -17.500 -2.380 -4.729 -17.500 -1.623
2 24 -5.631 -17.500 -2.712 -5.972 -17.500 -1.842
2 24 -3.946 -17.500 -3.071 -4.397 -17.500 -2.380
2 24 3.386 -17.500 3.679 2.735 -17.500 4.186
2 24 3.897 -17.500 4.886 3.125 -17.500 5.413
2 24 -5.164 -17.500 -3.521 -5.631 -17.500 -2.712
2 24 -4.582 -17.500 -4.251 -5.164 -17.500 -3.521
2 24 -3.386 -17.500 -3.679 -3.946 -17.500 -3.071
2 24 4.582 -17.500 4.251 3.897 -17.500 4.886
2 24 2.735 -17.500 4.186 2.008 -17.500 4.579
2 24 3.125 -17.500 5.413 2.283 -17.500 5.818
2 24 -2.735 -17.500 -4.186 -3.386 -17.500 -3.679
2 24 2.283 -17.500 5.818 1.391 -17.500 6.093
2 24 5.164 -17.500 3.521 4.582 -17.500 4.251
2 24 -2.008 -17.500 -4.579 -2.735 -17.500 -4.186
2 24 1.391 -17.500 6.093 0.467 -17.500 6.233
2 24 5.631 -17.500 2.712 5.164 -17.500 3.521
2 24 1.227 -17.500 4.847 0.413 -17.500 4.983
2 24 -1.227 -17.500 -4.847 -2.008 -17.500 -4.579
2 24 0.413 -17.500 4.983 -0.413 -17.500 4.983
2 24 5.972 -17.500 1.842 5.631 -17.500 2.712
2 24 -0.413 -17.500 -4.983 -1.227 -17.500 -4.847
2 24 2.008 -17.500 4.579 1.227 -17.500 4.847
2 24 3.946 -17.500 3.071 3.386 -17.500 3.679
2 24 -3.897 -17.500 -4.886 -4.582 -17.500 -4.251
2 24 -6.180 -17.500 -0.932 -6.250 -17.500 0.000
2 24 -2.283 -17.500 -5.818 -3.125 -17.500 -5.413
2 24 -6.180 -17.500 0.932 -6.250 -17.500 0.000
2 24 4.932 -17.500 0.823 4.729 -17.500 1.623
2 24 -0.467 -17.500 6.233 -1.391 -17.500 6.093
2 24 -1.391 -17.500 -6.093 -2.283 -17.500 -5.818
2 24 0.467 -17.500 6.233 -0.467 -17.500 6.233
2 24 8.364 -3.750 -9.289 7.347 -3.750 -10.113
