0 FILE MX18-0001.dat
0 Leadscrew Block
0 Name:  MX18-0001.dat
0 Author:  
0 BL_Item_No 18-0001
0 BFC CERTIFY CCW
3 16 7.500 -20.000 -20.000 9.555 -20.000 -15.231 8.677 -20.000 -15.081
3 16 7.500 -20.000 -20.000 9.455 -20.000 -19.846 9.555 -20.000 -15.231
3 16 5.129 -20.000 -8.043 -19.875 -20.000 0.125 4.868 -20.000 -8.894
3 16 5.129 -20.000 -8.043 5.529 -20.000 -7.247 -19.875 -20.000 0.125
3 16 4.793 -20.000 -10.667 -19.875 -20.000 0.125 -19.875 -20.000 -20.000
3 16 4.793 -20.000 -10.667 4.755 -20.000 -9.777 -19.875 -20.000 0.125
3 16 4.755 -20.000 -9.777 4.868 -20.000 -8.894 -19.875 -20.000 0.125
3 16 6.059 -20.000 -6.531 -19.875 -20.000 0.125 5.529 -20.000 -7.247
3 16 6.059 -20.000 -6.531 6.702 -20.000 -5.915 -19.875 -20.000 0.125
3 16 6.702 -20.000 -5.915 7.440 -20.000 -5.417 -19.875 -20.000 0.125
3 16 11.749 -20.000 -5.050 20.000 -20.000 0.125 10.887 -20.000 -4.826
3 16 11.749 -20.000 -5.050 12.560 -20.000 -5.417 20.000 -20.000 0.125
3 16 12.560 -20.000 -5.417 13.298 -20.000 -5.915 20.000 -20.000 0.125
3 16 11.323 -20.000 -15.081 11.363 -20.000 -19.388 13.175 -20.000 -18.638
3 16 11.323 -20.000 -15.081 10.445 -20.000 -15.231 11.363 -20.000 -19.388
3 16 10.445 -20.000 -15.231 9.455 -20.000 -19.846 11.363 -20.000 -19.388
3 16 10.445 -20.000 -15.231 10.000 -20.000 -15.250 9.455 -20.000 -19.846
3 16 10.000 -20.000 -15.250 9.555 -20.000 -15.231 9.455 -20.000 -19.846
3 16 7.838 -20.000 -14.784 7.500 -20.000 -20.000 8.677 -20.000 -15.081
3 16 7.838 -20.000 -14.784 7.060 -20.000 -14.350 7.500 -20.000 -20.000
3 16 7.060 -20.000 -14.350 -19.875 -20.000 -20.000 7.500 -20.000 -20.000
3 16 7.060 -20.000 -14.350 6.367 -20.000 -13.790 -19.875 -20.000 -20.000
3 16 6.367 -20.000 -13.790 5.779 -20.000 -13.122 -19.875 -20.000 -20.000
3 16 8.251 -20.000 -5.050 -19.875 -20.000 0.125 7.440 -20.000 -5.417
3 16 8.251 -20.000 -5.050 9.113 -20.000 -4.826 -19.875 -20.000 0.125
3 16 9.113 -20.000 -4.826 20.000 -20.000 0.125 -19.875 -20.000 0.125
3 16 9.113 -20.000 -4.826 10.000 -20.000 -4.750 20.000 -20.000 0.125
3 16 10.000 -20.000 -4.750 10.887 -20.000 -4.826 20.000 -20.000 0.125
3 16 13.941 -20.000 -6.531 20.000 -20.000 0.125 13.298 -20.000 -5.915
3 16 13.941 -20.000 -6.531 14.471 -20.000 -7.247 20.000 -20.000 0.125
3 16 14.471 -20.000 -7.247 20.000 -20.000 -7.500 20.000 -20.000 0.125
3 16 5.312 -20.000 -12.364 -19.875 -20.000 -20.000 5.779 -20.000 -13.122
3 16 5.312 -20.000 -12.364 4.980 -20.000 -11.537 -19.875 -20.000 -20.000
3 16 4.980 -20.000 -11.537 4.793 -20.000 -10.667 -19.875 -20.000 -20.000
3 16 14.871 -20.000 -8.043 20.000 -20.000 -7.500 14.471 -20.000 -7.247
3 16 14.871 -20.000 -8.043 15.132 -20.000 -8.894 20.000 -20.000 -7.500
3 16 15.132 -20.000 -8.894 19.846 -20.000 -9.455 20.000 -20.000 -7.500
3 16 15.132 -20.000 -8.894 15.245 -20.000 -9.777 19.846 -20.000 -9.455
3 16 15.245 -20.000 -9.777 19.388 -20.000 -11.363 19.846 -20.000 -9.455
3 16 15.245 -20.000 -9.777 15.207 -20.000 -10.667 19.388 -20.000 -11.363
3 16 15.207 -20.000 -10.667 18.638 -20.000 -13.175 19.388 -20.000 -11.363
3 16 15.207 -20.000 -10.667 15.020 -20.000 -11.537 18.638 -20.000 -13.175
3 16 15.020 -20.000 -11.537 17.613 -20.000 -14.847 18.638 -20.000 -13.175
3 16 14.688 -20.000 -12.364 17.613 -20.000 -14.847 15.020 -20.000 -11.537
3 16 14.688 -20.000 -12.364 14.221 -20.000 -13.122 17.613 -20.000 -14.847
3 16 14.221 -20.000 -13.122 16.339 -20.000 -16.339 17.613 -20.000 -14.847
3 16 14.221 -20.000 -13.122 13.633 -20.000 -13.790 16.339 -20.000 -16.339
3 16 13.633 -20.000 -13.790 14.847 -20.000 -17.613 16.339 -20.000 -16.339
3 16 13.633 -20.000 -13.790 12.940 -20.000 -14.350 14.847 -20.000 -17.613
3 16 12.940 -20.000 -14.350 13.175 -20.000 -18.638 14.847 -20.000 -17.613
3 16 12.940 -20.000 -14.350 12.162 -20.000 -14.784 13.175 -20.000 -18.638
3 16 12.162 -20.000 -14.784 11.323 -20.000 -15.081 13.175 -20.000 -18.638
3 16 -27.500 -20.000 -20.000 -28.677 -20.000 -15.081 -29.455 -20.000 -19.846
3 16 -19.875 -20.000 0.125 -27.440 -20.000 -5.417 -26.702 -20.000 -5.915
3 16 -19.875 -20.000 0.125 -28.251 -20.000 -5.050 -27.440 -20.000 -5.417
3 16 -26.059 -20.000 -6.531 -19.875 -20.000 0.125 -26.702 -20.000 -5.915
3 16 -26.059 -20.000 -6.531 -25.529 -20.000 -7.247 -19.875 -20.000 0.125
3 16 -25.529 -20.000 -7.247 -25.129 -20.000 -8.043 -19.875 -20.000 0.125
3 16 -25.312 -20.000 -12.364 -19.875 -20.000 -20.000 -24.980 -20.000 -11.537
3 16 -25.312 -20.000 -12.364 -25.779 -20.000 -13.122 -19.875 -20.000 -20.000
3 16 -29.555 -20.000 -15.231 -29.455 -20.000 -19.846 -28.677 -20.000 -15.081
3 16 -29.555 -20.000 -15.231 -30.000 -20.000 -15.250 -29.455 -20.000 -19.846
3 16 -30.000 -20.000 -15.250 -31.363 -20.000 -19.388 -29.455 -20.000 -19.846
3 16 -30.000 -20.000 -15.250 -30.445 -20.000 -15.231 -31.363 -20.000 -19.388
3 16 -30.445 -20.000 -15.231 -33.175 -20.000 -18.638 -31.363 -20.000 -19.388
3 16 -34.871 -20.000 -8.043 -40.000 -20.000 0.125 -40.000 -20.000 -7.500
3 16 -34.871 -20.000 -8.043 -34.471 -20.000 -7.247 -40.000 -20.000 0.125
3 16 -34.471 -20.000 -7.247 -33.941 -20.000 -6.531 -40.000 -20.000 0.125
3 16 -33.298 -20.000 -5.915 -40.000 -20.000 0.125 -33.941 -20.000 -6.531
3 16 -33.298 -20.000 -5.915 -32.560 -20.000 -5.417 -40.000 -20.000 0.125
3 16 -32.560 -20.000 -5.417 -31.749 -20.000 -5.050 -40.000 -20.000 0.125
3 16 -30.887 -20.000 -4.826 -40.000 -20.000 0.125 -31.749 -20.000 -5.050
3 16 -30.887 -20.000 -4.826 -30.000 -20.000 -4.750 -40.000 -20.000 0.125
3 16 -30.000 -20.000 -4.750 -19.875 -20.000 0.125 -40.000 -20.000 0.125
3 16 -30.000 -20.000 -4.750 -29.113 -20.000 -4.826 -19.875 -20.000 0.125
3 16 -29.113 -20.000 -4.826 -28.251 -20.000 -5.050 -19.875 -20.000 0.125
3 16 -26.367 -20.000 -13.790 -19.875 -20.000 -20.000 -25.779 -20.000 -13.122
3 16 -26.367 -20.000 -13.790 -27.060 -20.000 -14.350 -19.875 -20.000 -20.000
3 16 -27.060 -20.000 -14.350 -27.500 -20.000 -20.000 -19.875 -20.000 -20.000
3 16 -27.060 -20.000 -14.350 -27.838 -20.000 -14.784 -27.500 -20.000 -20.000
3 16 -27.838 -20.000 -14.784 -28.677 -20.000 -15.081 -27.500 -20.000 -20.000
3 16 -31.323 -20.000 -15.081 -33.175 -20.000 -18.638 -30.445 -20.000 -15.231
3 16 -31.323 -20.000 -15.081 -32.162 -20.000 -14.784 -33.175 -20.000 -18.638
3 16 -32.162 -20.000 -14.784 -34.847 -20.000 -17.613 -33.175 -20.000 -18.638
3 16 -32.162 -20.000 -14.784 -32.940 -20.000 -14.350 -34.847 -20.000 -17.613
3 16 -32.940 -20.000 -14.350 -36.339 -20.000 -16.339 -34.847 -20.000 -17.613
3 16 -32.940 -20.000 -14.350 -33.633 -20.000 -13.790 -36.339 -20.000 -16.339
3 16 -33.633 -20.000 -13.790 -37.613 -20.000 -14.847 -36.339 -20.000 -16.339
3 16 -24.868 -20.000 -8.894 -19.875 -20.000 0.125 -25.129 -20.000 -8.043
3 16 -24.868 -20.000 -8.894 -24.755 -20.000 -9.777 -19.875 -20.000 0.125
3 16 -24.755 -20.000 -9.777 -19.875 -20.000 -20.000 -19.875 -20.000 0.125
3 16 -24.755 -20.000 -9.777 -24.793 -20.000 -10.667 -19.875 -20.000 -20.000
3 16 -24.793 -20.000 -10.667 -24.980 -20.000 -11.537 -19.875 -20.000 -20.000
3 16 -34.221 -20.000 -13.122 -37.613 -20.000 -14.847 -33.633 -20.000 -13.790
3 16 -34.221 -20.000 -13.122 -34.688 -20.000 -12.364 -37.613 -20.000 -14.847
3 16 -34.688 -20.000 -12.364 -38.638 -20.000 -13.175 -37.613 -20.000 -14.847
3 16 -34.688 -20.000 -12.364 -35.020 -20.000 -11.537 -38.638 -20.000 -13.175
3 16 -35.020 -20.000 -11.537 -39.388 -20.000 -11.363 -38.638 -20.000 -13.175
3 16 -35.020 -20.000 -11.537 -35.207 -20.000 -10.667 -39.388 -20.000 -11.363
3 16 -35.207 -20.000 -10.667 -39.846 -20.000 -9.455 -39.388 -20.000 -11.363
3 16 -35.207 -20.000 -10.667 -35.245 -20.000 -9.777 -39.846 -20.000 -9.455
3 16 -35.245 -20.000 -9.777 -40.000 -20.000 -7.500 -39.846 -20.000 -9.455
3 16 -35.245 -20.000 -9.777 -35.132 -20.000 -8.894 -40.000 -20.000 -7.500
3 16 -35.132 -20.000 -8.894 -34.871 -20.000 -8.043 -40.000 -20.000 -7.500
3 16 -40.000 -20.000 27.500 -35.020 -20.000 28.463 -39.846 -20.000 29.455
3 16 -28.677 -20.000 24.919 -19.875 -20.000 0.125 -27.838 -20.000 25.216
3 16 -28.677 -20.000 24.919 -29.555 -20.000 24.769 -19.875 -20.000 0.125
3 16 -29.555 -20.000 24.769 -40.000 -20.000 0.125 -19.875 -20.000 0.125
3 16 -29.555 -20.000 24.769 -30.000 -20.000 24.750 -40.000 -20.000 0.125
3 16 -30.000 -20.000 24.750 -30.445 -20.000 24.769 -40.000 -20.000 0.125
3 16 -31.323 -20.000 24.919 -40.000 -20.000 0.125 -30.445 -20.000 24.769
3 16 -31.323 -20.000 24.919 -32.162 -20.000 25.216 -40.000 -20.000 0.125
3 16 -32.162 -20.000 25.216 -32.940 -20.000 25.650 -40.000 -20.000 0.125
3 16 -35.207 -20.000 29.333 -39.846 -20.000 29.455 -35.020 -20.000 28.463
3 16 -35.207 -20.000 29.333 -35.245 -20.000 30.223 -39.846 -20.000 29.455
3 16 -35.245 -20.000 30.223 -39.388 -20.000 31.363 -39.846 -20.000 29.455
3 16 -35.245 -20.000 30.223 -35.132 -20.000 31.106 -39.388 -20.000 31.363
3 16 -35.132 -20.000 31.106 -38.638 -20.000 33.175 -39.388 -20.000 31.363
3 16 -35.132 -20.000 31.106 -34.871 -20.000 31.957 -38.638 -20.000 33.175
3 16 -34.871 -20.000 31.957 -37.613 -20.000 34.847 -38.638 -20.000 33.175
3 16 -34.871 -20.000 31.957 -34.471 -20.000 32.753 -37.613 -20.000 34.847
3 16 -34.471 -20.000 32.753 -36.339 -20.000 36.339 -37.613 -20.000 34.847
3 16 -33.633 -20.000 26.210 -40.000 -20.000 0.125 -32.940 -20.000 25.650
3 16 -33.633 -20.000 26.210 -34.221 -20.000 26.878 -40.000 -20.000 0.125
3 16 -34.221 -20.000 26.878 -40.000 -20.000 27.500 -40.000 -20.000 0.125
3 16 -34.221 -20.000 26.878 -34.688 -20.000 27.636 -40.000 -20.000 27.500
3 16 -34.688 -20.000 27.636 -35.020 -20.000 28.463 -40.000 -20.000 27.500
3 16 -25.779 -20.000 26.878 -19.875 -20.000 0.125 -25.312 -20.000 27.636
3 16 -25.129 -20.000 31.957 -24.868 -20.000 31.106 -19.875 -20.000 40.000
3 16 -24.755 -20.000 30.223 -19.875 -20.000 40.000 -24.868 -20.000 31.106
3 16 -24.755 -20.000 30.223 -24.793 -20.000 29.333 -19.875 -20.000 40.000
3 16 -24.793 -20.000 29.333 -19.875 -20.000 0.125 -19.875 -20.000 40.000
3 16 -24.793 -20.000 29.333 -24.980 -20.000 28.463 -19.875 -20.000 0.125
3 16 -24.980 -20.000 28.463 -25.312 -20.000 27.636 -19.875 -20.000 0.125
3 16 -26.367 -20.000 26.210 -19.875 -20.000 0.125 -25.779 -20.000 26.878
3 16 -26.367 -20.000 26.210 -27.060 -20.000 25.650 -19.875 -20.000 0.125
3 16 -27.060 -20.000 25.650 -27.838 -20.000 25.216 -19.875 -20.000 0.125
3 16 -33.941 -20.000 33.469 -36.339 -20.000 36.339 -34.471 -20.000 32.753
3 16 -33.941 -20.000 33.469 -33.298 -20.000 34.085 -36.339 -20.000 36.339
3 16 -33.298 -20.000 34.085 -34.847 -20.000 37.613 -36.339 -20.000 36.339
3 16 -33.298 -20.000 34.085 -32.560 -20.000 34.583 -34.847 -20.000 37.613
3 16 -32.560 -20.000 34.583 -33.175 -20.000 38.638 -34.847 -20.000 37.613
3 16 -32.560 -20.000 34.583 -31.749 -20.000 34.950 -33.175 -20.000 38.638
3 16 -31.749 -20.000 34.950 -31.363 -20.000 39.388 -33.175 -20.000 38.638
3 16 -31.749 -20.000 34.950 -30.887 -20.000 35.174 -31.363 -20.000 39.388
3 16 -30.887 -20.000 35.174 -29.455 -20.000 39.846 -31.363 -20.000 39.388
3 16 -30.887 -20.000 35.174 -30.000 -20.000 35.250 -29.455 -20.000 39.846
3 16 -30.000 -20.000 35.250 -27.500 -20.000 40.000 -29.455 -20.000 39.846
3 16 -26.059 -20.000 33.469 -19.875 -20.000 40.000 -26.702 -20.000 34.085
3 16 -26.059 -20.000 33.469 -25.529 -20.000 32.753 -19.875 -20.000 40.000
3 16 -25.529 -20.000 32.753 -25.129 -20.000 31.957 -19.875 -20.000 40.000
3 16 -29.113 -20.000 35.174 -27.500 -20.000 40.000 -30.000 -20.000 35.250
3 16 -29.113 -20.000 35.174 -28.251 -20.000 34.950 -27.500 -20.000 40.000
3 16 -28.251 -20.000 34.950 -19.875 -20.000 40.000 -27.500 -20.000 40.000
3 16 -28.251 -20.000 34.950 -27.440 -20.000 34.583 -19.875 -20.000 40.000
3 16 -27.440 -20.000 34.583 -26.702 -20.000 34.085 -19.875 -20.000 40.000
3 16 -12.060 -20.000 5.444 -19.875 -20.000 0.125 -11.260 -20.000 5.161
3 16 -7.940 -20.000 5.444 20.000 -20.000 0.125 -7.200 -20.000 5.857
3 16 12.940 -20.000 25.650 20.000 -20.000 0.125 13.633 -20.000 26.210
3 16 -19.875 -20.000 0.125 -10.424 -20.000 5.018 -11.260 -20.000 5.161
3 16 -12.800 -20.000 5.857 -19.875 -20.000 0.125 -12.060 -20.000 5.444
3 16 -12.800 -20.000 5.857 -13.460 -20.000 6.390 -19.875 -20.000 0.125
3 16 -13.460 -20.000 6.390 -14.020 -20.000 7.027 -19.875 -20.000 0.125
3 16 -14.465 -20.000 7.749 -19.875 -20.000 0.125 -14.020 -20.000 7.027
3 16 -14.465 -20.000 7.749 -14.781 -20.000 8.536 -19.875 -20.000 0.125
3 16 -14.781 -20.000 8.536 -14.960 -20.000 9.365 -19.875 -20.000 0.125
3 16 12.162 -20.000 25.216 20.000 -20.000 0.125 12.940 -20.000 25.650
3 16 12.162 -20.000 25.216 11.323 -20.000 24.919 20.000 -20.000 0.125
3 16 11.323 -20.000 24.919 10.445 -20.000 24.769 20.000 -20.000 0.125
3 16 4.868 -20.000 31.106 -19.875 -20.000 40.000 4.755 -20.000 30.223
3 16 4.868 -20.000 31.106 5.129 -20.000 31.957 -19.875 -20.000 40.000
3 16 5.129 -20.000 31.957 5.529 -20.000 32.753 -19.875 -20.000 40.000
3 16 6.059 -20.000 33.469 -19.875 -20.000 40.000 5.529 -20.000 32.753
3 16 6.059 -20.000 33.469 6.702 -20.000 34.085 -19.875 -20.000 40.000
3 16 6.702 -20.000 34.085 7.500 -20.000 40.000 -19.875 -20.000 40.000
3 16 6.702 -20.000 34.085 7.440 -20.000 34.583 7.500 -20.000 40.000
3 16 13.941 -20.000 33.469 17.613 -20.000 34.847 16.339 -20.000 36.339
3 16 13.941 -20.000 33.469 14.471 -20.000 32.753 17.613 -20.000 34.847
3 16 14.471 -20.000 32.753 18.638 -20.000 33.175 17.613 -20.000 34.847
3 16 14.471 -20.000 32.753 14.871 -20.000 31.957 18.638 -20.000 33.175
3 16 14.871 -20.000 31.957 19.388 -20.000 31.363 18.638 -20.000 33.175
3 16 14.871 -20.000 31.957 15.132 -20.000 31.106 19.388 -20.000 31.363
3 16 15.132 -20.000 31.106 19.846 -20.000 29.455 19.388 -20.000 31.363
3 16 -13.753 -20.000 13.303 -19.875 -20.000 40.000 -14.258 -20.000 12.622
3 16 -13.753 -20.000 13.303 -13.141 -20.000 13.890 -19.875 -20.000 40.000
3 16 -13.141 -20.000 13.890 -12.438 -20.000 14.365 -19.875 -20.000 40.000
3 16 10.000 -20.000 24.750 20.000 -20.000 0.125 10.445 -20.000 24.769
3 16 10.000 -20.000 24.750 9.555 -20.000 24.769 20.000 -20.000 0.125
3 16 9.555 -20.000 24.769 8.677 -20.000 24.919 20.000 -20.000 0.125
3 16 -8.740 -20.000 5.161 20.000 -20.000 0.125 -7.940 -20.000 5.444
3 16 -8.740 -20.000 5.161 -9.576 -20.000 5.018 20.000 -20.000 0.125
3 16 -9.576 -20.000 5.018 -19.875 -20.000 0.125 20.000 -20.000 0.125
3 16 -9.576 -20.000 5.018 -10.000 -20.000 5.000 -19.875 -20.000 0.125
3 16 -10.000 -20.000 5.000 -10.424 -20.000 5.018 -19.875 -20.000 0.125
3 16 8.251 -20.000 34.950 7.500 -20.000 40.000 7.440 -20.000 34.583
3 16 8.251 -20.000 34.950 9.113 -20.000 35.174 7.500 -20.000 40.000
3 16 9.113 -20.000 35.174 9.455 -20.000 39.846 7.500 -20.000 40.000
3 16 9.113 -20.000 35.174 10.000 -20.000 35.250 9.455 -20.000 39.846
3 16 10.000 -20.000 35.250 11.363 -20.000 39.388 9.455 -20.000 39.846
3 16 10.000 -20.000 35.250 10.887 -20.000 35.174 11.363 -20.000 39.388
3 16 10.887 -20.000 35.174 13.175 -20.000 38.638 11.363 -20.000 39.388
3 16 10.887 -20.000 35.174 11.749 -20.000 34.950 13.175 -20.000 38.638
3 16 11.749 -20.000 34.950 14.847 -20.000 37.613 13.175 -20.000 38.638
3 16 11.749 -20.000 34.950 12.560 -20.000 34.583 14.847 -20.000 37.613
3 16 12.560 -20.000 34.583 16.339 -20.000 36.339 14.847 -20.000 37.613
3 16 12.560 -20.000 34.583 13.298 -20.000 34.085 16.339 -20.000 36.339
3 16 13.298 -20.000 34.085 13.941 -20.000 33.469 16.339 -20.000 36.339
3 16 15.245 -20.000 30.223 19.846 -20.000 29.455 15.132 -20.000 31.106
3 16 15.245 -20.000 30.223 15.207 -20.000 29.333 19.846 -20.000 29.455
3 16 15.207 -20.000 29.333 20.000 -20.000 27.500 19.846 -20.000 29.455
3 16 15.020 -20.000 28.463 20.000 -20.000 27.500 15.207 -20.000 29.333
3 16 15.020 -20.000 28.463 14.688 -20.000 27.636 20.000 -20.000 27.500
3 16 14.688 -20.000 27.636 20.000 -20.000 0.125 20.000 -20.000 27.500
3 16 14.688 -20.000 27.636 14.221 -20.000 26.878 20.000 -20.000 0.125
3 16 14.221 -20.000 26.878 13.633 -20.000 26.210 20.000 -20.000 0.125
3 16 -14.996 -20.000 10.212 -19.875 -20.000 0.125 -14.960 -20.000 9.365
3 16 -14.996 -20.000 10.212 -14.888 -20.000 11.053 -19.875 -20.000 0.125
3 16 -14.888 -20.000 11.053 -19.875 -20.000 40.000 -19.875 -20.000 0.125
3 16 -14.888 -20.000 11.053 -14.639 -20.000 11.864 -19.875 -20.000 40.000
3 16 -14.639 -20.000 11.864 -14.258 -20.000 12.622 -19.875 -20.000 40.000
3 16 -10.845 -20.000 14.928 5.312 -20.000 27.636 -11.666 -20.000 14.714
3 16 -10.845 -20.000 14.928 -10.000 -20.000 15.000 5.312 -20.000 27.636
3 16 -10.000 -20.000 15.000 -9.155 -20.000 14.928 5.312 -20.000 27.636
3 16 -5.040 -20.000 9.365 -5.219 -20.000 8.536 8.677 -20.000 24.919
3 16 5.312 -20.000 27.636 -12.438 -20.000 14.365 -11.666 -20.000 14.714
3 16 5.312 -20.000 27.636 4.980 -20.000 28.463 -12.438 -20.000 14.365
3 16 4.980 -20.000 28.463 -19.875 -20.000 40.000 -12.438 -20.000 14.365
3 16 4.980 -20.000 28.463 4.793 -20.000 29.333 -19.875 -20.000 40.000
3 16 4.793 -20.000 29.333 4.755 -20.000 30.223 -19.875 -20.000 40.000
3 16 -5.535 -20.000 7.749 8.677 -20.000 24.919 -5.219 -20.000 8.536
3 16 -5.535 -20.000 7.749 -5.980 -20.000 7.027 8.677 -20.000 24.919
3 16 -5.980 -20.000 7.027 20.000 -20.000 0.125 8.677 -20.000 24.919
3 16 -5.980 -20.000 7.027 -6.540 -20.000 6.390 20.000 -20.000 0.125
3 16 -6.540 -20.000 6.390 -7.200 -20.000 5.857 20.000 -20.000 0.125
3 16 -5.112 -20.000 11.053 8.677 -20.000 24.919 -5.361 -20.000 11.864
3 16 -5.112 -20.000 11.053 -5.005 -20.000 10.212 8.677 -20.000 24.919
3 16 -5.005 -20.000 10.212 -5.040 -20.000 9.365 8.677 -20.000 24.919
3 16 -8.334 -20.000 14.714 5.312 -20.000 27.636 -9.155 -20.000 14.928
3 16 -8.334 -20.000 14.714 -7.562 -20.000 14.365 5.312 -20.000 27.636
3 16 -7.562 -20.000 14.365 -6.859 -20.000 13.890 5.312 -20.000 27.636
3 16 -6.247 -20.000 13.303 8.677 -20.000 24.919 7.838 -20.000 25.216
3 16 -6.247 -20.000 13.303 -5.742 -20.000 12.622 8.677 -20.000 24.919
3 16 -5.742 -20.000 12.622 -5.361 -20.000 11.864 8.677 -20.000 24.919
3 16 7.060 -20.000 25.650 -6.247 -20.000 13.303 7.838 -20.000 25.216
3 16 7.060 -20.000 25.650 6.367 -20.000 26.210 -6.247 -20.000 13.303
3 16 6.367 -20.000 26.210 -6.859 -20.000 13.890 -6.247 -20.000 13.303
3 16 6.367 -20.000 26.210 5.779 -20.000 26.878 -6.859 -20.000 13.890
3 16 5.779 -20.000 26.878 5.312 -20.000 27.636 -6.859 -20.000 13.890
3 16 -28.677 0.000 24.919 -27.838 0.000 25.216 -19.875 0.000 0.125
3 16 -33.941 0.000 33.469 -37.613 0.000 34.847 -36.339 0.000 36.339
3 16 -33.941 0.000 33.469 -34.471 0.000 32.753 -37.613 0.000 34.847
3 16 -34.471 0.000 32.753 -38.638 0.000 33.175 -37.613 0.000 34.847
3 16 -34.471 0.000 32.753 -34.871 0.000 31.957 -38.638 0.000 33.175
3 16 -34.871 0.000 31.957 -39.388 0.000 31.363 -38.638 0.000 33.175
3 16 -34.871 0.000 31.957 -35.132 0.000 31.106 -39.388 0.000 31.363
3 16 -35.132 0.000 31.106 -39.846 0.000 29.455 -39.388 0.000 31.363
3 16 -24.793 0.000 29.333 -19.875 0.000 40.000 -19.875 0.000 0.125
3 16 -24.793 0.000 29.333 -24.755 0.000 30.223 -19.875 0.000 40.000
3 16 -24.755 0.000 30.223 -24.868 0.000 31.106 -19.875 0.000 40.000
3 16 -25.129 0.000 31.957 -19.875 0.000 40.000 -24.868 0.000 31.106
3 16 -25.129 0.000 31.957 -25.529 0.000 32.753 -19.875 0.000 40.000
3 16 -25.529 0.000 32.753 -26.059 0.000 33.469 -19.875 0.000 40.000
3 16 -35.245 0.000 30.223 -39.846 0.000 29.455 -35.132 0.000 31.106
3 16 -35.245 0.000 30.223 -35.207 0.000 29.333 -39.846 0.000 29.455
3 16 -35.207 0.000 29.333 -40.000 0.000 27.500 -39.846 0.000 29.455
3 16 -32.940 0.000 25.650 -40.000 0.000 0.125 -33.633 0.000 26.210
3 16 -32.940 0.000 25.650 -32.162 0.000 25.216 -40.000 0.000 0.125
3 16 -32.162 0.000 25.216 -31.323 0.000 24.919 -40.000 0.000 0.125
3 16 -35.020 0.000 28.463 -40.000 0.000 27.500 -35.207 0.000 29.333
3 16 -35.020 0.000 28.463 -34.688 0.000 27.636 -40.000 0.000 27.500
3 16 -34.688 0.000 27.636 -40.000 0.000 0.125 -40.000 0.000 27.500
3 16 -34.688 0.000 27.636 -34.221 0.000 26.878 -40.000 0.000 0.125
3 16 -34.221 0.000 26.878 -33.633 0.000 26.210 -40.000 0.000 0.125
3 16 -30.445 0.000 24.769 -40.000 0.000 0.125 -31.323 0.000 24.919
3 16 -30.445 0.000 24.769 -30.000 0.000 24.750 -40.000 0.000 0.125
3 16 -30.000 0.000 24.750 -19.875 0.000 0.125 -40.000 0.000 0.125
3 16 -30.000 0.000 24.750 -29.555 0.000 24.769 -19.875 0.000 0.125
3 16 -29.555 0.000 24.769 -28.677 0.000 24.919 -19.875 0.000 0.125
3 16 -27.060 0.000 25.650 -19.875 0.000 0.125 -27.838 0.000 25.216
3 16 -27.060 0.000 25.650 -26.367 0.000 26.210 -19.875 0.000 0.125
3 16 -26.367 0.000 26.210 -25.779 0.000 26.878 -19.875 0.000 0.125
3 16 -25.312 0.000 27.636 -19.875 0.000 0.125 -25.779 0.000 26.878
3 16 -25.312 0.000 27.636 -24.980 0.000 28.463 -19.875 0.000 0.125
3 16 -24.980 0.000 28.463 -24.793 0.000 29.333 -19.875 0.000 0.125
3 16 -26.702 0.000 34.085 -19.875 0.000 40.000 -26.059 0.000 33.469
3 16 -26.702 0.000 34.085 -27.440 0.000 34.583 -19.875 0.000 40.000
3 16 -27.440 0.000 34.583 -27.500 0.000 40.000 -19.875 0.000 40.000
3 16 -28.251 0.000 34.950 -27.500 0.000 40.000 -27.440 0.000 34.583
3 16 -28.251 0.000 34.950 -29.113 0.000 35.174 -27.500 0.000 40.000
3 16 -29.113 0.000 35.174 -29.455 0.000 39.846 -27.500 0.000 40.000
3 16 -29.113 0.000 35.174 -30.000 0.000 35.250 -29.455 0.000 39.846
3 16 -30.000 0.000 35.250 -31.363 0.000 39.388 -29.455 0.000 39.846
3 16 -30.000 0.000 35.250 -30.887 0.000 35.174 -31.363 0.000 39.388
3 16 -30.887 0.000 35.174 -33.175 0.000 38.638 -31.363 0.000 39.388
3 16 -30.887 0.000 35.174 -31.749 0.000 34.950 -33.175 0.000 38.638
3 16 -31.749 0.000 34.950 -34.847 0.000 37.613 -33.175 0.000 38.638
3 16 -31.749 0.000 34.950 -32.560 0.000 34.583 -34.847 0.000 37.613
3 16 -32.560 0.000 34.583 -36.339 0.000 36.339 -34.847 0.000 37.613
3 16 -32.560 0.000 34.583 -33.298 0.000 34.085 -36.339 0.000 36.339
3 16 -33.298 0.000 34.085 -33.941 0.000 33.469 -36.339 0.000 36.339
3 16 -26.702 0.000 -5.915 -27.440 0.000 -5.417 -19.875 0.000 0.125
3 16 -28.251 0.000 -5.050 -19.875 0.000 0.125 -27.440 0.000 -5.417
3 16 -28.251 0.000 -5.050 -29.113 0.000 -4.826 -19.875 0.000 0.125
3 16 -29.113 0.000 -4.826 -40.000 0.000 0.125 -19.875 0.000 0.125
3 16 -29.113 0.000 -4.826 -30.000 0.000 -4.750 -40.000 0.000 0.125
3 16 -30.000 0.000 -4.750 -30.887 0.000 -4.826 -40.000 0.000 0.125
3 16 -31.749 0.000 -5.050 -40.000 0.000 0.125 -30.887 0.000 -4.826
3 16 -31.749 0.000 -5.050 -32.560 0.000 -5.417 -40.000 0.000 0.125
3 16 -32.560 0.000 -5.417 -33.298 0.000 -5.915 -40.000 0.000 0.125
3 16 -33.941 0.000 -6.531 -40.000 0.000 0.125 -33.298 0.000 -5.915
3 16 -33.941 0.000 -6.531 -34.471 0.000 -7.247 -40.000 0.000 0.125
3 16 -34.471 0.000 -7.247 -40.000 0.000 -7.500 -40.000 0.000 0.125
3 16 -34.871 0.000 -8.043 -40.000 0.000 -7.500 -34.471 0.000 -7.247
3 16 -34.871 0.000 -8.043 -35.132 0.000 -8.894 -40.000 0.000 -7.500
3 16 -35.132 0.000 -8.894 -39.846 0.000 -9.455 -40.000 0.000 -7.500
3 16 -35.132 0.000 -8.894 -35.245 0.000 -9.777 -39.846 0.000 -9.455
3 16 -35.245 0.000 -9.777 -39.388 0.000 -11.363 -39.846 0.000 -9.455
3 16 -35.245 0.000 -9.777 -35.207 0.000 -10.667 -39.388 0.000 -11.363
3 16 -35.207 0.000 -10.667 -38.638 0.000 -13.175 -39.388 0.000 -11.363
3 16 -35.207 0.000 -10.667 -35.020 0.000 -11.537 -38.638 0.000 -13.175
3 16 -35.020 0.000 -11.537 -37.613 0.000 -14.847 -38.638 0.000 -13.175
3 16 -25.312 0.000 -12.364 -19.875 0.000 -20.000 -25.779 0.000 -13.122
3 16 -29.455 0.000 -19.846 -29.555 0.000 -15.231 -27.500 0.000 -20.000
3 16 -19.875 0.000 -20.000 -26.367 0.000 -13.790 -25.779 0.000 -13.122
3 16 -28.677 0.000 -15.081 -27.500 0.000 -20.000 -29.555 0.000 -15.231
3 16 -28.677 0.000 -15.081 -27.838 0.000 -14.784 -27.500 0.000 -20.000
3 16 -27.838 0.000 -14.784 -19.875 0.000 -20.000 -27.500 0.000 -20.000
3 16 -27.838 0.000 -14.784 -27.060 0.000 -14.350 -19.875 0.000 -20.000
3 16 -27.060 0.000 -14.350 -26.367 0.000 -13.790 -19.875 0.000 -20.000
3 16 -24.868 0.000 -8.894 -25.129 0.000 -8.043 -19.875 0.000 0.125
3 16 -31.323 0.000 -15.081 -31.363 0.000 -19.388 -33.175 0.000 -18.638
3 16 -31.323 0.000 -15.081 -30.445 0.000 -15.231 -31.363 0.000 -19.388
3 16 -30.445 0.000 -15.231 -29.455 0.000 -19.846 -31.363 0.000 -19.388
3 16 -30.445 0.000 -15.231 -30.000 0.000 -15.250 -29.455 0.000 -19.846
3 16 -30.000 0.000 -15.250 -29.555 0.000 -15.231 -29.455 0.000 -19.846
3 16 -25.529 0.000 -7.247 -19.875 0.000 0.125 -25.129 0.000 -8.043
3 16 -25.529 0.000 -7.247 -26.059 0.000 -6.531 -19.875 0.000 0.125
3 16 -26.059 0.000 -6.531 -26.702 0.000 -5.915 -19.875 0.000 0.125
3 16 -34.688 0.000 -12.364 -37.613 0.000 -14.847 -35.020 0.000 -11.537
3 16 -34.688 0.000 -12.364 -34.221 0.000 -13.122 -37.613 0.000 -14.847
3 16 -34.221 0.000 -13.122 -36.339 0.000 -16.339 -37.613 0.000 -14.847
3 16 -34.221 0.000 -13.122 -33.633 0.000 -13.790 -36.339 0.000 -16.339
3 16 -33.633 0.000 -13.790 -34.847 0.000 -17.613 -36.339 0.000 -16.339
3 16 -33.633 0.000 -13.790 -32.940 0.000 -14.350 -34.847 0.000 -17.613
3 16 -32.940 0.000 -14.350 -33.175 0.000 -18.638 -34.847 0.000 -17.613
3 16 -32.940 0.000 -14.350 -32.162 0.000 -14.784 -33.175 0.000 -18.638
3 16 -32.162 0.000 -14.784 -31.323 0.000 -15.081 -33.175 0.000 -18.638
3 16 -24.980 0.000 -11.537 -19.875 0.000 -20.000 -25.312 0.000 -12.364
3 16 -24.980 0.000 -11.537 -24.793 0.000 -10.667 -19.875 0.000 -20.000
3 16 -24.793 0.000 -10.667 -19.875 0.000 0.125 -19.875 0.000 -20.000
3 16 -24.793 0.000 -10.667 -24.755 0.000 -9.777 -19.875 0.000 0.125
3 16 -24.755 0.000 -9.777 -24.868 0.000 -8.894 -19.875 0.000 0.125
3 16 8.677 0.000 -15.081 7.500 0.000 -20.000 7.838 0.000 -14.784
3 16 -19.875 0.000 0.125 20.000 0.000 0.125 9.113 0.000 -4.826
3 16 8.251 0.000 -5.050 -19.875 0.000 0.125 9.113 0.000 -4.826
3 16 8.251 0.000 -5.050 7.440 0.000 -5.417 -19.875 0.000 0.125
3 16 7.440 0.000 -5.417 6.702 0.000 -5.915 -19.875 0.000 0.125
3 16 6.059 0.000 -6.531 -19.875 0.000 0.125 6.702 0.000 -5.915
3 16 6.059 0.000 -6.531 5.529 0.000 -7.247 -19.875 0.000 0.125
3 16 5.529 0.000 -7.247 5.129 0.000 -8.043 -19.875 0.000 0.125
3 16 8.677 0.000 -15.081 9.455 0.000 -19.846 7.500 0.000 -20.000
3 16 11.749 0.000 -5.050 20.000 0.000 0.125 12.560 0.000 -5.417
3 16 4.868 0.000 -8.894 -19.875 0.000 0.125 5.129 0.000 -8.043
3 16 4.868 0.000 -8.894 4.755 0.000 -9.777 -19.875 0.000 0.125
3 16 4.755 0.000 -9.777 -19.875 0.000 -20.000 -19.875 0.000 0.125
3 16 4.755 0.000 -9.777 4.793 0.000 -10.667 -19.875 0.000 -20.000
3 16 4.793 0.000 -10.667 4.980 0.000 -11.537 -19.875 0.000 -20.000
3 16 6.367 0.000 -13.790 7.500 0.000 -20.000 -19.875 0.000 -20.000
3 16 6.367 0.000 -13.790 7.060 0.000 -14.350 7.500 0.000 -20.000
3 16 7.060 0.000 -14.350 7.838 0.000 -14.784 7.500 0.000 -20.000
3 16 10.887 0.000 -4.826 20.000 0.000 0.125 11.749 0.000 -5.050
3 16 10.887 0.000 -4.826 10.000 0.000 -4.750 20.000 0.000 0.125
3 16 10.000 0.000 -4.750 9.113 0.000 -4.826 20.000 0.000 0.125
3 16 5.312 0.000 -12.364 -19.875 0.000 -20.000 4.980 0.000 -11.537
3 16 5.312 0.000 -12.364 5.779 0.000 -13.122 -19.875 0.000 -20.000
3 16 5.779 0.000 -13.122 6.367 0.000 -13.790 -19.875 0.000 -20.000
3 16 9.555 0.000 -15.231 9.455 0.000 -19.846 8.677 0.000 -15.081
3 16 9.555 0.000 -15.231 10.000 0.000 -15.250 9.455 0.000 -19.846
3 16 10.000 0.000 -15.250 11.363 0.000 -19.388 9.455 0.000 -19.846
3 16 10.000 0.000 -15.250 10.445 0.000 -15.231 11.363 0.000 -19.388
3 16 10.445 0.000 -15.231 13.175 0.000 -18.638 11.363 0.000 -19.388
3 16 14.871 0.000 -8.043 20.000 0.000 0.125 20.000 0.000 -7.500
3 16 14.871 0.000 -8.043 14.471 0.000 -7.247 20.000 0.000 0.125
3 16 13.941 0.000 -6.531 20.000 0.000 0.125 14.471 0.000 -7.247
3 16 13.941 0.000 -6.531 13.298 0.000 -5.915 20.000 0.000 0.125
3 16 13.298 0.000 -5.915 12.560 0.000 -5.417 20.000 0.000 0.125
3 16 11.323 0.000 -15.081 13.175 0.000 -18.638 10.445 0.000 -15.231
3 16 11.323 0.000 -15.081 12.162 0.000 -14.784 13.175 0.000 -18.638
3 16 12.162 0.000 -14.784 14.847 0.000 -17.613 13.175 0.000 -18.638
3 16 12.162 0.000 -14.784 12.940 0.000 -14.350 14.847 0.000 -17.613
3 16 12.940 0.000 -14.350 16.339 0.000 -16.339 14.847 0.000 -17.613
3 16 12.940 0.000 -14.350 13.633 0.000 -13.790 16.339 0.000 -16.339
3 16 13.633 0.000 -13.790 17.613 0.000 -14.847 16.339 0.000 -16.339
3 16 14.221 0.000 -13.122 17.613 0.000 -14.847 13.633 0.000 -13.790
3 16 14.221 0.000 -13.122 14.688 0.000 -12.364 17.613 0.000 -14.847
3 16 14.688 0.000 -12.364 18.638 0.000 -13.175 17.613 0.000 -14.847
3 16 14.688 0.000 -12.364 15.020 0.000 -11.537 18.638 0.000 -13.175
3 16 15.020 0.000 -11.537 19.388 0.000 -11.363 18.638 0.000 -13.175
3 16 15.020 0.000 -11.537 15.207 0.000 -10.667 19.388 0.000 -11.363
3 16 15.207 0.000 -10.667 19.846 0.000 -9.455 19.388 0.000 -11.363
3 16 15.207 0.000 -10.667 15.245 0.000 -9.777 19.846 0.000 -9.455
3 16 15.245 0.000 -9.777 20.000 0.000 -7.500 19.846 0.000 -9.455
3 16 15.245 0.000 -9.777 15.132 0.000 -8.894 20.000 0.000 -7.500
3 16 15.132 0.000 -8.894 14.871 0.000 -8.043 20.000 0.000 -7.500
3 16 -10.845 0.000 14.928 -19.875 0.000 40.000 -10.000 0.000 15.000
3 16 -10.845 0.000 14.928 -11.666 0.000 14.714 -19.875 0.000 40.000
3 16 -11.666 0.000 14.714 -12.438 0.000 14.365 -19.875 0.000 40.000
3 16 7.440 0.000 34.583 7.500 0.000 40.000 8.251 0.000 34.950
3 16 7.440 0.000 34.583 -19.875 0.000 40.000 7.500 0.000 40.000
3 16 7.440 0.000 34.583 6.702 0.000 34.085 -19.875 0.000 40.000
3 16 6.702 0.000 34.085 6.059 0.000 33.469 -19.875 0.000 40.000
3 16 13.298 0.000 34.085 14.847 0.000 37.613 16.339 0.000 36.339
3 16 13.298 0.000 34.085 12.560 0.000 34.583 14.847 0.000 37.613
3 16 12.560 0.000 34.583 13.175 0.000 38.638 14.847 0.000 37.613
3 16 12.560 0.000 34.583 11.749 0.000 34.950 13.175 0.000 38.638
3 16 11.749 0.000 34.950 11.363 0.000 39.388 13.175 0.000 38.638
3 16 11.749 0.000 34.950 10.887 0.000 35.174 11.363 0.000 39.388
3 16 10.887 0.000 35.174 9.455 0.000 39.846 11.363 0.000 39.388
3 16 10.887 0.000 35.174 10.000 0.000 35.250 9.455 0.000 39.846
3 16 10.000 0.000 35.250 7.500 0.000 40.000 9.455 0.000 39.846
3 16 10.000 0.000 35.250 9.113 0.000 35.174 7.500 0.000 40.000
3 16 9.113 0.000 35.174 8.251 0.000 34.950 7.500 0.000 40.000
3 16 5.529 0.000 32.753 -19.875 0.000 40.000 6.059 0.000 33.469
3 16 5.529 0.000 32.753 5.129 0.000 31.957 -19.875 0.000 40.000
3 16 5.129 0.000 31.957 4.868 0.000 31.106 -19.875 0.000 40.000
3 16 -5.219 0.000 8.536 8.677 0.000 24.919 -5.535 0.000 7.749
3 16 11.323 0.000 24.919 20.000 0.000 0.125 10.445 0.000 24.769
3 16 11.323 0.000 24.919 12.162 0.000 25.216 20.000 0.000 0.125
3 16 12.162 0.000 25.216 12.940 0.000 25.650 20.000 0.000 0.125
3 16 4.755 0.000 30.223 -19.875 0.000 40.000 4.868 0.000 31.106
3 16 4.755 0.000 30.223 4.793 0.000 29.333 -19.875 0.000 40.000
3 16 4.793 0.000 29.333 -10.000 0.000 15.000 -19.875 0.000 40.000
3 16 20.000 0.000 27.500 15.020 0.000 28.463 19.846 0.000 29.455
3 16 -5.040 0.000 9.365 8.677 0.000 24.919 -5.219 0.000 8.536
3 16 -5.040 0.000 9.365 -5.005 0.000 10.212 8.677 0.000 24.919
3 16 -5.005 0.000 10.212 -5.112 0.000 11.053 8.677 0.000 24.919
3 16 4.980 0.000 28.463 -10.000 0.000 15.000 4.793 0.000 29.333
3 16 4.980 0.000 28.463 5.312 0.000 27.636 -10.000 0.000 15.000
3 16 5.312 0.000 27.636 -9.155 0.000 14.928 -10.000 0.000 15.000
3 16 5.312 0.000 27.636 -8.334 0.000 14.714 -9.155 0.000 14.928
3 16 -13.141 0.000 13.890 -19.875 0.000 40.000 -12.438 0.000 14.365
3 16 -13.141 0.000 13.890 -13.753 0.000 13.303 -19.875 0.000 40.000
3 16 -13.753 0.000 13.303 -14.258 0.000 12.622 -19.875 0.000 40.000
3 16 -19.875 0.000 0.125 -14.781 0.000 8.536 -14.465 0.000 7.749
3 16 -19.875 0.000 0.125 -14.960 0.000 9.365 -14.781 0.000 8.536
3 16 -14.020 0.000 7.027 -19.875 0.000 0.125 -14.465 0.000 7.749
3 16 -14.020 0.000 7.027 -13.460 0.000 6.390 -19.875 0.000 0.125
3 16 -13.460 0.000 6.390 -12.800 0.000 5.857 -19.875 0.000 0.125
3 16 -7.200 0.000 5.857 20.000 0.000 0.125 -7.940 0.000 5.444
3 16 -7.200 0.000 5.857 -6.540 0.000 6.390 20.000 0.000 0.125
3 16 -6.540 0.000 6.390 -5.980 0.000 7.027 20.000 0.000 0.125
3 16 15.207 0.000 29.333 19.846 0.000 29.455 15.020 0.000 28.463
3 16 15.207 0.000 29.333 15.245 0.000 30.223 19.846 0.000 29.455
3 16 15.245 0.000 30.223 19.388 0.000 31.363 19.846 0.000 29.455
3 16 15.245 0.000 30.223 15.132 0.000 31.106 19.388 0.000 31.363
3 16 15.132 0.000 31.106 18.638 0.000 33.175 19.388 0.000 31.363
3 16 15.132 0.000 31.106 14.871 0.000 31.957 18.638 0.000 33.175
3 16 14.871 0.000 31.957 17.613 0.000 34.847 18.638 0.000 33.175
3 16 14.871 0.000 31.957 14.471 0.000 32.753 17.613 0.000 34.847
3 16 14.471 0.000 32.753 16.339 0.000 36.339 17.613 0.000 34.847
3 16 14.471 0.000 32.753 13.941 0.000 33.469 16.339 0.000 36.339
3 16 13.941 0.000 33.469 13.298 0.000 34.085 16.339 0.000 36.339
3 16 7.060 0.000 25.650 -6.247 0.000 13.303 6.367 0.000 26.210
3 16 7.060 0.000 25.650 7.838 0.000 25.216 -6.247 0.000 13.303
3 16 7.838 0.000 25.216 -5.742 0.000 12.622 -6.247 0.000 13.303
3 16 7.838 0.000 25.216 8.677 0.000 24.919 -5.742 0.000 12.622
3 16 8.677 0.000 24.919 -5.361 0.000 11.864 -5.742 0.000 12.622
3 16 8.677 0.000 24.919 -5.112 0.000 11.053 -5.361 0.000 11.864
3 16 -14.639 0.000 11.864 -19.875 0.000 40.000 -14.258 0.000 12.622
3 16 -14.639 0.000 11.864 -14.888 0.000 11.053 -19.875 0.000 40.000
3 16 -14.888 0.000 11.053 -19.875 0.000 0.125 -19.875 0.000 40.000
3 16 -14.888 0.000 11.053 -14.996 0.000 10.212 -19.875 0.000 0.125
3 16 -14.996 0.000 10.212 -14.960 0.000 9.365 -19.875 0.000 0.125
3 16 8.677 0.000 24.919 -5.980 0.000 7.027 -5.535 0.000 7.749
3 16 8.677 0.000 24.919 9.555 0.000 24.769 -5.980 0.000 7.027
3 16 9.555 0.000 24.769 20.000 0.000 0.125 -5.980 0.000 7.027
3 16 9.555 0.000 24.769 10.000 0.000 24.750 20.000 0.000 0.125
3 16 10.000 0.000 24.750 10.445 0.000 24.769 20.000 0.000 0.125
3 16 13.633 0.000 26.210 20.000 0.000 0.125 12.940 0.000 25.650
3 16 13.633 0.000 26.210 14.221 0.000 26.878 20.000 0.000 0.125
3 16 14.221 0.000 26.878 20.000 0.000 27.500 20.000 0.000 0.125
3 16 14.221 0.000 26.878 14.688 0.000 27.636 20.000 0.000 27.500
3 16 14.688 0.000 27.636 15.020 0.000 28.463 20.000 0.000 27.500
3 16 -12.060 0.000 5.444 -19.875 0.000 0.125 -12.800 0.000 5.857
3 16 -12.060 0.000 5.444 -11.260 0.000 5.161 -19.875 0.000 0.125
3 16 -11.260 0.000 5.161 -10.424 0.000 5.018 -19.875 0.000 0.125
3 16 -6.247 0.000 13.303 5.779 0.000 26.878 6.367 0.000 26.210
3 16 -6.247 0.000 13.303 -6.859 0.000 13.890 5.779 0.000 26.878
3 16 -6.859 0.000 13.890 5.312 0.000 27.636 5.779 0.000 26.878
3 16 -6.859 0.000 13.890 -7.562 0.000 14.365 5.312 0.000 27.636
3 16 -7.562 0.000 14.365 -8.334 0.000 14.714 5.312 0.000 27.636
3 16 -10.000 0.000 5.000 -19.875 0.000 0.125 -10.424 0.000 5.018
3 16 -10.000 0.000 5.000 -9.576 0.000 5.018 -19.875 0.000 0.125
3 16 -9.576 0.000 5.018 20.000 0.000 0.125 -19.875 0.000 0.125
3 16 -9.576 0.000 5.018 -8.740 0.000 5.161 20.000 0.000 0.125
3 16 -8.740 0.000 5.161 -7.940 0.000 5.444 20.000 0.000 0.125
3 16 20.000 0.000 27.500 19.846 0.000 29.455 20.000 -20.000 27.500
3 16 19.846 0.000 29.455 19.846 -20.000 29.455 20.000 -20.000 27.500
3 16 19.846 0.000 29.455 19.388 0.000 31.363 19.846 -20.000 29.455
3 16 19.388 0.000 31.363 19.388 -20.000 31.363 19.846 -20.000 29.455
3 16 19.388 0.000 31.363 18.638 0.000 33.175 19.388 -20.000 31.363
3 16 18.638 0.000 33.175 18.638 -20.000 33.175 19.388 -20.000 31.363
3 16 18.638 0.000 33.175 17.613 0.000 34.847 18.638 -20.000 33.175
3 16 17.613 0.000 34.847 17.613 -20.000 34.847 18.638 -20.000 33.175
3 16 17.613 0.000 34.847 16.339 0.000 36.339 17.613 -20.000 34.847
3 16 16.339 0.000 36.339 16.339 -20.000 36.339 17.613 -20.000 34.847
3 16 16.339 0.000 36.339 14.847 0.000 37.613 16.339 -20.000 36.339
3 16 14.847 0.000 37.613 14.847 -20.000 37.613 16.339 -20.000 36.339
3 16 14.847 0.000 37.613 13.175 0.000 38.638 14.847 -20.000 37.613
3 16 13.175 0.000 38.638 13.175 -20.000 38.638 14.847 -20.000 37.613
3 16 13.175 0.000 38.638 11.363 0.000 39.388 13.175 -20.000 38.638
3 16 11.363 0.000 39.388 11.363 -20.000 39.388 13.175 -20.000 38.638
3 16 11.363 0.000 39.388 9.455 0.000 39.846 11.363 -20.000 39.388
3 16 9.455 0.000 39.846 9.455 -20.000 39.846 11.363 -20.000 39.388
3 16 9.455 0.000 39.846 7.500 0.000 40.000 9.455 -20.000 39.846
3 16 7.500 0.000 40.000 7.500 -20.000 40.000 9.455 -20.000 39.846
3 16 -27.500 -20.000 40.000 -19.875 0.000 40.000 -27.500 0.000 40.000
3 16 -27.500 -20.000 40.000 -19.875 -20.000 40.000 -19.875 0.000 40.000
3 16 -19.875 -20.000 40.000 7.500 0.000 40.000 -19.875 0.000 40.000
3 16 -19.875 -20.000 40.000 7.500 -20.000 40.000 7.500 0.000 40.000
3 16 -27.500 0.000 40.000 -29.455 0.000 39.846 -27.500 -20.000 40.000
3 16 -29.455 0.000 39.846 -29.455 -20.000 39.846 -27.500 -20.000 40.000
3 16 -29.455 0.000 39.846 -31.363 0.000 39.388 -29.455 -20.000 39.846
3 16 -31.363 0.000 39.388 -31.363 -20.000 39.388 -29.455 -20.000 39.846
3 16 -31.363 0.000 39.388 -33.175 0.000 38.638 -31.363 -20.000 39.388
3 16 -33.175 0.000 38.638 -33.175 -20.000 38.638 -31.363 -20.000 39.388
3 16 -33.175 0.000 38.638 -34.847 0.000 37.613 -33.175 -20.000 38.638
3 16 -34.847 0.000 37.613 -34.847 -20.000 37.613 -33.175 -20.000 38.638
3 16 -34.847 0.000 37.613 -36.339 0.000 36.339 -34.847 -20.000 37.613
3 16 -36.339 0.000 36.339 -36.339 -20.000 36.339 -34.847 -20.000 37.613
3 16 -36.339 0.000 36.339 -37.613 0.000 34.847 -36.339 -20.000 36.339
3 16 -37.613 0.000 34.847 -37.613 -20.000 34.847 -36.339 -20.000 36.339
3 16 -37.613 0.000 34.847 -38.638 0.000 33.175 -37.613 -20.000 34.847
3 16 -38.638 0.000 33.175 -38.638 -20.000 33.175 -37.613 -20.000 34.847
3 16 -38.638 0.000 33.175 -39.388 0.000 31.363 -38.638 -20.000 33.175
3 16 -39.388 0.000 31.363 -39.388 -20.000 31.363 -38.638 -20.000 33.175
3 16 -39.388 0.000 31.363 -39.846 0.000 29.455 -39.388 -20.000 31.363
3 16 -39.846 0.000 29.455 -39.846 -20.000 29.455 -39.388 -20.000 31.363
3 16 -39.846 0.000 29.455 -40.000 0.000 27.500 -39.846 -20.000 29.455
3 16 -40.000 0.000 27.500 -40.000 -20.000 27.500 -39.846 -20.000 29.455
3 16 -40.000 -20.000 -7.500 -40.000 0.000 0.125 -40.000 0.000 -7.500
3 16 -40.000 -20.000 -7.500 -40.000 -20.000 0.125 -40.000 0.000 0.125
3 16 -40.000 -20.000 0.125 -40.000 0.000 27.500 -40.000 0.000 0.125
3 16 -40.000 -20.000 0.125 -40.000 -20.000 27.500 -40.000 0.000 27.500
3 16 -40.000 0.000 -7.500 -39.846 0.000 -9.455 -40.000 -20.000 -7.500
3 16 -39.846 0.000 -9.455 -39.846 -20.000 -9.455 -40.000 -20.000 -7.500
3 16 -39.846 0.000 -9.455 -39.388 0.000 -11.363 -39.846 -20.000 -9.455
3 16 -39.388 0.000 -11.363 -39.388 -20.000 -11.363 -39.846 -20.000 -9.455
3 16 -39.388 0.000 -11.363 -38.638 0.000 -13.175 -39.388 -20.000 -11.363
3 16 -38.638 0.000 -13.175 -38.638 -20.000 -13.175 -39.388 -20.000 -11.363
3 16 -38.638 0.000 -13.175 -37.613 0.000 -14.847 -38.638 -20.000 -13.175
3 16 -37.613 0.000 -14.847 -37.613 -20.000 -14.847 -38.638 -20.000 -13.175
3 16 -37.613 0.000 -14.847 -36.339 0.000 -16.339 -37.613 -20.000 -14.847
3 16 -36.339 0.000 -16.339 -36.339 -20.000 -16.339 -37.613 -20.000 -14.847
3 16 -36.339 0.000 -16.339 -34.847 0.000 -17.613 -36.339 -20.000 -16.339
3 16 -34.847 0.000 -17.613 -34.847 -20.000 -17.613 -36.339 -20.000 -16.339
3 16 -34.847 0.000 -17.613 -33.175 0.000 -18.638 -34.847 -20.000 -17.613
3 16 -33.175 0.000 -18.638 -33.175 -20.000 -18.638 -34.847 -20.000 -17.613
3 16 -33.175 0.000 -18.638 -31.363 0.000 -19.388 -33.175 -20.000 -18.638
3 16 -31.363 0.000 -19.388 -31.363 -20.000 -19.388 -33.175 -20.000 -18.638
3 16 -31.363 0.000 -19.388 -29.455 0.000 -19.846 -31.363 -20.000 -19.388
3 16 -29.455 0.000 -19.846 -29.455 -20.000 -19.846 -31.363 -20.000 -19.388
3 16 -29.455 0.000 -19.846 -27.500 0.000 -20.000 -29.455 -20.000 -19.846
3 16 -27.500 0.000 -20.000 -27.500 -20.000 -20.000 -29.455 -20.000 -19.846
3 16 7.500 -20.000 -20.000 -19.875 0.000 -20.000 7.500 0.000 -20.000
3 16 7.500 -20.000 -20.000 -19.875 -20.000 -20.000 -19.875 0.000 -20.000
3 16 -19.875 -20.000 -20.000 -27.500 0.000 -20.000 -19.875 0.000 -20.000
3 16 -19.875 -20.000 -20.000 -27.500 -20.000 -20.000 -27.500 0.000 -20.000
3 16 7.500 0.000 -20.000 9.455 0.000 -19.846 7.500 -20.000 -20.000
3 16 9.455 0.000 -19.846 9.455 -20.000 -19.846 7.500 -20.000 -20.000
3 16 9.455 0.000 -19.846 11.363 0.000 -19.388 9.455 -20.000 -19.846
3 16 11.363 0.000 -19.388 11.363 -20.000 -19.388 9.455 -20.000 -19.846
3 16 11.363 0.000 -19.388 13.175 0.000 -18.638 11.363 -20.000 -19.388
3 16 13.175 0.000 -18.638 13.175 -20.000 -18.638 11.363 -20.000 -19.388
3 16 13.175 0.000 -18.638 14.847 0.000 -17.613 13.175 -20.000 -18.638
3 16 14.847 0.000 -17.613 14.847 -20.000 -17.613 13.175 -20.000 -18.638
3 16 14.847 0.000 -17.613 16.339 0.000 -16.339 14.847 -20.000 -17.613
3 16 16.339 0.000 -16.339 16.339 -20.000 -16.339 14.847 -20.000 -17.613
3 16 16.339 0.000 -16.339 17.613 0.000 -14.847 16.339 -20.000 -16.339
3 16 17.613 0.000 -14.847 17.613 -20.000 -14.847 16.339 -20.000 -16.339
3 16 17.613 0.000 -14.847 18.638 0.000 -13.175 17.613 -20.000 -14.847
3 16 18.638 0.000 -13.175 18.638 -20.000 -13.175 17.613 -20.000 -14.847
3 16 18.638 0.000 -13.175 19.388 0.000 -11.363 18.638 -20.000 -13.175
3 16 19.388 0.000 -11.363 19.388 -20.000 -11.363 18.638 -20.000 -13.175
3 16 19.388 0.000 -11.363 19.846 0.000 -9.455 19.388 -20.000 -11.363
3 16 19.846 0.000 -9.455 19.846 -20.000 -9.455 19.388 -20.000 -11.363
3 16 19.846 0.000 -9.455 20.000 0.000 -7.500 19.846 -20.000 -9.455
3 16 20.000 0.000 -7.500 20.000 -20.000 -7.500 19.846 -20.000 -9.455
3 16 20.000 -20.000 27.500 20.000 0.000 0.125 20.000 0.000 27.500
3 16 20.000 -20.000 27.500 20.000 -20.000 0.125 20.000 0.000 0.125
3 16 20.000 -20.000 0.125 20.000 0.000 -7.500 20.000 0.000 0.125
3 16 20.000 -20.000 0.125 20.000 -20.000 -7.500 20.000 0.000 -7.500
3 16 -30.000 0.000 35.250 -29.113 -20.000 35.174 -30.000 -20.000 35.250
3 16 -30.000 0.000 35.250 -29.113 0.000 35.174 -29.113 -20.000 35.174
3 16 -29.113 0.000 35.174 -28.251 -20.000 34.950 -29.113 -20.000 35.174
3 16 -29.113 0.000 35.174 -28.251 0.000 34.950 -28.251 -20.000 34.950
3 16 -28.251 0.000 34.950 -27.440 -20.000 34.583 -28.251 -20.000 34.950
3 16 -28.251 0.000 34.950 -27.440 0.000 34.583 -27.440 -20.000 34.583
3 16 -27.440 0.000 34.583 -26.702 -20.000 34.085 -27.440 -20.000 34.583
3 16 -27.440 0.000 34.583 -26.702 0.000 34.085 -26.702 -20.000 34.085
3 16 -26.702 0.000 34.085 -26.059 -20.000 33.469 -26.702 -20.000 34.085
3 16 -26.702 0.000 34.085 -26.059 0.000 33.469 -26.059 -20.000 33.469
3 16 -26.059 0.000 33.469 -25.529 -20.000 32.753 -26.059 -20.000 33.469
3 16 -26.059 0.000 33.469 -25.529 0.000 32.753 -25.529 -20.000 32.753
3 16 -25.529 0.000 32.753 -25.129 -20.000 31.957 -25.529 -20.000 32.753
3 16 -25.529 0.000 32.753 -25.129 0.000 31.957 -25.129 -20.000 31.957
3 16 -25.129 0.000 31.957 -24.868 -20.000 31.106 -25.129 -20.000 31.957
3 16 -25.129 0.000 31.957 -24.868 0.000 31.106 -24.868 -20.000 31.106
3 16 -24.868 0.000 31.106 -24.755 -20.000 30.223 -24.868 -20.000 31.106
3 16 -24.868 0.000 31.106 -24.755 0.000 30.223 -24.755 -20.000 30.223
3 16 -24.755 0.000 30.223 -24.793 -20.000 29.333 -24.755 -20.000 30.223
3 16 -24.755 0.000 30.223 -24.793 0.000 29.333 -24.793 -20.000 29.333
3 16 -24.793 0.000 29.333 -24.980 -20.000 28.463 -24.793 -20.000 29.333
3 16 -24.793 0.000 29.333 -24.980 0.000 28.463 -24.980 -20.000 28.463
3 16 -24.980 0.000 28.463 -25.312 -20.000 27.636 -24.980 -20.000 28.463
3 16 -24.980 0.000 28.463 -25.312 0.000 27.636 -25.312 -20.000 27.636
3 16 -25.312 0.000 27.636 -25.779 -20.000 26.878 -25.312 -20.000 27.636
3 16 -25.312 0.000 27.636 -25.779 0.000 26.878 -25.779 -20.000 26.878
3 16 -25.779 0.000 26.878 -26.367 -20.000 26.210 -25.779 -20.000 26.878
3 16 -25.779 0.000 26.878 -26.367 0.000 26.210 -26.367 -20.000 26.210
3 16 -26.367 0.000 26.210 -27.060 -20.000 25.650 -26.367 -20.000 26.210
3 16 -26.367 0.000 26.210 -27.060 0.000 25.650 -27.060 -20.000 25.650
3 16 -27.060 0.000 25.650 -27.838 -20.000 25.216 -27.060 -20.000 25.650
3 16 -27.060 0.000 25.650 -27.838 0.000 25.216 -27.838 -20.000 25.216
3 16 -27.838 0.000 25.216 -28.677 -20.000 24.919 -27.838 -20.000 25.216
3 16 -27.838 0.000 25.216 -28.677 0.000 24.919 -28.677 -20.000 24.919
3 16 -28.677 0.000 24.919 -29.555 -20.000 24.769 -28.677 -20.000 24.919
3 16 -28.677 0.000 24.919 -29.555 0.000 24.769 -29.555 -20.000 24.769
3 16 -29.555 0.000 24.769 -30.000 -20.000 24.750 -29.555 -20.000 24.769
3 16 -29.555 0.000 24.769 -30.000 0.000 24.750 -30.000 -20.000 24.750
3 16 -30.000 0.000 24.750 -30.445 -20.000 24.769 -30.000 -20.000 24.750
3 16 -30.000 0.000 24.750 -30.445 0.000 24.769 -30.445 -20.000 24.769
3 16 -30.445 0.000 24.769 -31.323 -20.000 24.919 -30.445 -20.000 24.769
3 16 -30.445 0.000 24.769 -31.323 0.000 24.919 -31.323 -20.000 24.919
3 16 -31.323 0.000 24.919 -32.162 -20.000 25.216 -31.323 -20.000 24.919
3 16 -31.323 0.000 24.919 -32.162 0.000 25.216 -32.162 -20.000 25.216
3 16 -32.162 0.000 25.216 -32.940 -20.000 25.650 -32.162 -20.000 25.216
3 16 -32.162 0.000 25.216 -32.940 0.000 25.650 -32.940 -20.000 25.650
3 16 -32.940 0.000 25.650 -33.633 -20.000 26.210 -32.940 -20.000 25.650
3 16 -32.940 0.000 25.650 -33.633 0.000 26.210 -33.633 -20.000 26.210
3 16 -33.633 0.000 26.210 -34.221 -20.000 26.878 -33.633 -20.000 26.210
3 16 -33.633 0.000 26.210 -34.221 0.000 26.878 -34.221 -20.000 26.878
3 16 -34.221 0.000 26.878 -34.688 -20.000 27.636 -34.221 -20.000 26.878
3 16 -34.221 0.000 26.878 -34.688 0.000 27.636 -34.688 -20.000 27.636
3 16 -34.688 0.000 27.636 -35.020 -20.000 28.463 -34.688 -20.000 27.636
3 16 -34.688 0.000 27.636 -35.020 0.000 28.463 -35.020 -20.000 28.463
3 16 -35.020 0.000 28.463 -35.207 -20.000 29.333 -35.020 -20.000 28.463
3 16 -35.020 0.000 28.463 -35.207 0.000 29.333 -35.207 -20.000 29.333
3 16 -35.207 0.000 29.333 -35.245 -20.000 30.223 -35.207 -20.000 29.333
3 16 -35.207 0.000 29.333 -35.245 0.000 30.223 -35.245 -20.000 30.223
3 16 -35.245 0.000 30.223 -35.132 -20.000 31.106 -35.245 -20.000 30.223
3 16 -35.245 0.000 30.223 -35.132 0.000 31.106 -35.132 -20.000 31.106
3 16 -35.132 0.000 31.106 -34.871 -20.000 31.957 -35.132 -20.000 31.106
3 16 -35.132 0.000 31.106 -34.871 0.000 31.957 -34.871 -20.000 31.957
3 16 -34.871 0.000 31.957 -34.471 -20.000 32.753 -34.871 -20.000 31.957
3 16 -34.871 0.000 31.957 -34.471 0.000 32.753 -34.471 -20.000 32.753
3 16 -34.471 0.000 32.753 -33.941 -20.000 33.469 -34.471 -20.000 32.753
3 16 -34.471 0.000 32.753 -33.941 0.000 33.469 -33.941 -20.000 33.469
3 16 -33.941 0.000 33.469 -33.298 -20.000 34.085 -33.941 -20.000 33.469
3 16 -33.941 0.000 33.469 -33.298 0.000 34.085 -33.298 -20.000 34.085
3 16 -33.298 0.000 34.085 -32.560 -20.000 34.583 -33.298 -20.000 34.085
3 16 -33.298 0.000 34.085 -32.560 0.000 34.583 -32.560 -20.000 34.583
3 16 -32.560 0.000 34.583 -31.749 -20.000 34.950 -32.560 -20.000 34.583
3 16 -32.560 0.000 34.583 -31.749 0.000 34.950 -31.749 -20.000 34.950
3 16 -31.749 0.000 34.950 -30.887 -20.000 35.174 -31.749 -20.000 34.950
3 16 -31.749 0.000 34.950 -30.887 0.000 35.174 -30.887 -20.000 35.174
3 16 -30.887 0.000 35.174 -30.000 -20.000 35.250 -30.887 -20.000 35.174
3 16 -30.887 0.000 35.174 -30.000 0.000 35.250 -30.000 -20.000 35.250
3 16 10.000 0.000 35.250 10.887 -20.000 35.174 10.000 -20.000 35.250
3 16 10.000 0.000 35.250 10.887 0.000 35.174 10.887 -20.000 35.174
3 16 10.887 0.000 35.174 11.749 -20.000 34.950 10.887 -20.000 35.174
3 16 10.887 0.000 35.174 11.749 0.000 34.950 11.749 -20.000 34.950
3 16 11.749 0.000 34.950 12.560 -20.000 34.583 11.749 -20.000 34.950
3 16 11.749 0.000 34.950 12.560 0.000 34.583 12.560 -20.000 34.583
3 16 12.560 0.000 34.583 13.298 -20.000 34.085 12.560 -20.000 34.583
3 16 12.560 0.000 34.583 13.298 0.000 34.085 13.298 -20.000 34.085
3 16 13.298 0.000 34.085 13.941 -20.000 33.469 13.298 -20.000 34.085
3 16 13.298 0.000 34.085 13.941 0.000 33.469 13.941 -20.000 33.469
3 16 13.941 0.000 33.469 14.471 -20.000 32.753 13.941 -20.000 33.469
3 16 13.941 0.000 33.469 14.471 0.000 32.753 14.471 -20.000 32.753
3 16 14.471 0.000 32.753 14.871 -20.000 31.957 14.471 -20.000 32.753
3 16 14.471 0.000 32.753 14.871 0.000 31.957 14.871 -20.000 31.957
3 16 14.871 0.000 31.957 15.132 -20.000 31.106 14.871 -20.000 31.957
3 16 14.871 0.000 31.957 15.132 0.000 31.106 15.132 -20.000 31.106
3 16 15.132 0.000 31.106 15.245 -20.000 30.223 15.132 -20.000 31.106
3 16 15.132 0.000 31.106 15.245 0.000 30.223 15.245 -20.000 30.223
3 16 15.245 0.000 30.223 15.207 -20.000 29.333 15.245 -20.000 30.223
3 16 15.245 0.000 30.223 15.207 0.000 29.333 15.207 -20.000 29.333
3 16 15.207 0.000 29.333 15.020 -20.000 28.463 15.207 -20.000 29.333
3 16 15.207 0.000 29.333 15.020 0.000 28.463 15.020 -20.000 28.463
3 16 15.020 0.000 28.463 14.688 -20.000 27.636 15.020 -20.000 28.463
3 16 15.020 0.000 28.463 14.688 0.000 27.636 14.688 -20.000 27.636
3 16 14.688 0.000 27.636 14.221 -20.000 26.878 14.688 -20.000 27.636
3 16 14.688 0.000 27.636 14.221 0.000 26.878 14.221 -20.000 26.878
3 16 14.221 0.000 26.878 13.633 -20.000 26.210 14.221 -20.000 26.878
3 16 14.221 0.000 26.878 13.633 0.000 26.210 13.633 -20.000 26.210
3 16 13.633 0.000 26.210 12.940 -20.000 25.650 13.633 -20.000 26.210
3 16 13.633 0.000 26.210 12.940 0.000 25.650 12.940 -20.000 25.650
3 16 12.940 0.000 25.650 12.162 -20.000 25.216 12.940 -20.000 25.650
3 16 12.940 0.000 25.650 12.162 0.000 25.216 12.162 -20.000 25.216
3 16 12.162 0.000 25.216 11.323 -20.000 24.919 12.162 -20.000 25.216
3 16 12.162 0.000 25.216 11.323 0.000 24.919 11.323 -20.000 24.919
3 16 11.323 0.000 24.919 10.445 -20.000 24.769 11.323 -20.000 24.919
3 16 11.323 0.000 24.919 10.445 0.000 24.769 10.445 -20.000 24.769
3 16 10.445 0.000 24.769 10.000 -20.000 24.750 10.445 -20.000 24.769
3 16 10.445 0.000 24.769 10.000 0.000 24.750 10.000 -20.000 24.750
3 16 10.000 0.000 24.750 9.555 -20.000 24.769 10.000 -20.000 24.750
3 16 10.000 0.000 24.750 9.555 0.000 24.769 9.555 -20.000 24.769
3 16 9.555 0.000 24.769 8.677 -20.000 24.919 9.555 -20.000 24.769
3 16 9.555 0.000 24.769 8.677 0.000 24.919 8.677 -20.000 24.919
3 16 8.677 0.000 24.919 7.838 -20.000 25.216 8.677 -20.000 24.919
3 16 8.677 0.000 24.919 7.838 0.000 25.216 7.838 -20.000 25.216
3 16 7.838 0.000 25.216 7.060 -20.000 25.650 7.838 -20.000 25.216
3 16 7.838 0.000 25.216 7.060 0.000 25.650 7.060 -20.000 25.650
3 16 7.060 0.000 25.650 6.367 -20.000 26.210 7.060 -20.000 25.650
3 16 7.060 0.000 25.650 6.367 0.000 26.210 6.367 -20.000 26.210
3 16 6.367 0.000 26.210 5.779 -20.000 26.878 6.367 -20.000 26.210
3 16 6.367 0.000 26.210 5.779 0.000 26.878 5.779 -20.000 26.878
3 16 5.779 0.000 26.878 5.312 -20.000 27.636 5.779 -20.000 26.878
3 16 5.779 0.000 26.878 5.312 0.000 27.636 5.312 -20.000 27.636
3 16 5.312 0.000 27.636 4.980 -20.000 28.463 5.312 -20.000 27.636
3 16 5.312 0.000 27.636 4.980 0.000 28.463 4.980 -20.000 28.463
3 16 4.980 0.000 28.463 4.793 -20.000 29.333 4.980 -20.000 28.463
3 16 4.980 0.000 28.463 4.793 0.000 29.333 4.793 -20.000 29.333
3 16 4.793 0.000 29.333 4.755 -20.000 30.223 4.793 -20.000 29.333
3 16 4.793 0.000 29.333 4.755 0.000 30.223 4.755 -20.000 30.223
3 16 4.755 0.000 30.223 4.868 -20.000 31.106 4.755 -20.000 30.223
3 16 4.755 0.000 30.223 4.868 0.000 31.106 4.868 -20.000 31.106
3 16 4.868 0.000 31.106 5.129 -20.000 31.957 4.868 -20.000 31.106
3 16 4.868 0.000 31.106 5.129 0.000 31.957 5.129 -20.000 31.957
3 16 5.129 0.000 31.957 5.529 -20.000 32.753 5.129 -20.000 31.957
3 16 5.129 0.000 31.957 5.529 0.000 32.753 5.529 -20.000 32.753
3 16 5.529 0.000 32.753 6.059 -20.000 33.469 5.529 -20.000 32.753
3 16 5.529 0.000 32.753 6.059 0.000 33.469 6.059 -20.000 33.469
3 16 6.059 0.000 33.469 6.702 -20.000 34.085 6.059 -20.000 33.469
3 16 6.059 0.000 33.469 6.702 0.000 34.085 6.702 -20.000 34.085
3 16 6.702 0.000 34.085 7.440 -20.000 34.583 6.702 -20.000 34.085
3 16 6.702 0.000 34.085 7.440 0.000 34.583 7.440 -20.000 34.583
3 16 7.440 0.000 34.583 8.251 -20.000 34.950 7.440 -20.000 34.583
3 16 7.440 0.000 34.583 8.251 0.000 34.950 8.251 -20.000 34.950
3 16 8.251 0.000 34.950 9.113 -20.000 35.174 8.251 -20.000 34.950
3 16 8.251 0.000 34.950 9.113 0.000 35.174 9.113 -20.000 35.174
3 16 9.113 0.000 35.174 10.000 -20.000 35.250 9.113 -20.000 35.174
3 16 9.113 0.000 35.174 10.000 0.000 35.250 10.000 -20.000 35.250
3 16 10.000 0.000 -4.750 10.887 -20.000 -4.826 10.000 -20.000 -4.750
3 16 10.000 0.000 -4.750 10.887 0.000 -4.826 10.887 -20.000 -4.826
3 16 10.887 0.000 -4.826 11.749 -20.000 -5.050 10.887 -20.000 -4.826
3 16 10.887 0.000 -4.826 11.749 0.000 -5.050 11.749 -20.000 -5.050
3 16 11.749 0.000 -5.050 12.560 -20.000 -5.417 11.749 -20.000 -5.050
3 16 11.749 0.000 -5.050 12.560 0.000 -5.417 12.560 -20.000 -5.417
3 16 12.560 0.000 -5.417 13.298 -20.000 -5.915 12.560 -20.000 -5.417
3 16 12.560 0.000 -5.417 13.298 0.000 -5.915 13.298 -20.000 -5.915
3 16 13.298 0.000 -5.915 13.941 -20.000 -6.531 13.298 -20.000 -5.915
3 16 13.298 0.000 -5.915 13.941 0.000 -6.531 13.941 -20.000 -6.531
3 16 13.941 0.000 -6.531 14.471 -20.000 -7.247 13.941 -20.000 -6.531
3 16 13.941 0.000 -6.531 14.471 0.000 -7.247 14.471 -20.000 -7.247
3 16 14.471 0.000 -7.247 14.871 -20.000 -8.043 14.471 -20.000 -7.247
3 16 14.471 0.000 -7.247 14.871 0.000 -8.043 14.871 -20.000 -8.043
3 16 14.871 0.000 -8.043 15.132 -20.000 -8.894 14.871 -20.000 -8.043
3 16 14.871 0.000 -8.043 15.132 0.000 -8.894 15.132 -20.000 -8.894
3 16 15.132 0.000 -8.894 15.245 -20.000 -9.777 15.132 -20.000 -8.894
3 16 15.132 0.000 -8.894 15.245 0.000 -9.777 15.245 -20.000 -9.777
3 16 15.245 0.000 -9.777 15.207 -20.000 -10.667 15.245 -20.000 -9.777
3 16 15.245 0.000 -9.777 15.207 0.000 -10.667 15.207 -20.000 -10.667
3 16 15.207 0.000 -10.667 15.020 -20.000 -11.537 15.207 -20.000 -10.667
3 16 15.207 0.000 -10.667 15.020 0.000 -11.537 15.020 -20.000 -11.537
3 16 15.020 0.000 -11.537 14.688 -20.000 -12.364 15.020 -20.000 -11.537
3 16 15.020 0.000 -11.537 14.688 0.000 -12.364 14.688 -20.000 -12.364
3 16 14.688 0.000 -12.364 14.221 -20.000 -13.122 14.688 -20.000 -12.364
3 16 14.688 0.000 -12.364 14.221 0.000 -13.122 14.221 -20.000 -13.122
3 16 14.221 0.000 -13.122 13.633 -20.000 -13.790 14.221 -20.000 -13.122
3 16 14.221 0.000 -13.122 13.633 0.000 -13.790 13.633 -20.000 -13.790
3 16 13.633 0.000 -13.790 12.940 -20.000 -14.350 13.633 -20.000 -13.790
3 16 13.633 0.000 -13.790 12.940 0.000 -14.350 12.940 -20.000 -14.350
3 16 12.940 0.000 -14.350 12.162 -20.000 -14.784 12.940 -20.000 -14.350
3 16 12.940 0.000 -14.350 12.162 0.000 -14.784 12.162 -20.000 -14.784
3 16 12.162 0.000 -14.784 11.323 -20.000 -15.081 12.162 -20.000 -14.784
3 16 12.162 0.000 -14.784 11.323 0.000 -15.081 11.323 -20.000 -15.081
3 16 11.323 0.000 -15.081 10.445 -20.000 -15.231 11.323 -20.000 -15.081
3 16 11.323 0.000 -15.081 10.445 0.000 -15.231 10.445 -20.000 -15.231
3 16 10.445 0.000 -15.231 10.000 -20.000 -15.250 10.445 -20.000 -15.231
3 16 10.445 0.000 -15.231 10.000 0.000 -15.250 10.000 -20.000 -15.250
3 16 10.000 0.000 -15.250 9.555 -20.000 -15.231 10.000 -20.000 -15.250
3 16 10.000 0.000 -15.250 9.555 0.000 -15.231 9.555 -20.000 -15.231
3 16 9.555 0.000 -15.231 8.677 -20.000 -15.081 9.555 -20.000 -15.231
3 16 9.555 0.000 -15.231 8.677 0.000 -15.081 8.677 -20.000 -15.081
3 16 8.677 0.000 -15.081 7.838 -20.000 -14.784 8.677 -20.000 -15.081
3 16 8.677 0.000 -15.081 7.838 0.000 -14.784 7.838 -20.000 -14.784
3 16 7.838 0.000 -14.784 7.060 -20.000 -14.350 7.838 -20.000 -14.784
3 16 7.838 0.000 -14.784 7.060 0.000 -14.350 7.060 -20.000 -14.350
3 16 7.060 0.000 -14.350 6.367 -20.000 -13.790 7.060 -20.000 -14.350
3 16 7.060 0.000 -14.350 6.367 0.000 -13.790 6.367 -20.000 -13.790
3 16 6.367 0.000 -13.790 5.779 -20.000 -13.122 6.367 -20.000 -13.790
3 16 6.367 0.000 -13.790 5.779 0.000 -13.122 5.779 -20.000 -13.122
3 16 5.779 0.000 -13.122 5.312 -20.000 -12.364 5.779 -20.000 -13.122
3 16 5.779 0.000 -13.122 5.312 0.000 -12.364 5.312 -20.000 -12.364
3 16 5.312 0.000 -12.364 4.980 -20.000 -11.537 5.312 -20.000 -12.364
3 16 5.312 0.000 -12.364 4.980 0.000 -11.537 4.980 -20.000 -11.537
3 16 4.980 0.000 -11.537 4.793 -20.000 -10.667 4.980 -20.000 -11.537
3 16 4.980 0.000 -11.537 4.793 0.000 -10.667 4.793 -20.000 -10.667
3 16 4.793 0.000 -10.667 4.755 -20.000 -9.777 4.793 -20.000 -10.667
3 16 4.793 0.000 -10.667 4.755 0.000 -9.777 4.755 -20.000 -9.777
3 16 4.755 0.000 -9.777 4.868 -20.000 -8.894 4.755 -20.000 -9.777
3 16 4.755 0.000 -9.777 4.868 0.000 -8.894 4.868 -20.000 -8.894
3 16 4.868 0.000 -8.894 5.129 -20.000 -8.043 4.868 -20.000 -8.894
3 16 4.868 0.000 -8.894 5.129 0.000 -8.043 5.129 -20.000 -8.043
3 16 5.129 0.000 -8.043 5.529 -20.000 -7.247 5.129 -20.000 -8.043
3 16 5.129 0.000 -8.043 5.529 0.000 -7.247 5.529 -20.000 -7.247
3 16 5.529 0.000 -7.247 6.059 -20.000 -6.531 5.529 -20.000 -7.247
3 16 5.529 0.000 -7.247 6.059 0.000 -6.531 6.059 -20.000 -6.531
3 16 6.059 0.000 -6.531 6.702 -20.000 -5.915 6.059 -20.000 -6.531
3 16 6.059 0.000 -6.531 6.702 0.000 -5.915 6.702 -20.000 -5.915
3 16 6.702 0.000 -5.915 7.440 -20.000 -5.417 6.702 -20.000 -5.915
3 16 6.702 0.000 -5.915 7.440 0.000 -5.417 7.440 -20.000 -5.417
3 16 7.440 0.000 -5.417 8.251 -20.000 -5.050 7.440 -20.000 -5.417
3 16 7.440 0.000 -5.417 8.251 0.000 -5.050 8.251 -20.000 -5.050
3 16 8.251 0.000 -5.050 9.113 -20.000 -4.826 8.251 -20.000 -5.050
3 16 8.251 0.000 -5.050 9.113 0.000 -4.826 9.113 -20.000 -4.826
3 16 9.113 0.000 -4.826 10.000 -20.000 -4.750 9.113 -20.000 -4.826
3 16 9.113 0.000 -4.826 10.000 0.000 -4.750 10.000 -20.000 -4.750
3 16 -30.000 0.000 -4.750 -29.113 -20.000 -4.826 -30.000 -20.000 -4.750
3 16 -30.000 0.000 -4.750 -29.113 0.000 -4.826 -29.113 -20.000 -4.826
3 16 -29.113 0.000 -4.826 -28.251 -20.000 -5.050 -29.113 -20.000 -4.826
3 16 -29.113 0.000 -4.826 -28.251 0.000 -5.050 -28.251 -20.000 -5.050
3 16 -28.251 0.000 -5.050 -27.440 -20.000 -5.417 -28.251 -20.000 -5.050
3 16 -28.251 0.000 -5.050 -27.440 0.000 -5.417 -27.440 -20.000 -5.417
3 16 -27.440 0.000 -5.417 -26.702 -20.000 -5.915 -27.440 -20.000 -5.417
3 16 -27.440 0.000 -5.417 -26.702 0.000 -5.915 -26.702 -20.000 -5.915
3 16 -26.702 0.000 -5.915 -26.059 -20.000 -6.531 -26.702 -20.000 -5.915
3 16 -26.702 0.000 -5.915 -26.059 0.000 -6.531 -26.059 -20.000 -6.531
3 16 -26.059 0.000 -6.531 -25.529 -20.000 -7.247 -26.059 -20.000 -6.531
3 16 -26.059 0.000 -6.531 -25.529 0.000 -7.247 -25.529 -20.000 -7.247
3 16 -25.529 0.000 -7.247 -25.129 -20.000 -8.043 -25.529 -20.000 -7.247
3 16 -25.529 0.000 -7.247 -25.129 0.000 -8.043 -25.129 -20.000 -8.043
3 16 -25.129 0.000 -8.043 -24.868 -20.000 -8.894 -25.129 -20.000 -8.043
3 16 -25.129 0.000 -8.043 -24.868 0.000 -8.894 -24.868 -20.000 -8.894
3 16 -24.868 0.000 -8.894 -24.755 -20.000 -9.777 -24.868 -20.000 -8.894
3 16 -24.868 0.000 -8.894 -24.755 0.000 -9.777 -24.755 -20.000 -9.777
3 16 -24.755 0.000 -9.777 -24.793 -20.000 -10.667 -24.755 -20.000 -9.777
3 16 -24.755 0.000 -9.777 -24.793 0.000 -10.667 -24.793 -20.000 -10.667
3 16 -24.793 0.000 -10.667 -24.980 -20.000 -11.537 -24.793 -20.000 -10.667
3 16 -24.793 0.000 -10.667 -24.980 0.000 -11.537 -24.980 -20.000 -11.537
3 16 -24.980 0.000 -11.537 -25.312 -20.000 -12.364 -24.980 -20.000 -11.537
3 16 -24.980 0.000 -11.537 -25.312 0.000 -12.364 -25.312 -20.000 -12.364
3 16 -25.312 0.000 -12.364 -25.779 -20.000 -13.122 -25.312 -20.000 -12.364
3 16 -25.312 0.000 -12.364 -25.779 0.000 -13.122 -25.779 -20.000 -13.122
3 16 -25.779 0.000 -13.122 -26.367 -20.000 -13.790 -25.779 -20.000 -13.122
3 16 -25.779 0.000 -13.122 -26.367 0.000 -13.790 -26.367 -20.000 -13.790
3 16 -26.367 0.000 -13.790 -27.060 -20.000 -14.350 -26.367 -20.000 -13.790
3 16 -26.367 0.000 -13.790 -27.060 0.000 -14.350 -27.060 -20.000 -14.350
3 16 -27.060 0.000 -14.350 -27.838 -20.000 -14.784 -27.060 -20.000 -14.350
3 16 -27.060 0.000 -14.350 -27.838 0.000 -14.784 -27.838 -20.000 -14.784
3 16 -27.838 0.000 -14.784 -28.677 -20.000 -15.081 -27.838 -20.000 -14.784
3 16 -27.838 0.000 -14.784 -28.677 0.000 -15.081 -28.677 -20.000 -15.081
3 16 -28.677 0.000 -15.081 -29.555 -20.000 -15.231 -28.677 -20.000 -15.081
3 16 -28.677 0.000 -15.081 -29.555 0.000 -15.231 -29.555 -20.000 -15.231
3 16 -29.555 0.000 -15.231 -30.000 -20.000 -15.250 -29.555 -20.000 -15.231
3 16 -29.555 0.000 -15.231 -30.000 0.000 -15.250 -30.000 -20.000 -15.250
3 16 -30.000 0.000 -15.250 -30.445 -20.000 -15.231 -30.000 -20.000 -15.250
3 16 -30.000 0.000 -15.250 -30.445 0.000 -15.231 -30.445 -20.000 -15.231
3 16 -30.445 0.000 -15.231 -31.323 -20.000 -15.081 -30.445 -20.000 -15.231
3 16 -30.445 0.000 -15.231 -31.323 0.000 -15.081 -31.323 -20.000 -15.081
3 16 -31.323 0.000 -15.081 -32.162 -20.000 -14.784 -31.323 -20.000 -15.081
3 16 -31.323 0.000 -15.081 -32.162 0.000 -14.784 -32.162 -20.000 -14.784
3 16 -32.162 0.000 -14.784 -32.940 -20.000 -14.350 -32.162 -20.000 -14.784
3 16 -32.162 0.000 -14.784 -32.940 0.000 -14.350 -32.940 -20.000 -14.350
3 16 -32.940 0.000 -14.350 -33.633 -20.000 -13.790 -32.940 -20.000 -14.350
3 16 -32.940 0.000 -14.350 -33.633 0.000 -13.790 -33.633 -20.000 -13.790
3 16 -33.633 0.000 -13.790 -34.221 -20.000 -13.122 -33.633 -20.000 -13.790
3 16 -33.633 0.000 -13.790 -34.221 0.000 -13.122 -34.221 -20.000 -13.122
3 16 -34.221 0.000 -13.122 -34.688 -20.000 -12.364 -34.221 -20.000 -13.122
3 16 -34.221 0.000 -13.122 -34.688 0.000 -12.364 -34.688 -20.000 -12.364
3 16 -34.688 0.000 -12.364 -35.020 -20.000 -11.537 -34.688 -20.000 -12.364
3 16 -34.688 0.000 -12.364 -35.020 0.000 -11.537 -35.020 -20.000 -11.537
3 16 -35.020 0.000 -11.537 -35.207 -20.000 -10.667 -35.020 -20.000 -11.537
3 16 -35.020 0.000 -11.537 -35.207 0.000 -10.667 -35.207 -20.000 -10.667
3 16 -35.207 0.000 -10.667 -35.245 -20.000 -9.777 -35.207 -20.000 -10.667
3 16 -35.207 0.000 -10.667 -35.245 0.000 -9.777 -35.245 -20.000 -9.777
3 16 -35.245 0.000 -9.777 -35.132 -20.000 -8.894 -35.245 -20.000 -9.777
3 16 -35.245 0.000 -9.777 -35.132 0.000 -8.894 -35.132 -20.000 -8.894
3 16 -35.132 0.000 -8.894 -34.871 -20.000 -8.043 -35.132 -20.000 -8.894
3 16 -35.132 0.000 -8.894 -34.871 0.000 -8.043 -34.871 -20.000 -8.043
3 16 -34.871 0.000 -8.043 -34.471 -20.000 -7.247 -34.871 -20.000 -8.043
3 16 -34.871 0.000 -8.043 -34.471 0.000 -7.247 -34.471 -20.000 -7.247
3 16 -34.471 0.000 -7.247 -33.941 -20.000 -6.531 -34.471 -20.000 -7.247
3 16 -34.471 0.000 -7.247 -33.941 0.000 -6.531 -33.941 -20.000 -6.531
3 16 -33.941 0.000 -6.531 -33.298 -20.000 -5.915 -33.941 -20.000 -6.531
3 16 -33.941 0.000 -6.531 -33.298 0.000 -5.915 -33.298 -20.000 -5.915
3 16 -33.298 0.000 -5.915 -32.560 -20.000 -5.417 -33.298 -20.000 -5.915
3 16 -33.298 0.000 -5.915 -32.560 0.000 -5.417 -32.560 -20.000 -5.417
3 16 -32.560 0.000 -5.417 -31.749 -20.000 -5.050 -32.560 -20.000 -5.417
3 16 -32.560 0.000 -5.417 -31.749 0.000 -5.050 -31.749 -20.000 -5.050
3 16 -31.749 0.000 -5.050 -30.887 -20.000 -4.826 -31.749 -20.000 -5.050
3 16 -31.749 0.000 -5.050 -30.887 0.000 -4.826 -30.887 -20.000 -4.826
3 16 -30.887 0.000 -4.826 -30.000 -20.000 -4.750 -30.887 -20.000 -4.826
3 16 -30.887 0.000 -4.826 -30.000 0.000 -4.750 -30.000 -20.000 -4.750
3 16 -10.000 0.000 15.000 -9.155 -20.000 14.928 -10.000 -20.000 15.000
3 16 -10.000 0.000 15.000 -9.155 0.000 14.928 -9.155 -20.000 14.928
3 16 -9.155 0.000 14.928 -8.334 -20.000 14.714 -9.155 -20.000 14.928
3 16 -9.155 0.000 14.928 -8.334 0.000 14.714 -8.334 -20.000 14.714
3 16 -8.334 0.000 14.714 -7.562 -20.000 14.365 -8.334 -20.000 14.714
3 16 -8.334 0.000 14.714 -7.562 0.000 14.365 -7.562 -20.000 14.365
3 16 -7.562 0.000 14.365 -6.859 -20.000 13.890 -7.562 -20.000 14.365
3 16 -7.562 0.000 14.365 -6.859 0.000 13.890 -6.859 -20.000 13.890
3 16 -6.859 0.000 13.890 -6.247 -20.000 13.303 -6.859 -20.000 13.890
3 16 -6.859 0.000 13.890 -6.247 0.000 13.303 -6.247 -20.000 13.303
3 16 -6.247 0.000 13.303 -5.742 -20.000 12.622 -6.247 -20.000 13.303
3 16 -6.247 0.000 13.303 -5.742 0.000 12.622 -5.742 -20.000 12.622
3 16 -5.742 0.000 12.622 -5.361 -20.000 11.864 -5.742 -20.000 12.622
3 16 -5.742 0.000 12.622 -5.361 0.000 11.864 -5.361 -20.000 11.864
3 16 -5.361 0.000 11.864 -5.112 -20.000 11.053 -5.361 -20.000 11.864
3 16 -5.361 0.000 11.864 -5.112 0.000 11.053 -5.112 -20.000 11.053
3 16 -5.112 0.000 11.053 -5.005 -20.000 10.212 -5.112 -20.000 11.053
3 16 -5.112 0.000 11.053 -5.005 0.000 10.212 -5.005 -20.000 10.212
3 16 -5.005 0.000 10.212 -5.040 -20.000 9.365 -5.005 -20.000 10.212
3 16 -5.005 0.000 10.212 -5.040 0.000 9.365 -5.040 -20.000 9.365
3 16 -5.040 0.000 9.365 -5.219 -20.000 8.536 -5.040 -20.000 9.365
3 16 -5.040 0.000 9.365 -5.219 0.000 8.536 -5.219 -20.000 8.536
3 16 -5.219 0.000 8.536 -5.535 -20.000 7.749 -5.219 -20.000 8.536
3 16 -5.219 0.000 8.536 -5.535 0.000 7.749 -5.535 -20.000 7.749
3 16 -5.535 0.000 7.749 -5.980 -20.000 7.027 -5.535 -20.000 7.749
3 16 -5.535 0.000 7.749 -5.980 0.000 7.027 -5.980 -20.000 7.027
3 16 -5.980 0.000 7.027 -6.540 -20.000 6.390 -5.980 -20.000 7.027
3 16 -5.980 0.000 7.027 -6.540 0.000 6.390 -6.540 -20.000 6.390
3 16 -6.540 0.000 6.390 -7.200 -20.000 5.857 -6.540 -20.000 6.390
3 16 -6.540 0.000 6.390 -7.200 0.000 5.857 -7.200 -20.000 5.857
3 16 -7.200 0.000 5.857 -7.940 -20.000 5.444 -7.200 -20.000 5.857
3 16 -7.200 0.000 5.857 -7.940 0.000 5.444 -7.940 -20.000 5.444
3 16 -7.940 0.000 5.444 -8.740 -20.000 5.161 -7.940 -20.000 5.444
3 16 -7.940 0.000 5.444 -8.740 0.000 5.161 -8.740 -20.000 5.161
3 16 -8.740 0.000 5.161 -9.576 -20.000 5.018 -8.740 -20.000 5.161
3 16 -8.740 0.000 5.161 -9.576 0.000 5.018 -9.576 -20.000 5.018
3 16 -9.576 0.000 5.018 -10.000 -20.000 5.000 -9.576 -20.000 5.018
3 16 -9.576 0.000 5.018 -10.000 0.000 5.000 -10.000 -20.000 5.000
3 16 -10.000 0.000 5.000 -10.424 -20.000 5.018 -10.000 -20.000 5.000
3 16 -10.000 0.000 5.000 -10.424 0.000 5.018 -10.424 -20.000 5.018
3 16 -10.424 0.000 5.018 -11.260 -20.000 5.161 -10.424 -20.000 5.018
3 16 -10.424 0.000 5.018 -11.260 0.000 5.161 -11.260 -20.000 5.161
3 16 -11.260 0.000 5.161 -12.060 -20.000 5.444 -11.260 -20.000 5.161
3 16 -11.260 0.000 5.161 -12.060 0.000 5.444 -12.060 -20.000 5.444
3 16 -12.060 0.000 5.444 -12.800 -20.000 5.857 -12.060 -20.000 5.444
3 16 -12.060 0.000 5.444 -12.800 0.000 5.857 -12.800 -20.000 5.857
3 16 -12.800 0.000 5.857 -13.460 -20.000 6.390 -12.800 -20.000 5.857
3 16 -12.800 0.000 5.857 -13.460 0.000 6.390 -13.460 -20.000 6.390
3 16 -13.460 0.000 6.390 -14.020 -20.000 7.027 -13.460 -20.000 6.390
3 16 -13.460 0.000 6.390 -14.020 0.000 7.027 -14.020 -20.000 7.027
3 16 -14.020 0.000 7.027 -14.465 -20.000 7.749 -14.020 -20.000 7.027
3 16 -14.020 0.000 7.027 -14.465 0.000 7.749 -14.465 -20.000 7.749
3 16 -14.465 0.000 7.749 -14.781 -20.000 8.536 -14.465 -20.000 7.749
3 16 -14.465 0.000 7.749 -14.781 0.000 8.536 -14.781 -20.000 8.536
3 16 -14.781 0.000 8.536 -14.960 -20.000 9.365 -14.781 -20.000 8.536
3 16 -14.781 0.000 8.536 -14.960 0.000 9.365 -14.960 -20.000 9.365
3 16 -14.960 0.000 9.365 -14.996 -20.000 10.212 -14.960 -20.000 9.365
3 16 -14.960 0.000 9.365 -14.996 0.000 10.212 -14.996 -20.000 10.212
3 16 -14.996 0.000 10.212 -14.888 -20.000 11.053 -14.996 -20.000 10.212
3 16 -14.996 0.000 10.212 -14.888 0.000 11.053 -14.888 -20.000 11.053
3 16 -14.888 0.000 11.053 -14.639 -20.000 11.864 -14.888 -20.000 11.053
3 16 -14.888 0.000 11.053 -14.639 0.000 11.864 -14.639 -20.000 11.864
3 16 -14.639 0.000 11.864 -14.258 -20.000 12.622 -14.639 -20.000 11.864
3 16 -14.639 0.000 11.864 -14.258 0.000 12.622 -14.258 -20.000 12.622
3 16 -14.258 0.000 12.622 -13.753 -20.000 13.303 -14.258 -20.000 12.622
3 16 -14.258 0.000 12.622 -13.753 0.000 13.303 -13.753 -20.000 13.303
3 16 -13.753 0.000 13.303 -13.141 -20.000 13.890 -13.753 -20.000 13.303
3 16 -13.753 0.000 13.303 -13.141 0.000 13.890 -13.141 -20.000 13.890
3 16 -13.141 0.000 13.890 -12.438 -20.000 14.365 -13.141 -20.000 13.890
3 16 -13.141 0.000 13.890 -12.438 0.000 14.365 -12.438 -20.000 14.365
3 16 -12.438 0.000 14.365 -11.666 -20.000 14.714 -12.438 -20.000 14.365
3 16 -12.438 0.000 14.365 -11.666 0.000 14.714 -11.666 -20.000 14.714
3 16 -11.666 0.000 14.714 -10.845 -20.000 14.928 -11.666 -20.000 14.714
3 16 -11.666 0.000 14.714 -10.845 0.000 14.928 -10.845 -20.000 14.928
3 16 -10.845 0.000 14.928 -10.000 -20.000 15.000 -10.845 -20.000 14.928
3 16 -10.845 0.000 14.928 -10.000 0.000 15.000 -10.000 -20.000 15.000
2 24 9.555 -20.000 -15.231 8.677 -20.000 -15.081
2 24 7.440 -20.000 -5.417 6.702 -20.000 -5.915
2 24 20.000 0.000 -7.500 19.846 0.000 -9.455
2 24 -27.060 -20.000 -14.350 -27.838 -20.000 -14.784
2 24 15.020 -20.000 28.463 14.688 -20.000 27.636
2 24 -27.500 0.000 -20.000 -29.455 0.000 -19.846
2 24 20.000 0.000 27.500 19.846 0.000 29.455
2 24 -13.141 0.000 13.890 -13.753 0.000 13.303
2 24 14.688 -20.000 27.636 14.221 -20.000 26.878
2 24 -33.298 0.000 -5.915 -33.941 0.000 -6.531
2 24 -27.500 -20.000 -20.000 -29.455 -20.000 -19.846
2 24 -13.141 -20.000 13.890 -13.753 -20.000 13.303
2 24 20.000 -20.000 27.500 19.846 -20.000 29.455
2 24 -14.888 0.000 11.053 -14.996 0.000 10.212
2 24 9.455 -20.000 -19.846 7.500 -20.000 -20.000
2 24 15.207 -20.000 29.333 15.020 -20.000 28.463
2 24 -27.440 -20.000 -5.417 -28.251 -20.000 -5.050
2 24 -24.793 -20.000 -10.667 -24.755 -20.000 -9.777
2 24 10.445 -20.000 24.769 10.000 -20.000 24.750
2 24 -28.677 -20.000 24.919 -29.555 -20.000 24.769
2 24 14.871 -20.000 31.957 14.471 -20.000 32.753
2 24 -34.688 0.000 27.636 -35.020 0.000 28.463
2 24 -40.000 0.000 -7.500 -40.000 0.000 27.500
2 24 7.500 0.000 40.000 -27.500 0.000 40.000
2 24 -27.440 0.000 34.583 -28.251 0.000 34.950
2 24 -24.868 0.000 -8.894 -25.129 0.000 -8.043
2 24 6.367 0.000 -13.790 5.779 0.000 -13.122
2 24 -9.155 -20.000 14.928 -10.000 -20.000 15.000
2 24 5.312 -20.000 27.636 4.980 -20.000 28.463
2 24 -32.940 0.000 25.650 -33.633 0.000 26.210
2 24 -26.059 0.000 -6.531 -26.702 0.000 -5.915
2 24 10.887 0.000 35.174 10.000 0.000 35.250
2 24 -6.859 0.000 13.890 -7.562 0.000 14.365
2 24 5.129 -20.000 -8.043 4.868 -20.000 -8.894
2 24 11.323 -20.000 -15.081 10.445 -20.000 -15.231
2 24 10.000 0.000 -4.750 9.113 0.000 -4.826
2 24 6.702 0.000 34.085 6.059 0.000 33.469
2 24 12.940 0.000 25.650 12.162 0.000 25.216
2 24 4.868 0.000 31.106 4.755 0.000 30.223
2 24 -13.753 0.000 13.303 -14.258 0.000 12.622
2 24 11.749 -20.000 -5.050 10.887 -20.000 -4.826
2 24 8.677 -20.000 -15.081 7.838 -20.000 -14.784
2 24 -35.020 0.000 28.463 -35.207 0.000 29.333
2 24 13.298 0.000 -5.915 12.560 0.000 -5.417
2 24 -5.742 0.000 12.622 -6.247 0.000 13.303
2 24 6.367 0.000 26.210 5.779 0.000 26.878
2 24 -14.960 -20.000 9.365 -14.996 -20.000 10.212
2 24 -35.207 0.000 -10.667 -35.245 0.000 -9.777
2 24 5.529 -20.000 -7.247 5.129 -20.000 -8.043
2 24 11.363 -20.000 -19.388 9.455 -20.000 -19.846
2 24 -28.677 0.000 -15.081 -29.555 0.000 -15.231
2 24 -5.535 0.000 7.749 -5.980 0.000 7.027
2 24 -35.132 -20.000 -8.894 -35.245 -20.000 -9.777
2 24 -30.000 -20.000 24.750 -30.445 -20.000 24.769
2 24 -25.129 0.000 -8.043 -25.529 0.000 -7.247
2 24 -25.529 0.000 -7.247 -26.059 0.000 -6.531
2 24 -36.339 0.000 -16.339 -37.613 0.000 -14.847
2 24 16.339 0.000 36.339 14.847 0.000 37.613
2 24 7.838 0.000 25.216 7.060 0.000 25.650
2 24 -32.162 -20.000 -14.784 -32.940 -20.000 -14.350
2 24 -29.555 -20.000 24.769 -30.000 -20.000 24.750
2 24 -24.793 -20.000 29.333 -24.755 -20.000 30.223
2 24 -5.112 -20.000 11.053 -5.361 -20.000 11.864
2 24 -39.846 0.000 -9.455 -40.000 0.000 -7.500
2 24 9.455 0.000 39.846 7.500 0.000 40.000
2 24 4.793 -20.000 -10.667 4.755 -20.000 -9.777
2 24 12.162 -20.000 25.216 11.323 -20.000 24.919
2 24 5.312 0.000 27.636 4.980 0.000 28.463
2 24 -9.155 0.000 14.928 -10.000 0.000 15.000
2 24 -29.455 -20.000 -19.846 -31.363 -20.000 -19.388
2 24 19.846 -20.000 29.455 19.388 -20.000 31.363
2 24 9.113 0.000 35.174 8.251 0.000 34.950
2 24 4.868 -20.000 -8.894 4.755 -20.000 -9.777
2 24 5.129 -20.000 31.957 4.868 -20.000 31.106
2 24 6.059 -20.000 33.469 5.529 -20.000 32.753
2 24 -32.560 -20.000 -5.417 -33.298 -20.000 -5.915
2 24 -5.219 -20.000 8.536 -5.535 -20.000 7.749
2 24 -10.845 0.000 14.928 -11.666 0.000 14.714
2 24 -10.424 -20.000 5.018 -11.260 -20.000 5.161
2 24 -25.129 0.000 31.957 -25.529 0.000 32.753
2 24 -35.207 0.000 29.333 -35.245 0.000 30.223
2 24 -34.847 0.000 -17.613 -36.339 0.000 -16.339
2 24 17.613 0.000 34.847 16.339 0.000 36.339
2 24 6.059 -20.000 -6.531 5.529 -20.000 -7.247
2 24 -27.838 0.000 -14.784 -28.677 0.000 -15.081
2 24 -26.367 0.000 -13.790 -27.060 0.000 -14.350
2 24 4.980 -20.000 -11.537 4.793 -20.000 -10.667
2 24 15.132 -20.000 -8.894 14.871 -20.000 -8.043
2 24 -34.871 -20.000 -8.043 -35.132 -20.000 -8.894
2 24 -24.980 -20.000 28.463 -25.312 -20.000 27.636
2 24 -31.363 0.000 39.388 -33.175 0.000 38.638
2 24 -32.940 0.000 -14.350 -33.633 0.000 -13.790
2 24 9.555 0.000 24.769 8.677 0.000 24.919
2 24 -27.060 -20.000 25.650 -27.838 -20.000 25.216
2 24 -30.000 0.000 35.250 -30.887 0.000 35.174
2 24 -14.465 0.000 7.749 -14.781 0.000 8.536
2 24 -12.060 0.000 5.444 -12.800 0.000 5.857
2 24 6.702 -20.000 -5.915 6.059 -20.000 -6.531
2 24 5.129 0.000 -8.043 4.868 0.000 -8.894
2 24 15.020 0.000 28.463 14.688 0.000 27.636
2 24 -27.060 0.000 -14.350 -27.838 0.000 -14.784
2 24 -5.005 -20.000 10.212 -5.112 -20.000 11.053
2 24 -38.638 0.000 33.175 -39.388 0.000 31.363
2 24 -31.323 0.000 24.919 -32.162 0.000 25.216
2 24 -33.175 0.000 38.638 -34.847 0.000 37.613
2 24 -31.363 -20.000 -19.388 -33.175 -20.000 -18.638
2 24 -25.312 -20.000 27.636 -25.779 -20.000 26.878
2 24 11.323 -20.000 24.919 10.445 -20.000 24.769
2 24 19.388 -20.000 31.363 18.638 -20.000 33.175
2 24 -24.868 0.000 31.106 -25.129 0.000 31.957
2 24 -24.755 0.000 -9.777 -24.868 0.000 -8.894
2 24 -5.361 0.000 11.864 -5.742 0.000 12.622
2 24 -6.540 0.000 6.390 -7.200 0.000 5.857
2 24 14.221 0.000 26.878 13.633 0.000 26.210
2 24 9.113 -20.000 35.174 8.251 -20.000 34.950
2 24 -25.529 0.000 32.753 -26.059 0.000 33.469
2 24 -28.251 0.000 34.950 -29.113 0.000 35.174
2 24 -27.500 0.000 40.000 -29.455 0.000 39.846
2 24 7.060 0.000 -14.350 6.367 0.000 -13.790
2 24 -14.020 0.000 7.027 -14.465 0.000 7.749
2 24 -12.800 0.000 5.857 -13.460 0.000 6.390
2 24 12.560 -20.000 -5.417 11.749 -20.000 -5.050
2 24 7.838 -20.000 -14.784 7.060 -20.000 -14.350
2 24 -38.638 0.000 -13.175 -39.388 0.000 -11.363
2 24 13.175 0.000 38.638 11.363 0.000 39.388
2 24 10.000 -20.000 35.250 9.113 -20.000 35.174
2 24 5.779 -20.000 26.878 5.312 -20.000 27.636
2 24 13.298 -20.000 -5.915 12.560 -20.000 -5.417
2 24 -35.020 -20.000 28.463 -35.207 -20.000 29.333
2 24 -5.742 -20.000 12.622 -6.247 -20.000 13.303
2 24 6.367 -20.000 26.210 5.779 -20.000 26.878
2 24 13.175 -20.000 -18.638 11.363 -20.000 -19.388
2 24 10.000 -20.000 -15.250 9.555 -20.000 -15.231
2 24 -5.040 -20.000 9.365 -5.219 -20.000 8.536
2 24 -26.702 -20.000 -5.915 -27.440 -20.000 -5.417
2 24 -37.613 -20.000 34.847 -38.638 -20.000 33.175
2 24 -24.868 -20.000 31.106 -25.129 -20.000 31.957
2 24 -34.847 -20.000 37.613 -36.339 -20.000 36.339
2 24 14.471 -20.000 32.753 13.941 -20.000 33.469
2 24 -5.361 -20.000 11.864 -5.742 -20.000 12.622
2 24 -35.132 -20.000 31.106 -35.245 -20.000 30.223
2 24 -36.339 -20.000 36.339 -37.613 -20.000 34.847
2 24 -26.367 -20.000 26.210 -27.060 -20.000 25.650
2 24 -37.613 0.000 34.847 -38.638 0.000 33.175
2 24 -34.847 0.000 37.613 -36.339 0.000 36.339
2 24 -26.702 0.000 -5.915 -27.440 0.000 -5.417
2 24 14.471 0.000 32.753 13.941 0.000 33.469
2 24 -25.779 -20.000 26.878 -26.367 -20.000 26.210
2 24 -36.339 0.000 36.339 -37.613 0.000 34.847
2 24 -35.132 0.000 31.106 -35.245 0.000 30.223
2 24 7.440 0.000 34.583 6.702 0.000 34.085
2 24 -24.980 0.000 -11.537 -25.312 0.000 -12.364
2 24 10.445 -20.000 -15.231 10.000 -20.000 -15.250
2 24 15.207 -20.000 -10.667 15.245 -20.000 -9.777
2 24 -31.749 -20.000 -5.050 -32.560 -20.000 -5.417
2 24 7.500 -20.000 -20.000 -27.500 -20.000 -20.000
2 24 20.000 -20.000 -7.500 20.000 -20.000 27.500
2 24 -29.113 0.000 -4.826 -30.000 0.000 -4.750
2 24 -25.312 -20.000 -12.364 -25.779 -20.000 -13.122
2 24 -34.471 0.000 -7.247 -34.871 0.000 -8.043
2 24 10.887 0.000 -4.826 10.000 0.000 -4.750
2 24 -10.845 -20.000 14.928 -11.666 -20.000 14.714
2 24 -28.677 0.000 24.919 -29.555 0.000 24.769
2 24 14.871 0.000 31.957 14.471 0.000 32.753
2 24 -30.887 -20.000 35.174 -31.749 -20.000 34.950
2 24 -30.887 0.000 -4.826 -31.749 0.000 -5.050
2 24 -7.940 0.000 5.444 -8.740 0.000 5.161
2 24 -25.312 0.000 -12.364 -25.779 0.000 -13.122
2 24 7.060 -20.000 -14.350 6.367 -20.000 -13.790
2 24 -27.500 -20.000 40.000 -29.455 -20.000 39.846
2 24 -25.529 -20.000 32.753 -26.059 -20.000 33.469
2 24 -28.251 -20.000 34.950 -29.113 -20.000 35.174
2 24 -12.800 -20.000 5.857 -13.460 -20.000 6.390
2 24 -14.020 -20.000 7.027 -14.465 -20.000 7.749
2 24 -29.555 0.000 -15.231 -30.000 0.000 -15.250
2 24 15.207 0.000 29.333 15.245 0.000 30.223
2 24 6.367 -20.000 -13.790 5.779 -20.000 -13.122
2 24 13.941 -20.000 -6.531 13.298 -20.000 -5.915
2 24 -33.633 -20.000 26.210 -34.221 -20.000 26.878
2 24 -26.059 -20.000 33.469 -26.702 -20.000 34.085
2 24 -27.440 -20.000 34.583 -28.251 -20.000 34.950
2 24 -13.460 -20.000 6.390 -14.020 -20.000 7.027
2 24 -6.247 -20.000 13.303 -6.859 -20.000 13.890
2 24 -40.000 -20.000 -7.500 -40.000 -20.000 27.500
2 24 -24.868 -20.000 -8.894 -25.129 -20.000 -8.043
2 24 -34.688 -20.000 27.636 -35.020 -20.000 28.463
2 24 7.500 -20.000 40.000 -27.500 -20.000 40.000
2 24 8.251 -20.000 -5.050 7.440 -20.000 -5.417
2 24 -29.113 -20.000 -4.826 -30.000 -20.000 -4.750
2 24 -28.251 -20.000 -5.050 -29.113 -20.000 -4.826
2 24 -30.887 0.000 35.174 -31.749 0.000 34.950
2 24 7.838 0.000 -14.784 7.060 0.000 -14.350
2 24 -31.323 -20.000 -15.081 -32.162 -20.000 -14.784
2 24 12.560 0.000 -5.417 11.749 0.000 -5.050
2 24 13.633 0.000 26.210 12.940 0.000 25.650
2 24 10.000 -20.000 -4.750 9.113 -20.000 -4.826
2 24 12.940 -20.000 25.650 12.162 -20.000 25.216
2 24 4.868 -20.000 31.106 4.755 -20.000 30.223
2 24 6.702 -20.000 34.085 6.059 -20.000 33.469
2 24 -13.753 -20.000 13.303 -14.258 -20.000 12.622
2 24 8.251 0.000 34.950 7.440 0.000 34.583
2 24 15.132 0.000 31.106 14.871 0.000 31.957
2 24 10.887 -20.000 -4.826 10.000 -20.000 -4.750
2 24 -34.471 -20.000 -7.247 -34.871 -20.000 -8.043
2 24 -24.793 0.000 29.333 -24.755 0.000 30.223
2 24 -29.555 0.000 24.769 -30.000 0.000 24.750
2 24 -32.162 0.000 -14.784 -32.940 0.000 -14.350
2 24 -5.112 0.000 11.053 -5.361 0.000 11.864
2 24 8.251 0.000 -5.050 7.440 0.000 -5.417
2 24 14.471 -20.000 -7.247 13.941 -20.000 -6.531
2 24 -39.846 -20.000 29.455 -40.000 -20.000 27.500
2 24 -32.162 -20.000 25.216 -32.940 -20.000 25.650
2 24 4.793 -20.000 29.333 4.755 -20.000 30.223
2 24 -14.960 0.000 9.365 -14.996 0.000 10.212
2 24 -30.445 -20.000 -15.231 -31.323 -20.000 -15.081
2 24 15.207 -20.000 -10.667 15.020 -20.000 -11.537
2 24 -32.560 0.000 -5.417 -33.298 0.000 -5.915
2 24 4.868 0.000 -8.894 4.755 0.000 -9.777
2 24 -5.219 0.000 8.536 -5.535 0.000 7.749
2 24 -31.749 0.000 -5.050 -32.560 0.000 -5.417
2 24 10.445 0.000 -15.231 10.000 0.000 -15.250
2 24 15.207 0.000 -10.667 15.245 0.000 -9.777
2 24 5.779 -20.000 -13.122 5.312 -20.000 -12.364
2 24 -29.455 -20.000 39.846 -31.363 -20.000 39.388
2 24 -29.113 -20.000 35.174 -30.000 -20.000 35.250
2 24 5.529 0.000 32.753 5.129 0.000 31.957
2 24 5.312 -20.000 -12.364 4.980 -20.000 -11.537
2 24 14.871 -20.000 -8.043 14.471 -20.000 -7.247
2 24 -24.755 -20.000 30.223 -24.868 -20.000 31.106
2 24 -8.334 -20.000 14.714 -9.155 -20.000 14.928
2 24 -34.688 0.000 -12.364 -35.020 0.000 -11.537
2 24 -34.221 0.000 -13.122 -34.688 0.000 -12.364
2 24 -34.471 -20.000 32.753 -34.871 -20.000 31.957
2 24 -32.560 -20.000 34.583 -33.298 -20.000 34.085
2 24 10.000 -20.000 24.750 9.555 -20.000 24.769
2 24 -39.388 0.000 31.363 -39.846 0.000 29.455
2 24 -7.562 0.000 14.365 -8.334 0.000 14.714
2 24 20.000 -20.000 -7.500 19.846 -20.000 -9.455
2 24 -5.040 0.000 9.365 -5.219 0.000 8.536
2 24 10.000 0.000 -15.250 9.555 0.000 -15.231
2 24 9.555 0.000 -15.231 8.677 0.000 -15.081
2 24 15.245 -20.000 -9.777 15.132 -20.000 -8.894
2 24 8.677 0.000 -15.081 7.838 0.000 -14.784
2 24 11.749 0.000 -5.050 10.887 0.000 -4.826
2 24 19.846 -20.000 -9.455 19.388 -20.000 -11.363
2 24 -25.779 0.000 -13.122 -26.367 0.000 -13.790
2 24 -33.175 -20.000 -18.638 -34.847 -20.000 -17.613
2 24 18.638 -20.000 33.175 17.613 -20.000 34.847
2 24 -35.020 0.000 -11.537 -35.207 0.000 -10.667
2 24 -33.941 0.000 33.469 -34.471 0.000 32.753
2 24 -33.298 0.000 34.085 -33.941 0.000 33.469
2 24 -14.781 0.000 8.536 -14.960 0.000 9.365
2 24 19.388 -20.000 -11.363 18.638 -20.000 -13.175
2 24 15.207 0.000 -10.667 15.020 0.000 -11.537
2 24 6.059 0.000 33.469 5.529 0.000 32.753
2 24 5.129 0.000 31.957 4.868 0.000 31.106
2 24 18.638 -20.000 -13.175 17.613 -20.000 -14.847
2 24 14.221 -20.000 -13.122 13.633 -20.000 -13.790
2 24 12.162 0.000 -14.784 11.323 0.000 -15.081
2 24 -26.059 -20.000 -6.531 -26.702 -20.000 -5.915
2 24 -32.940 -20.000 25.650 -33.633 -20.000 26.210
2 24 10.887 -20.000 35.174 10.000 -20.000 35.250
2 24 -6.859 -20.000 13.890 -7.562 -20.000 14.365
2 24 15.020 -20.000 -11.537 14.688 -20.000 -12.364
2 24 11.323 0.000 -15.081 10.445 0.000 -15.231
2 24 14.688 -20.000 -12.364 14.221 -20.000 -13.122
2 24 17.613 -20.000 -14.847 16.339 -20.000 -16.339
2 24 16.339 -20.000 -16.339 14.847 -20.000 -17.613
2 24 15.020 0.000 -11.537 14.688 0.000 -12.364
2 24 6.702 0.000 -5.915 6.059 0.000 -6.531
2 24 -34.847 -20.000 -17.613 -36.339 -20.000 -16.339
2 24 -35.207 -20.000 29.333 -35.245 -20.000 30.223
2 24 -25.129 -20.000 31.957 -25.529 -20.000 32.753
2 24 17.613 -20.000 34.847 16.339 -20.000 36.339
2 24 -7.562 -20.000 14.365 -8.334 -20.000 14.714
2 24 14.847 -20.000 -17.613 13.175 -20.000 -18.638
2 24 -31.363 -20.000 39.388 -33.175 -20.000 38.638
2 24 -30.000 -20.000 35.250 -30.887 -20.000 35.174
2 24 -12.060 -20.000 5.444 -12.800 -20.000 5.857
2 24 -14.465 -20.000 7.749 -14.781 -20.000 8.536
2 24 -31.323 -20.000 24.919 -32.162 -20.000 25.216
2 24 -38.638 -20.000 33.175 -39.388 -20.000 31.363
2 24 13.633 -20.000 -13.790 12.940 -20.000 -14.350
2 24 -33.941 -20.000 -6.531 -34.471 -20.000 -7.247
2 24 -5.005 0.000 10.212 -5.112 0.000 11.053
2 24 -25.312 0.000 27.636 -25.779 0.000 26.878
2 24 -31.363 0.000 -19.388 -33.175 0.000 -18.638
2 24 11.323 0.000 24.919 10.445 0.000 24.769
2 24 19.388 0.000 31.363 18.638 0.000 33.175
2 24 12.940 -20.000 -14.350 12.162 -20.000 -14.784
2 24 12.162 -20.000 -14.784 11.323 -20.000 -15.081
2 24 9.113 0.000 -4.826 8.251 0.000 -5.050
2 24 9.455 0.000 -19.846 7.500 0.000 -20.000
2 24 15.207 0.000 29.333 15.020 0.000 28.463
2 24 13.941 -20.000 33.469 13.298 -20.000 34.085
2 24 8.677 -20.000 24.919 7.838 -20.000 25.216
2 24 4.793 0.000 29.333 4.755 0.000 30.223
2 24 15.245 0.000 -9.777 15.132 0.000 -8.894
2 24 5.529 -20.000 32.753 5.129 -20.000 31.957
2 24 4.793 0.000 -10.667 4.755 0.000 -9.777
2 24 12.162 0.000 25.216 11.323 0.000 24.919
2 24 -29.555 -20.000 -15.231 -30.000 -20.000 -15.250
2 24 15.207 -20.000 29.333 15.245 -20.000 30.223
2 24 -5.040 0.000 9.365 -5.005 0.000 10.212
2 24 -9.576 0.000 5.018 -10.000 0.000 5.000
2 24 -25.529 -20.000 -7.247 -26.059 -20.000 -6.531
2 24 -25.129 -20.000 -8.043 -25.529 -20.000 -7.247
2 24 -36.339 -20.000 -16.339 -37.613 -20.000 -14.847
2 24 16.339 -20.000 36.339 14.847 -20.000 37.613
2 24 7.838 -20.000 25.216 7.060 -20.000 25.650
2 24 -39.846 -20.000 -9.455 -40.000 -20.000 -7.500
2 24 9.455 -20.000 39.846 7.500 -20.000 40.000
2 24 -33.298 -20.000 -5.915 -33.941 -20.000 -6.531
2 24 -35.020 -20.000 -11.537 -35.207 -20.000 -10.667
2 24 -24.980 -20.000 -11.537 -25.312 -20.000 -12.364
2 24 4.980 0.000 -11.537 4.793 0.000 -10.667
2 24 15.132 0.000 -8.894 14.871 0.000 -8.043
2 24 -33.633 -20.000 -13.790 -34.221 -20.000 -13.122
2 24 7.060 -20.000 25.650 6.367 -20.000 26.210
2 24 -28.677 -20.000 -15.081 -29.555 -20.000 -15.231
2 24 -25.779 -20.000 -13.122 -26.367 -20.000 -13.790
2 24 -30.000 -20.000 -15.250 -30.445 -20.000 -15.231
2 24 -24.793 0.000 -10.667 -24.980 0.000 -11.537
2 24 -10.000 0.000 5.000 -10.424 0.000 5.018
2 24 13.298 -20.000 34.085 12.560 -20.000 34.583
2 24 15.245 -20.000 30.223 15.132 -20.000 31.106
2 24 -11.666 -20.000 14.714 -12.438 -20.000 14.365
2 24 -27.060 0.000 25.650 -27.838 0.000 25.216
2 24 -34.871 -20.000 31.957 -35.132 -20.000 31.106
2 24 -33.941 -20.000 33.469 -34.471 -20.000 32.753
2 24 -33.298 -20.000 34.085 -33.941 -20.000 33.469
2 24 -14.781 -20.000 8.536 -14.960 -20.000 9.365
2 24 -11.260 -20.000 5.161 -12.060 -20.000 5.444
2 24 11.749 0.000 34.950 10.887 0.000 35.174
2 24 -30.887 -20.000 -4.826 -31.749 -20.000 -5.050
2 24 -7.940 -20.000 5.444 -8.740 -20.000 5.161
2 24 -30.000 -20.000 -4.750 -30.887 -20.000 -4.826
2 24 -14.258 -20.000 12.622 -14.639 -20.000 11.864
2 24 -28.251 0.000 -5.050 -29.113 0.000 -4.826
2 24 -31.323 0.000 -15.081 -32.162 0.000 -14.784
2 24 -29.455 0.000 -19.846 -31.363 0.000 -19.388
2 24 19.846 0.000 29.455 19.388 0.000 31.363
2 24 15.245 0.000 30.223 15.132 0.000 31.106
2 24 -32.940 -20.000 -14.350 -33.633 -20.000 -13.790
2 24 9.555 -20.000 24.769 8.677 -20.000 24.919
2 24 -26.367 -20.000 -13.790 -27.060 -20.000 -14.350
2 24 -27.838 -20.000 -14.784 -28.677 -20.000 -15.081
2 24 -12.438 0.000 14.365 -13.141 0.000 13.890
2 24 -10.000 -20.000 15.000 -10.845 -20.000 14.928
2 24 10.000 0.000 35.250 9.113 0.000 35.174
2 24 5.779 0.000 26.878 5.312 0.000 27.636
2 24 -33.633 0.000 -13.790 -34.221 0.000 -13.122
2 24 7.060 0.000 25.650 6.367 0.000 26.210
2 24 -30.000 0.000 -4.750 -30.887 0.000 -4.826
2 24 -12.438 -20.000 14.365 -13.141 -20.000 13.890
2 24 4.980 0.000 28.463 4.793 0.000 29.333
2 24 -24.755 -20.000 -9.777 -24.868 -20.000 -8.894
2 24 -33.175 -20.000 38.638 -34.847 -20.000 37.613
2 24 13.941 0.000 33.469 13.298 0.000 34.085
2 24 8.677 0.000 24.919 7.838 0.000 25.216
2 24 -24.793 -20.000 -10.667 -24.980 -20.000 -11.537
2 24 -10.000 -20.000 5.000 -10.424 -20.000 5.018
2 24 4.980 -20.000 28.463 4.793 -20.000 29.333
2 24 -24.755 0.000 30.223 -24.868 0.000 31.106
2 24 5.312 0.000 -12.364 4.980 0.000 -11.537
2 24 14.871 0.000 -8.043 14.471 0.000 -7.247
2 24 -8.334 0.000 14.714 -9.155 0.000 14.928
2 24 -34.471 0.000 32.753 -34.871 0.000 31.957
2 24 -32.560 0.000 34.583 -33.298 0.000 34.085
2 24 10.000 0.000 24.750 9.555 0.000 24.769
2 24 -5.980 -20.000 7.027 -6.540 -20.000 6.390
2 24 -34.221 -20.000 -13.122 -34.688 -20.000 -12.364
2 24 -34.688 -20.000 -12.364 -35.020 -20.000 -11.537
2 24 -37.613 -20.000 -14.847 -38.638 -20.000 -13.175
2 24 14.847 -20.000 37.613 13.175 -20.000 38.638
2 24 -39.388 -20.000 -11.363 -39.846 -20.000 -9.455
2 24 11.363 -20.000 39.388 9.455 -20.000 39.846
2 24 12.560 -20.000 34.583 11.749 -20.000 34.950
2 24 -38.638 -20.000 -13.175 -39.388 -20.000 -11.363
2 24 13.175 -20.000 38.638 11.363 -20.000 39.388
2 24 -14.888 -20.000 11.053 -14.996 -20.000 10.212
2 24 -30.000 0.000 24.750 -30.445 0.000 24.769
2 24 -35.132 0.000 -8.894 -35.245 0.000 -9.777
2 24 -11.260 0.000 5.161 -12.060 0.000 5.444
2 24 -24.980 0.000 28.463 -25.312 0.000 27.636
2 24 -34.871 0.000 -8.043 -35.132 0.000 -8.894
2 24 -35.207 -20.000 -10.667 -35.245 -20.000 -9.777
2 24 -34.871 0.000 31.957 -35.132 0.000 31.106
2 24 -30.445 0.000 24.769 -31.323 0.000 24.919
2 24 -31.749 0.000 34.950 -32.560 0.000 34.583
2 24 -27.838 -20.000 25.216 -28.677 -20.000 24.919
2 24 -32.162 0.000 25.216 -32.940 0.000 25.650
2 24 -29.113 0.000 35.174 -30.000 0.000 35.250
2 24 -29.455 0.000 39.846 -31.363 0.000 39.388
2 24 5.779 0.000 -13.122 5.312 0.000 -12.364
2 24 -33.633 0.000 26.210 -34.221 0.000 26.878
2 24 -26.059 0.000 33.469 -26.702 0.000 34.085
2 24 13.941 0.000 -6.531 13.298 0.000 -5.915
2 24 -13.460 0.000 6.390 -14.020 0.000 7.027
2 24 -6.247 0.000 13.303 -6.859 0.000 13.890
2 24 -30.445 -20.000 24.769 -31.323 -20.000 24.919
2 24 -31.749 -20.000 34.950 -32.560 -20.000 34.583
2 24 -37.613 0.000 -14.847 -38.638 0.000 -13.175
2 24 14.847 0.000 37.613 13.175 0.000 38.638
2 24 -39.388 -20.000 31.363 -39.846 -20.000 29.455
2 24 13.298 0.000 34.085 12.560 0.000 34.583
2 24 -34.221 -20.000 26.878 -34.688 -20.000 27.636
2 24 -26.702 -20.000 34.085 -27.440 -20.000 34.583
2 24 -39.388 0.000 -11.363 -39.846 0.000 -9.455
2 24 12.560 0.000 34.583 11.749 0.000 34.950
2 24 11.363 0.000 39.388 9.455 0.000 39.846
2 24 -7.200 -20.000 5.857 -7.940 -20.000 5.444
2 24 -30.445 0.000 -15.231 -31.323 0.000 -15.081
2 24 15.132 -20.000 31.106 14.871 -20.000 31.957
2 24 8.251 -20.000 34.950 7.440 -20.000 34.583
2 24 13.633 -20.000 26.210 12.940 -20.000 25.650
2 24 -10.000 0.000 15.000 -10.845 0.000 14.928
2 24 7.440 -20.000 34.583 6.702 -20.000 34.085
2 24 -10.424 0.000 5.018 -11.260 0.000 5.161
2 24 11.749 -20.000 34.950 10.887 -20.000 35.174
2 24 -9.576 -20.000 5.018 -10.000 -20.000 5.000
2 24 -5.040 -20.000 9.365 -5.005 -20.000 10.212
2 24 -27.440 0.000 -5.417 -28.251 0.000 -5.050
2 24 -24.793 0.000 -10.667 -24.755 0.000 -9.777
2 24 10.445 0.000 24.769 10.000 0.000 24.750
2 24 -33.941 0.000 -6.531 -34.471 0.000 -7.247
2 24 -11.666 0.000 14.714 -12.438 0.000 14.365
2 24 -14.258 0.000 12.622 -14.639 0.000 11.864
2 24 14.221 -20.000 26.878 13.633 -20.000 26.210
2 24 -39.846 0.000 29.455 -40.000 0.000 27.500
2 24 14.471 0.000 -7.247 13.941 0.000 -6.531
2 24 -26.367 0.000 26.210 -27.060 0.000 25.650
2 24 -6.540 -20.000 6.390 -7.200 -20.000 5.857
2 24 -27.838 0.000 25.216 -28.677 0.000 24.919
2 24 -33.175 0.000 -18.638 -34.847 0.000 -17.613
2 24 18.638 0.000 33.175 17.613 0.000 34.847
2 24 -34.221 0.000 26.878 -34.688 0.000 27.636
2 24 -26.702 0.000 34.085 -27.440 0.000 34.583
2 24 -25.779 0.000 26.878 -26.367 0.000 26.210
2 24 -7.200 0.000 5.857 -7.940 0.000 5.444
2 24 7.500 0.000 -20.000 -27.500 0.000 -20.000
2 24 20.000 0.000 -7.500 20.000 0.000 27.500
2 24 -30.000 0.000 -15.250 -30.445 0.000 -15.231
2 24 -5.980 0.000 7.027 -6.540 0.000 6.390
2 24 14.688 0.000 27.636 14.221 0.000 26.878
2 24 7.440 0.000 -5.417 6.702 0.000 -5.915
2 24 6.059 0.000 -6.531 5.529 0.000 -7.247
2 24 5.529 0.000 -7.247 5.129 0.000 -8.043
2 24 11.363 0.000 -19.388 9.455 0.000 -19.846
2 24 13.175 0.000 -18.638 11.363 0.000 -19.388
2 24 12.940 0.000 -14.350 12.162 0.000 -14.784
2 24 14.847 0.000 -17.613 13.175 0.000 -18.638
2 24 13.633 0.000 -13.790 12.940 0.000 -14.350
2 24 14.221 0.000 -13.122 13.633 0.000 -13.790
2 24 16.339 0.000 -16.339 14.847 0.000 -17.613
2 24 17.613 0.000 -14.847 16.339 0.000 -16.339
2 24 18.638 0.000 -13.175 17.613 0.000 -14.847
2 24 14.688 0.000 -12.364 14.221 0.000 -13.122
2 24 19.388 0.000 -11.363 18.638 0.000 -13.175
2 24 19.846 0.000 -9.455 19.388 0.000 -11.363
