0 FILE MXMMRC-MG90S.dat
0 MATRIX Micro Servo with metal gear box
0 Name:  MXMMRC-MG90S.dat
0 Author:  
0 BL_Item_No MMRC-MG90S
0 BFC CERTIFY CCW
3 16 -16.203 -61.875 -0.543 -16.062 -61.875 -1.069 -10.000 -61.875 0.000
3 16 -15.831 -61.875 -1.563 -10.000 -61.875 0.000 -16.062 -61.875 -1.069
3 16 -15.831 -61.875 -1.563 -15.519 -61.875 -2.009 -10.000 -61.875 0.000
3 16 -15.519 -61.875 -2.009 -15.134 -61.875 -2.394 -10.000 -61.875 0.000
3 16 -15.831 -61.875 1.563 -10.000 -61.875 0.000 -15.519 -61.875 2.009
3 16 -15.831 -61.875 1.563 -16.062 -61.875 1.069 -10.000 -61.875 0.000
3 16 -10.419 -61.875 1.563 -15.134 -61.875 2.394 -10.188 -61.875 1.069
3 16 -10.419 -61.875 1.563 -10.731 -61.875 2.009 -15.134 -61.875 2.394
3 16 -12.056 -61.875 2.937 -12.582 -61.875 3.078 -11.563 -61.875 2.706
3 16 -16.203 -61.875 0.543 -10.000 -61.875 0.000 -16.062 -61.875 1.069
3 16 -16.203 -61.875 0.543 -16.250 -61.875 0.000 -10.000 -61.875 0.000
3 16 -16.250 -61.875 0.000 -16.203 -61.875 -0.543 -10.000 -61.875 0.000
3 16 -11.116 -61.875 -2.394 -15.134 -61.875 -2.394 -11.563 -61.875 -2.706
3 16 -11.116 -61.875 -2.394 -10.731 -61.875 -2.009 -15.134 -61.875 -2.394
3 16 -10.731 -61.875 -2.009 -10.419 -61.875 -1.563 -15.134 -61.875 -2.394
3 16 -10.188 -61.875 -1.069 -15.134 -61.875 -2.394 -10.419 -61.875 -1.563
3 16 -10.188 -61.875 -1.069 -10.047 -61.875 -0.543 -15.134 -61.875 -2.394
3 16 -10.047 -61.875 -0.543 -10.000 -61.875 0.000 -15.134 -61.875 -2.394
3 16 -10.000 -61.875 0.000 -15.134 -61.875 2.394 -15.519 -61.875 2.009
3 16 -10.000 -61.875 0.000 -10.047 -61.875 0.543 -15.134 -61.875 2.394
3 16 -10.047 -61.875 0.543 -10.188 -61.875 1.069 -15.134 -61.875 2.394
3 16 -13.125 -61.875 3.125 -11.563 -61.875 2.706 -12.582 -61.875 3.078
3 16 -13.125 -61.875 3.125 -13.668 -61.875 3.078 -11.563 -61.875 2.706
3 16 -13.668 -61.875 3.078 -14.194 -61.875 2.937 -11.563 -61.875 2.706
3 16 -11.116 -61.875 2.394 -15.134 -61.875 2.394 -10.731 -61.875 2.009
3 16 -11.116 -61.875 2.394 -11.563 -61.875 2.706 -15.134 -61.875 2.394
3 16 -11.563 -61.875 2.706 -14.688 -61.875 2.706 -15.134 -61.875 2.394
3 16 -11.563 -61.875 2.706 -14.194 -61.875 2.937 -14.688 -61.875 2.706
3 16 -14.194 -61.875 -2.937 -12.582 -61.875 -3.078 -14.688 -61.875 -2.706
3 16 -14.194 -61.875 -2.937 -13.668 -61.875 -3.078 -12.582 -61.875 -3.078
3 16 -13.668 -61.875 -3.078 -13.125 -61.875 -3.125 -12.582 -61.875 -3.078
3 16 -12.582 -61.875 -3.078 -15.134 -61.875 -2.394 -14.688 -61.875 -2.706
3 16 -12.582 -61.875 -3.078 -12.056 -61.875 -2.937 -15.134 -61.875 -2.394
3 16 -12.056 -61.875 -2.937 -11.563 -61.875 -2.706 -15.134 -61.875 -2.394
3 16 -13.125 -81.875 -3.125 -12.582 -61.875 -3.078 -13.125 -61.875 -3.125
3 16 -13.125 -81.875 -3.125 -12.582 -81.875 -3.078 -12.582 -61.875 -3.078
3 16 -12.582 -81.875 -3.078 -12.056 -61.875 -2.937 -12.582 -61.875 -3.078
3 16 -12.582 -81.875 -3.078 -12.056 -81.875 -2.937 -12.056 -61.875 -2.937
3 16 -12.056 -81.875 -2.937 -11.563 -61.875 -2.706 -12.056 -61.875 -2.937
3 16 -12.056 -81.875 -2.937 -11.563 -81.875 -2.706 -11.563 -61.875 -2.706
3 16 -11.563 -81.875 -2.706 -11.116 -61.875 -2.394 -11.563 -61.875 -2.706
3 16 -11.563 -81.875 -2.706 -11.116 -81.875 -2.394 -11.116 -61.875 -2.394
3 16 -11.116 -81.875 -2.394 -10.731 -61.875 -2.009 -11.116 -61.875 -2.394
3 16 -11.116 -81.875 -2.394 -10.731 -81.875 -2.009 -10.731 -61.875 -2.009
3 16 -10.731 -81.875 -2.009 -10.419 -61.875 -1.563 -10.731 -61.875 -2.009
3 16 -10.731 -81.875 -2.009 -10.419 -81.875 -1.563 -10.419 -61.875 -1.563
3 16 -10.419 -81.875 -1.563 -10.188 -61.875 -1.069 -10.419 -61.875 -1.563
3 16 -10.419 -81.875 -1.563 -10.188 -81.875 -1.069 -10.188 -61.875 -1.069
3 16 -10.188 -81.875 -1.069 -10.047 -61.875 -0.543 -10.188 -61.875 -1.069
3 16 -10.188 -81.875 -1.069 -10.047 -81.875 -0.543 -10.047 -61.875 -0.543
3 16 -10.047 -81.875 -0.543 -10.000 -61.875 0.000 -10.047 -61.875 -0.543
3 16 -10.047 -81.875 -0.543 -10.000 -81.875 0.000 -10.000 -61.875 0.000
3 16 -10.000 -81.875 0.000 -10.047 -61.875 0.543 -10.000 -61.875 0.000
3 16 -10.000 -81.875 0.000 -10.047 -81.875 0.543 -10.047 -61.875 0.543
3 16 -10.047 -81.875 0.543 -10.188 -61.875 1.069 -10.047 -61.875 0.543
3 16 -10.047 -81.875 0.543 -10.188 -81.875 1.069 -10.188 -61.875 1.069
3 16 -10.188 -81.875 1.069 -10.419 -61.875 1.563 -10.188 -61.875 1.069
3 16 -10.188 -81.875 1.069 -10.419 -81.875 1.563 -10.419 -61.875 1.563
3 16 -10.419 -81.875 1.563 -10.731 -61.875 2.009 -10.419 -61.875 1.563
3 16 -10.419 -81.875 1.563 -10.731 -81.875 2.009 -10.731 -61.875 2.009
3 16 -10.731 -81.875 2.009 -11.116 -61.875 2.394 -10.731 -61.875 2.009
3 16 -10.731 -81.875 2.009 -11.116 -81.875 2.394 -11.116 -61.875 2.394
3 16 -11.116 -81.875 2.394 -11.563 -61.875 2.706 -11.116 -61.875 2.394
3 16 -11.116 -81.875 2.394 -11.563 -81.875 2.706 -11.563 -61.875 2.706
3 16 -11.563 -81.875 2.706 -12.056 -61.875 2.937 -11.563 -61.875 2.706
3 16 -11.563 -81.875 2.706 -12.056 -81.875 2.937 -12.056 -61.875 2.937
3 16 -12.056 -81.875 2.937 -12.582 -61.875 3.078 -12.056 -61.875 2.937
3 16 -12.056 -81.875 2.937 -12.582 -81.875 3.078 -12.582 -61.875 3.078
3 16 -12.582 -81.875 3.078 -13.125 -61.875 3.125 -12.582 -61.875 3.078
3 16 -12.582 -81.875 3.078 -13.125 -81.875 3.125 -13.125 -61.875 3.125
3 16 36.500 -45.750 1.500 40.500 -52.750 1.500 36.500 -52.750 1.500
3 16 36.500 -45.750 1.500 40.500 -45.750 1.500 40.500 -52.750 1.500
3 16 36.500 -52.750 1.500 36.245 -45.750 1.790 36.500 -45.750 1.500
3 16 36.500 -52.750 1.500 36.245 -52.750 1.790 36.245 -45.750 1.790
3 16 36.245 -52.750 1.790 35.949 -45.750 2.037 36.245 -45.750 1.790
3 16 36.245 -52.750 1.790 35.949 -52.750 2.037 35.949 -45.750 2.037
3 16 35.949 -52.750 2.037 35.618 -45.750 2.236 35.949 -45.750 2.037
3 16 35.949 -52.750 2.037 35.618 -52.750 2.236 35.618 -45.750 2.236
3 16 35.618 -52.750 2.236 35.261 -45.750 2.382 35.618 -45.750 2.236
3 16 35.618 -52.750 2.236 35.261 -52.750 2.382 35.261 -45.750 2.382
3 16 35.261 -52.750 2.382 34.885 -45.750 2.470 35.261 -45.750 2.382
3 16 35.261 -52.750 2.382 34.885 -52.750 2.470 34.885 -45.750 2.470
3 16 34.885 -52.750 2.470 34.500 -45.750 2.500 34.885 -45.750 2.470
3 16 34.885 -52.750 2.470 34.500 -52.750 2.500 34.500 -45.750 2.500
3 16 40.500 -45.750 -1.500 36.500 -52.750 -1.500 40.500 -52.750 -1.500
3 16 40.500 -45.750 -1.500 36.500 -45.750 -1.500 36.500 -52.750 -1.500
3 16 -36.461 -45.750 -1.551 -40.500 -52.750 -1.551 -36.461 -52.750 -1.551
3 16 -36.461 -45.750 -1.551 -40.500 -45.750 -1.551 -40.500 -52.750 -1.551
3 16 -36.461 -52.750 -1.551 -36.207 -45.750 -1.827 -36.461 -45.750 -1.551
3 16 -36.461 -52.750 -1.551 -36.207 -52.750 -1.827 -36.207 -45.750 -1.827
3 16 -36.207 -52.750 -1.827 -35.914 -45.750 -2.062 -36.207 -45.750 -1.827
3 16 -36.207 -52.750 -1.827 -35.914 -52.750 -2.062 -35.914 -45.750 -2.062
3 16 -35.914 -52.750 -2.062 -35.589 -45.750 -2.250 -35.914 -45.750 -2.062
3 16 -35.914 -52.750 -2.062 -35.589 -52.750 -2.250 -35.589 -45.750 -2.250
3 16 -35.589 -52.750 -2.250 -35.240 -45.750 -2.388 -35.589 -45.750 -2.250
3 16 -35.589 -52.750 -2.250 -35.240 -52.750 -2.388 -35.240 -45.750 -2.388
3 16 -35.240 -52.750 -2.388 -34.874 -45.750 -2.472 -35.240 -45.750 -2.388
3 16 -35.240 -52.750 -2.388 -34.874 -52.750 -2.472 -34.874 -45.750 -2.472
3 16 -34.874 -52.750 -2.472 -34.500 -45.750 -2.500 -34.874 -45.750 -2.472
3 16 -34.874 -52.750 -2.472 -34.500 -52.750 -2.500 -34.500 -45.750 -2.500
3 16 -40.500 -45.750 1.500 -36.499 -52.750 1.502 -40.500 -52.750 1.500
3 16 -40.500 -45.750 1.500 -36.499 -45.750 1.502 -36.499 -52.750 1.502
3 16 -18.538 -81.875 3.125 -16.062 -81.875 1.069 -15.831 -81.875 1.563
3 16 -18.538 -81.875 3.125 -18.998 -81.875 2.138 -16.062 -81.875 1.069
3 16 -18.998 -81.875 2.138 -16.203 -81.875 0.543 -16.062 -81.875 1.069
3 16 -18.998 -81.875 2.138 -19.280 -81.875 1.085 -16.203 -81.875 0.543
3 16 -19.280 -81.875 1.085 -16.250 -81.875 0.000 -16.203 -81.875 0.543
3 16 -19.280 -81.875 1.085 -19.375 -81.875 0.000 -16.250 -81.875 0.000
3 16 -19.375 -81.875 0.000 -16.203 -81.875 -0.543 -16.250 -81.875 0.000
3 16 -19.375 -81.875 0.000 -19.280 -81.875 -1.085 -16.203 -81.875 -0.543
3 16 -19.280 -81.875 -1.085 -16.062 -81.875 -1.069 -16.203 -81.875 -0.543
3 16 -19.280 -81.875 -1.085 -18.998 -81.875 -2.138 -16.062 -81.875 -1.069
3 16 -18.998 -81.875 -2.138 -15.831 -81.875 -1.563 -16.062 -81.875 -1.069
3 16 -18.998 -81.875 -2.138 -18.538 -81.875 -3.125 -15.831 -81.875 -1.563
3 16 -18.538 -81.875 -3.125 -15.519 -81.875 -2.009 -15.831 -81.875 -1.563
3 16 -18.538 -81.875 -3.125 -17.913 -81.875 -4.017 -15.519 -81.875 -2.009
3 16 -17.913 -81.875 -4.017 -15.134 -81.875 -2.394 -15.519 -81.875 -2.009
3 16 -17.913 -81.875 -4.017 -17.142 -81.875 -4.788 -15.134 -81.875 -2.394
3 16 -17.142 -81.875 -4.788 -14.688 -81.875 -2.706 -15.134 -81.875 -2.394
3 16 -17.142 -81.875 -4.788 -16.250 -81.875 -5.413 -14.688 -81.875 -2.706
3 16 -16.250 -81.875 -5.413 -14.194 -81.875 -2.937 -14.688 -81.875 -2.706
3 16 -16.250 -81.875 -5.413 -15.263 -81.875 -5.873 -14.194 -81.875 -2.937
3 16 -15.263 -81.875 -5.873 -13.668 -81.875 -3.078 -14.194 -81.875 -2.937
3 16 -15.263 -81.875 -5.873 -14.210 -81.875 -6.155 -13.668 -81.875 -3.078
3 16 -14.210 -81.875 -6.155 -13.125 -81.875 -3.125 -13.668 -81.875 -3.078
3 16 -14.210 -81.875 -6.155 -13.125 -81.875 -6.250 -13.125 -81.875 -3.125
3 16 -13.125 -81.875 -6.250 -12.582 -81.875 -3.078 -13.125 -81.875 -3.125
3 16 -13.125 -81.875 -6.250 -12.040 -81.875 -6.155 -12.582 -81.875 -3.078
3 16 -12.040 -81.875 -6.155 -12.056 -81.875 -2.937 -12.582 -81.875 -3.078
3 16 -12.040 -81.875 -6.155 -10.987 -81.875 -5.873 -12.056 -81.875 -2.937
3 16 -10.987 -81.875 -5.873 -11.563 -81.875 -2.706 -12.056 -81.875 -2.937
3 16 -10.987 -81.875 -5.873 -10.000 -81.875 -5.413 -11.563 -81.875 -2.706
3 16 -10.000 -81.875 -5.413 -11.116 -81.875 -2.394 -11.563 -81.875 -2.706
3 16 -10.000 -81.875 -5.413 -9.108 -81.875 -4.788 -11.116 -81.875 -2.394
3 16 -9.108 -81.875 -4.788 -10.731 -81.875 -2.009 -11.116 -81.875 -2.394
3 16 -9.108 -81.875 -4.788 -8.337 -81.875 -4.017 -10.731 -81.875 -2.009
3 16 -8.337 -81.875 -4.017 -10.419 -81.875 -1.563 -10.731 -81.875 -2.009
3 16 -8.337 -81.875 -4.017 -7.712 -81.875 -3.125 -10.419 -81.875 -1.563
3 16 -7.712 -81.875 -3.125 -10.188 -81.875 -1.069 -10.419 -81.875 -1.563
3 16 -7.712 -81.875 -3.125 -7.252 -81.875 -2.138 -10.188 -81.875 -1.069
3 16 -7.252 -81.875 -2.138 -10.047 -81.875 -0.543 -10.188 -81.875 -1.069
3 16 -7.252 -81.875 -2.138 -6.970 -81.875 -1.085 -10.047 -81.875 -0.543
3 16 -6.970 -81.875 -1.085 -10.000 -81.875 0.000 -10.047 -81.875 -0.543
3 16 -6.970 -81.875 -1.085 -6.875 -81.875 0.000 -10.000 -81.875 0.000
3 16 -6.875 -81.875 0.000 -10.047 -81.875 0.543 -10.000 -81.875 0.000
3 16 -6.875 -81.875 0.000 -6.970 -81.875 1.085 -10.047 -81.875 0.543
3 16 -6.970 -81.875 1.085 -10.188 -81.875 1.069 -10.047 -81.875 0.543
3 16 -6.970 -81.875 1.085 -7.252 -81.875 2.138 -10.188 -81.875 1.069
3 16 -7.252 -81.875 2.138 -10.419 -81.875 1.563 -10.188 -81.875 1.069
3 16 -7.252 -81.875 2.138 -7.712 -81.875 3.125 -10.419 -81.875 1.563
3 16 -7.712 -81.875 3.125 -10.731 -81.875 2.009 -10.419 -81.875 1.563
3 16 -7.712 -81.875 3.125 -8.337 -81.875 4.017 -10.731 -81.875 2.009
3 16 -8.337 -81.875 4.017 -11.116 -81.875 2.394 -10.731 -81.875 2.009
3 16 -8.337 -81.875 4.017 -9.108 -81.875 4.788 -11.116 -81.875 2.394
3 16 -9.108 -81.875 4.788 -11.563 -81.875 2.706 -11.116 -81.875 2.394
3 16 -9.108 -81.875 4.788 -10.000 -81.875 5.413 -11.563 -81.875 2.706
3 16 -10.000 -81.875 5.413 -12.056 -81.875 2.937 -11.563 -81.875 2.706
3 16 -10.000 -81.875 5.413 -10.987 -81.875 5.873 -12.056 -81.875 2.937
3 16 -10.987 -81.875 5.873 -12.582 -81.875 3.078 -12.056 -81.875 2.937
3 16 -10.987 -81.875 5.873 -12.040 -81.875 6.155 -12.582 -81.875 3.078
3 16 -12.040 -81.875 6.155 -13.125 -81.875 3.125 -12.582 -81.875 3.078
3 16 -12.040 -81.875 6.155 -13.125 -81.875 6.250 -13.125 -81.875 3.125
3 16 -13.125 -81.875 6.250 -13.668 -81.875 3.078 -13.125 -81.875 3.125
3 16 -13.125 -81.875 6.250 -14.210 -81.875 6.155 -13.668 -81.875 3.078
3 16 -14.210 -81.875 6.155 -14.194 -81.875 2.937 -13.668 -81.875 3.078
3 16 -14.210 -81.875 6.155 -15.263 -81.875 5.873 -14.194 -81.875 2.937
3 16 -15.263 -81.875 5.873 -14.688 -81.875 2.706 -14.194 -81.875 2.937
3 16 -15.263 -81.875 5.873 -16.250 -81.875 5.413 -14.688 -81.875 2.706
3 16 -16.250 -81.875 5.413 -15.134 -81.875 2.394 -14.688 -81.875 2.706
3 16 -16.250 -81.875 5.413 -17.142 -81.875 4.788 -15.134 -81.875 2.394
3 16 -17.142 -81.875 4.788 -15.519 -81.875 2.009 -15.134 -81.875 2.394
3 16 -17.142 -81.875 4.788 -17.913 -81.875 4.017 -15.519 -81.875 2.009
3 16 -17.913 -81.875 4.017 -15.831 -81.875 1.563 -15.519 -81.875 2.009
3 16 -17.913 -81.875 4.017 -18.538 -81.875 3.125 -15.831 -81.875 1.563
3 16 -13.125 -71.875 6.250 -14.210 -71.875 6.155 -13.125 -81.875 6.250
3 16 -14.210 -71.875 6.155 -14.210 -81.875 6.155 -13.125 -81.875 6.250
3 16 -14.210 -71.875 6.155 -15.263 -71.875 5.873 -14.210 -81.875 6.155
3 16 -15.263 -71.875 5.873 -15.263 -81.875 5.873 -14.210 -81.875 6.155
3 16 -15.263 -71.875 5.873 -16.250 -71.875 5.413 -15.263 -81.875 5.873
3 16 -16.250 -71.875 5.413 -16.250 -81.875 5.413 -15.263 -81.875 5.873
3 16 -16.250 -71.875 5.413 -17.142 -71.875 4.788 -16.250 -81.875 5.413
3 16 -17.142 -71.875 4.788 -17.142 -81.875 4.788 -16.250 -81.875 5.413
3 16 -17.142 -71.875 4.788 -17.913 -71.875 4.017 -17.142 -81.875 4.788
3 16 -17.913 -71.875 4.017 -17.913 -81.875 4.017 -17.142 -81.875 4.788
3 16 -17.913 -71.875 4.017 -18.538 -71.875 3.125 -17.913 -81.875 4.017
3 16 -18.538 -71.875 3.125 -18.538 -81.875 3.125 -17.913 -81.875 4.017
3 16 -18.538 -71.875 3.125 -18.998 -71.875 2.138 -18.538 -81.875 3.125
3 16 -18.998 -71.875 2.138 -18.998 -81.875 2.138 -18.538 -81.875 3.125
3 16 -18.998 -71.875 2.138 -19.280 -71.875 1.085 -18.998 -81.875 2.138
3 16 -19.280 -71.875 1.085 -19.280 -81.875 1.085 -18.998 -81.875 2.138
3 16 -19.280 -71.875 1.085 -19.375 -71.875 0.000 -19.280 -81.875 1.085
3 16 -19.375 -71.875 0.000 -19.375 -81.875 0.000 -19.280 -81.875 1.085
3 16 -19.375 -71.875 0.000 -19.280 -71.875 -1.085 -19.375 -81.875 0.000
3 16 -19.280 -71.875 -1.085 -19.280 -81.875 -1.085 -19.375 -81.875 0.000
3 16 -19.280 -71.875 -1.085 -18.998 -71.875 -2.138 -19.280 -81.875 -1.085
3 16 -18.998 -71.875 -2.138 -18.998 -81.875 -2.138 -19.280 -81.875 -1.085
3 16 -18.998 -71.875 -2.138 -18.538 -71.875 -3.125 -18.998 -81.875 -2.138
3 16 -18.538 -71.875 -3.125 -18.538 -81.875 -3.125 -18.998 -81.875 -2.138
3 16 -18.538 -71.875 -3.125 -17.913 -71.875 -4.017 -18.538 -81.875 -3.125
3 16 -17.913 -71.875 -4.017 -17.913 -81.875 -4.017 -18.538 -81.875 -3.125
3 16 -17.913 -71.875 -4.017 -17.142 -71.875 -4.788 -17.913 -81.875 -4.017
3 16 -17.142 -71.875 -4.788 -17.142 -81.875 -4.788 -17.913 -81.875 -4.017
3 16 -17.142 -71.875 -4.788 -16.250 -71.875 -5.413 -17.142 -81.875 -4.788
3 16 -16.250 -71.875 -5.413 -16.250 -81.875 -5.413 -17.142 -81.875 -4.788
3 16 -16.250 -71.875 -5.413 -15.263 -71.875 -5.873 -16.250 -81.875 -5.413
3 16 -15.263 -71.875 -5.873 -15.263 -81.875 -5.873 -16.250 -81.875 -5.413
3 16 -15.263 -71.875 -5.873 -14.210 -71.875 -6.155 -15.263 -81.875 -5.873
3 16 -14.210 -71.875 -6.155 -14.210 -81.875 -6.155 -15.263 -81.875 -5.873
3 16 -14.210 -71.875 -6.155 -13.125 -71.875 -6.250 -14.210 -81.875 -6.155
3 16 -13.125 -71.875 -6.250 -13.125 -81.875 -6.250 -14.210 -81.875 -6.155
3 16 -0.459 -71.875 8.036 -0.207 -56.875 7.703 -0.459 -56.875 8.036
3 16 -0.459 -71.875 8.036 -0.207 -71.875 7.703 -0.207 -56.875 7.703
3 16 -0.207 -71.875 7.703 0.097 -56.875 7.417 -0.207 -56.875 7.703
3 16 -0.207 -71.875 7.703 0.097 -71.875 7.417 0.097 -56.875 7.417
3 16 0.097 -71.875 7.417 0.444 -56.875 7.186 0.097 -56.875 7.417
3 16 0.097 -71.875 7.417 0.444 -71.875 7.186 0.444 -56.875 7.186
3 16 0.444 -71.875 7.186 0.825 -56.875 7.016 0.444 -56.875 7.186
3 16 0.444 -71.875 7.186 0.825 -71.875 7.016 0.825 -56.875 7.016
3 16 0.825 -71.875 7.016 1.229 -56.875 6.911 0.825 -56.875 7.016
3 16 0.825 -71.875 7.016 1.229 -71.875 6.911 1.229 -56.875 6.911
3 16 1.229 -71.875 6.911 1.645 -56.875 6.875 1.229 -56.875 6.911
3 16 1.229 -71.875 6.911 1.645 -71.875 6.875 1.645 -56.875 6.875
3 16 1.645 -71.875 -6.875 1.229 -56.875 -6.911 1.645 -56.875 -6.875
3 16 1.645 -71.875 -6.875 1.229 -71.875 -6.911 1.229 -56.875 -6.911
3 16 1.229 -71.875 -6.911 0.825 -56.875 -7.016 1.229 -56.875 -6.911
3 16 1.229 -71.875 -6.911 0.825 -71.875 -7.016 0.825 -56.875 -7.016
3 16 0.825 -71.875 -7.016 0.444 -56.875 -7.186 0.825 -56.875 -7.016
3 16 0.825 -71.875 -7.016 0.444 -71.875 -7.186 0.444 -56.875 -7.186
3 16 0.444 -71.875 -7.186 0.097 -56.875 -7.417 0.444 -56.875 -7.186
3 16 0.444 -71.875 -7.186 0.097 -71.875 -7.417 0.097 -56.875 -7.417
3 16 0.097 -71.875 -7.417 -0.207 -56.875 -7.703 0.097 -56.875 -7.417
3 16 0.097 -71.875 -7.417 -0.207 -71.875 -7.703 -0.207 -56.875 -7.703
3 16 -0.207 -71.875 -7.703 -0.459 -56.875 -8.036 -0.207 -56.875 -7.703
3 16 -0.207 -71.875 -7.703 -0.459 -71.875 -8.036 -0.459 -56.875 -8.036
3 16 -0.459 -71.875 -8.036 -8.337 -71.875 -4.017 -1.977 -71.875 -10.036
3 16 -0.459 -71.875 -8.036 -7.712 -71.875 -3.125 -8.337 -71.875 -4.017
3 16 -8.337 -71.875 -4.017 -3.807 -71.875 -11.755 -1.977 -71.875 -10.036
3 16 -8.337 -71.875 -4.017 -9.108 -71.875 -4.788 -3.807 -71.875 -11.755
3 16 -9.108 -71.875 -4.788 -5.898 -71.875 -13.144 -3.807 -71.875 -11.755
3 16 -9.108 -71.875 -4.788 -10.000 -71.875 -5.413 -5.898 -71.875 -13.144
3 16 -10.000 -71.875 -5.413 -8.191 -71.875 -14.165 -5.898 -71.875 -13.144
3 16 -10.000 -71.875 -5.413 -10.987 -71.875 -5.873 -8.191 -71.875 -14.165
3 16 -10.987 -71.875 -5.873 -10.623 -71.875 -14.790 -8.191 -71.875 -14.165
3 16 -10.987 -71.875 -5.873 -12.040 -71.875 -6.155 -10.623 -71.875 -14.790
3 16 -12.040 -71.875 -6.155 -13.125 -71.875 -15.000 -10.623 -71.875 -14.790
3 16 -12.040 -71.875 -6.155 -13.125 -71.875 -6.250 -13.125 -71.875 -15.000
3 16 -13.125 -71.875 -6.250 -15.594 -71.875 -14.795 -13.125 -71.875 -15.000
3 16 -13.125 -71.875 -6.250 -14.210 -71.875 -6.155 -15.594 -71.875 -14.795
3 16 -14.210 -71.875 -6.155 -17.995 -71.875 -14.187 -15.594 -71.875 -14.795
3 16 -14.210 -71.875 -6.155 -15.263 -71.875 -5.873 -17.995 -71.875 -14.187
3 16 -15.263 -71.875 -5.873 -20.264 -71.875 -13.192 -17.995 -71.875 -14.187
3 16 -15.263 -71.875 -5.873 -16.250 -71.875 -5.413 -20.264 -71.875 -13.192
3 16 -16.250 -71.875 -5.413 -22.338 -71.875 -11.837 -20.264 -71.875 -13.192
3 16 -16.250 -71.875 -5.413 -17.142 -71.875 -4.788 -22.338 -71.875 -11.837
3 16 -17.142 -71.875 -4.788 -24.161 -71.875 -10.159 -22.338 -71.875 -11.837
3 16 -17.142 -71.875 -4.788 -17.913 -71.875 -4.017 -24.161 -71.875 -10.159
3 16 -17.913 -71.875 -4.017 -25.682 -71.875 -8.204 -24.161 -71.875 -10.159
3 16 -17.913 -71.875 -4.017 -18.538 -71.875 -3.125 -25.682 -71.875 -8.204
3 16 -18.538 -71.875 -3.125 -26.862 -71.875 -6.025 -25.682 -71.875 -8.204
3 16 -18.538 -71.875 -3.125 -18.998 -71.875 -2.138 -26.862 -71.875 -6.025
3 16 -18.998 -71.875 -2.138 -27.666 -71.875 -3.682 -26.862 -71.875 -6.025
3 16 -18.998 -71.875 -2.138 -19.280 -71.875 -1.085 -27.666 -71.875 -3.682
3 16 -19.280 -71.875 -1.085 -28.074 -71.875 -1.239 -27.666 -71.875 -3.682
3 16 -19.280 -71.875 -1.085 -19.375 -71.875 0.000 -28.074 -71.875 -1.239
3 16 -19.375 -71.875 0.000 -28.074 -71.875 1.239 -28.074 -71.875 -1.239
3 16 8.087 -71.875 -2.347 -6.875 -71.875 0.000 -6.970 -71.875 -1.085
3 16 8.087 -71.875 -2.347 8.396 -71.875 -1.192 -6.875 -71.875 0.000
3 16 8.396 -71.875 -1.192 8.500 -71.875 0.000 -6.875 -71.875 0.000
3 16 -19.375 -71.875 0.000 -27.666 -71.875 3.682 -28.074 -71.875 1.239
3 16 -19.375 -71.875 0.000 -19.280 -71.875 1.085 -27.666 -71.875 3.682
3 16 -19.280 -71.875 1.085 -26.862 -71.875 6.025 -27.666 -71.875 3.682
3 16 -19.280 -71.875 1.085 -18.998 -71.875 2.138 -26.862 -71.875 6.025
3 16 -18.998 -71.875 2.138 -25.682 -71.875 8.204 -26.862 -71.875 6.025
3 16 -18.998 -71.875 2.138 -18.538 -71.875 3.125 -25.682 -71.875 8.204
3 16 -18.538 -71.875 3.125 -24.161 -71.875 10.159 -25.682 -71.875 8.204
3 16 -18.538 -71.875 3.125 -17.913 -71.875 4.017 -24.161 -71.875 10.159
3 16 -17.913 -71.875 4.017 -22.338 -71.875 11.837 -24.161 -71.875 10.159
3 16 -17.913 -71.875 4.017 -17.142 -71.875 4.788 -22.338 -71.875 11.837
3 16 -17.142 -71.875 4.788 -20.264 -71.875 13.192 -22.338 -71.875 11.837
3 16 -17.142 -71.875 4.788 -16.250 -71.875 5.413 -20.264 -71.875 13.192
3 16 -16.250 -71.875 5.413 -17.995 -71.875 14.187 -20.264 -71.875 13.192
3 16 -16.250 -71.875 5.413 -15.263 -71.875 5.873 -17.995 -71.875 14.187
3 16 -15.263 -71.875 5.873 -15.594 -71.875 14.795 -17.995 -71.875 14.187
3 16 -15.263 -71.875 5.873 -14.210 -71.875 6.155 -15.594 -71.875 14.795
3 16 -14.210 -71.875 6.155 -13.125 -71.875 15.000 -15.594 -71.875 14.795
3 16 -14.210 -71.875 6.155 -13.125 -71.875 6.250 -13.125 -71.875 15.000
3 16 -13.125 -71.875 6.250 -10.623 -71.875 14.790 -13.125 -71.875 15.000
3 16 -13.125 -71.875 6.250 -12.040 -71.875 6.155 -10.623 -71.875 14.790
3 16 -12.040 -71.875 6.155 -8.191 -71.875 14.165 -10.623 -71.875 14.790
3 16 -12.040 -71.875 6.155 -10.987 -71.875 5.873 -8.191 -71.875 14.165
3 16 -10.987 -71.875 5.873 -5.898 -71.875 13.144 -8.191 -71.875 14.165
3 16 -10.987 -71.875 5.873 -10.000 -71.875 5.413 -5.898 -71.875 13.144
3 16 -10.000 -71.875 5.413 -3.807 -71.875 11.755 -5.898 -71.875 13.144
3 16 -10.000 -71.875 5.413 -9.108 -71.875 4.788 -3.807 -71.875 11.755
3 16 -9.108 -71.875 4.788 -1.977 -71.875 10.036 -3.807 -71.875 11.755
3 16 -9.108 -71.875 4.788 -8.337 -71.875 4.017 -1.977 -71.875 10.036
3 16 -8.337 -71.875 4.017 -0.459 -71.875 8.036 -1.977 -71.875 10.036
3 16 -8.337 -71.875 4.017 -7.712 -71.875 3.125 -0.459 -71.875 8.036
3 16 -7.712 -71.875 3.125 -0.207 -71.875 7.703 -0.459 -71.875 8.036
3 16 1.229 -71.875 6.911 -7.252 -71.875 2.138 1.645 -71.875 6.875
3 16 6.897 -71.875 -4.412 -6.970 -71.875 -1.085 6.053 -71.875 -5.259
3 16 6.897 -71.875 -4.412 7.582 -71.875 -3.432 -6.970 -71.875 -1.085
3 16 7.582 -71.875 -3.432 8.087 -71.875 -2.347 -6.970 -71.875 -1.085
3 16 -0.207 -71.875 -7.703 -7.712 -71.875 -3.125 -0.459 -71.875 -8.036
3 16 -0.207 -71.875 -7.703 0.097 -71.875 -7.417 -7.712 -71.875 -3.125
3 16 0.097 -71.875 -7.417 -7.252 -71.875 -2.138 -7.712 -71.875 -3.125
3 16 0.097 -71.875 -7.417 0.444 -71.875 -7.186 -7.252 -71.875 -2.138
3 16 -7.252 -71.875 2.138 2.836 -71.875 6.767 1.645 -71.875 6.875
3 16 0.825 -71.875 7.016 -7.252 -71.875 2.138 1.229 -71.875 6.911
3 16 0.825 -71.875 7.016 0.444 -71.875 7.186 -7.252 -71.875 2.138
3 16 0.444 -71.875 7.186 -7.712 -71.875 3.125 -7.252 -71.875 2.138
3 16 0.444 -71.875 7.186 0.097 -71.875 7.417 -7.712 -71.875 3.125
3 16 0.097 -71.875 7.417 -0.207 -71.875 7.703 -7.712 -71.875 3.125
3 16 0.825 -71.875 -7.016 -7.252 -71.875 -2.138 0.444 -71.875 -7.186
3 16 0.825 -71.875 -7.016 1.229 -71.875 -6.911 -7.252 -71.875 -2.138
3 16 1.229 -71.875 -6.911 1.645 -71.875 -6.875 -7.252 -71.875 -2.138
3 16 6.053 -71.875 5.259 -6.970 -71.875 1.085 6.897 -71.875 4.412
3 16 6.053 -71.875 5.259 5.074 -71.875 5.947 -6.970 -71.875 1.085
3 16 5.074 -71.875 5.947 -7.252 -71.875 2.138 -6.970 -71.875 1.085
3 16 5.074 -71.875 5.947 3.991 -71.875 6.455 -7.252 -71.875 2.138
3 16 3.991 -71.875 6.455 2.836 -71.875 6.767 -7.252 -71.875 2.138
3 16 8.396 -71.875 1.192 -6.875 -71.875 0.000 8.500 -71.875 0.000
3 16 8.396 -71.875 1.192 8.087 -71.875 2.347 -6.875 -71.875 0.000
3 16 8.087 -71.875 2.347 -6.970 -71.875 1.085 -6.875 -71.875 0.000
3 16 8.087 -71.875 2.347 7.582 -71.875 3.432 -6.970 -71.875 1.085
3 16 7.582 -71.875 3.432 6.897 -71.875 4.412 -6.970 -71.875 1.085
3 16 2.836 -71.875 -6.767 -7.252 -71.875 -2.138 1.645 -71.875 -6.875
3 16 2.836 -71.875 -6.767 3.991 -71.875 -6.455 -7.252 -71.875 -2.138
3 16 3.991 -71.875 -6.455 -6.970 -71.875 -1.085 -7.252 -71.875 -2.138
3 16 3.991 -71.875 -6.455 5.074 -71.875 -5.947 -6.970 -71.875 -1.085
3 16 5.074 -71.875 -5.947 6.053 -71.875 -5.259 -6.970 -71.875 -1.085
3 16 -0.459 -56.875 8.036 -1.977 -56.875 10.036 -0.459 -71.875 8.036
3 16 -1.977 -56.875 10.036 -1.977 -71.875 10.036 -0.459 -71.875 8.036
3 16 -1.977 -56.875 10.036 -3.807 -56.875 11.755 -1.977 -71.875 10.036
3 16 -3.807 -56.875 11.755 -3.807 -71.875 11.755 -1.977 -71.875 10.036
3 16 -3.807 -56.875 11.755 -5.898 -56.875 13.144 -3.807 -71.875 11.755
3 16 -5.898 -56.875 13.144 -5.898 -71.875 13.144 -3.807 -71.875 11.755
3 16 -5.898 -56.875 13.144 -8.191 -56.875 14.165 -5.898 -71.875 13.144
3 16 -8.191 -56.875 14.165 -8.191 -71.875 14.165 -5.898 -71.875 13.144
3 16 -8.191 -56.875 14.165 -10.623 -56.875 14.790 -8.191 -71.875 14.165
3 16 -10.623 -56.875 14.790 -10.623 -71.875 14.790 -8.191 -71.875 14.165
3 16 -10.623 -56.875 14.790 -13.125 -56.875 15.000 -10.623 -71.875 14.790
3 16 -13.125 -56.875 15.000 -13.125 -71.875 15.000 -10.623 -71.875 14.790
3 16 1.645 -56.875 -6.875 2.836 -56.875 -6.767 1.645 -71.875 -6.875
3 16 2.836 -56.875 -6.767 2.836 -71.875 -6.767 1.645 -71.875 -6.875
3 16 2.836 -56.875 -6.767 3.991 -56.875 -6.455 2.836 -71.875 -6.767
3 16 3.991 -56.875 -6.455 3.991 -71.875 -6.455 2.836 -71.875 -6.767
3 16 3.991 -56.875 -6.455 5.074 -56.875 -5.947 3.991 -71.875 -6.455
3 16 5.074 -56.875 -5.947 5.074 -71.875 -5.947 3.991 -71.875 -6.455
3 16 5.074 -56.875 -5.947 6.053 -56.875 -5.259 5.074 -71.875 -5.947
3 16 6.053 -56.875 -5.259 6.053 -71.875 -5.259 5.074 -71.875 -5.947
3 16 6.053 -56.875 -5.259 6.897 -56.875 -4.412 6.053 -71.875 -5.259
3 16 6.897 -56.875 -4.412 6.897 -71.875 -4.412 6.053 -71.875 -5.259
3 16 6.897 -56.875 -4.412 7.582 -56.875 -3.432 6.897 -71.875 -4.412
3 16 7.582 -56.875 -3.432 7.582 -71.875 -3.432 6.897 -71.875 -4.412
3 16 7.582 -56.875 -3.432 8.087 -56.875 -2.347 7.582 -71.875 -3.432
3 16 8.087 -56.875 -2.347 8.087 -71.875 -2.347 7.582 -71.875 -3.432
3 16 8.087 -56.875 -2.347 8.396 -56.875 -1.192 8.087 -71.875 -2.347
3 16 8.396 -56.875 -1.192 8.396 -71.875 -1.192 8.087 -71.875 -2.347
3 16 8.396 -56.875 -1.192 8.500 -56.875 0.000 8.396 -71.875 -1.192
3 16 8.500 -56.875 0.000 8.500 -71.875 0.000 8.396 -71.875 -1.192
3 16 8.500 -56.875 0.000 8.396 -56.875 1.192 8.500 -71.875 0.000
3 16 8.396 -56.875 1.192 8.396 -71.875 1.192 8.500 -71.875 0.000
3 16 8.396 -56.875 1.192 8.087 -56.875 2.347 8.396 -71.875 1.192
3 16 8.087 -56.875 2.347 8.087 -71.875 2.347 8.396 -71.875 1.192
3 16 8.087 -56.875 2.347 7.582 -56.875 3.432 8.087 -71.875 2.347
3 16 7.582 -56.875 3.432 7.582 -71.875 3.432 8.087 -71.875 2.347
3 16 7.582 -56.875 3.432 6.897 -56.875 4.412 7.582 -71.875 3.432
3 16 6.897 -56.875 4.412 6.897 -71.875 4.412 7.582 -71.875 3.432
3 16 6.897 -56.875 4.412 6.053 -56.875 5.259 6.897 -71.875 4.412
3 16 6.053 -56.875 5.259 6.053 -71.875 5.259 6.897 -71.875 4.412
3 16 6.053 -56.875 5.259 5.074 -56.875 5.947 6.053 -71.875 5.259
3 16 5.074 -56.875 5.947 5.074 -71.875 5.947 6.053 -71.875 5.259
3 16 5.074 -56.875 5.947 3.991 -56.875 6.455 5.074 -71.875 5.947
3 16 3.991 -56.875 6.455 3.991 -71.875 6.455 5.074 -71.875 5.947
3 16 3.991 -56.875 6.455 2.836 -56.875 6.767 3.991 -71.875 6.455
3 16 2.836 -56.875 6.767 2.836 -71.875 6.767 3.991 -71.875 6.455
3 16 2.836 -56.875 6.767 1.645 -56.875 6.875 2.836 -71.875 6.767
3 16 1.645 -56.875 6.875 1.645 -71.875 6.875 2.836 -71.875 6.767
3 16 -28.125 -56.875 15.000 -13.125 -56.875 15.000 -28.125 -52.750 15.000
3 16 28.125 0.000 15.000 -28.125 0.000 15.000 28.125 -45.750 15.000
3 16 28.125 -56.875 15.000 28.125 -52.750 15.000 -13.125 -56.875 15.000
3 16 -40.500 -45.750 15.000 -40.500 -52.750 15.000 -28.125 -45.750 15.000
3 16 40.500 -52.750 15.000 40.500 -45.750 15.000 28.125 -52.750 15.000
3 16 28.125 -45.750 15.000 28.125 -52.750 15.000 40.500 -45.750 15.000
3 16 28.125 -45.750 15.000 -28.125 0.000 15.000 28.125 -52.750 15.000
3 16 -28.125 0.000 15.000 -13.125 -56.875 15.000 28.125 -52.750 15.000
3 16 -28.125 0.000 15.000 -28.125 -45.750 15.000 -13.125 -56.875 15.000
3 16 -28.125 -45.750 15.000 -28.125 -52.750 15.000 -13.125 -56.875 15.000
3 16 -28.125 -45.750 15.000 -40.500 -52.750 15.000 -28.125 -52.750 15.000
3 16 28.125 -56.875 -15.000 -13.125 -56.875 -15.000 28.125 -52.750 -15.000
3 16 -28.125 0.000 -15.000 28.125 0.000 -15.000 -28.125 -45.750 -15.000
3 16 -28.125 -56.875 -15.000 -28.125 -52.750 -15.000 -13.125 -56.875 -15.000
3 16 40.500 -45.750 -15.000 40.500 -52.750 -15.000 28.125 -45.750 -15.000
3 16 -40.500 -52.750 -15.000 -40.500 -45.750 -15.000 -28.125 -52.750 -15.000
3 16 -28.125 -45.750 -15.000 -28.125 -52.750 -15.000 -40.500 -45.750 -15.000
3 16 -28.125 -45.750 -15.000 28.125 0.000 -15.000 -28.125 -52.750 -15.000
3 16 28.125 0.000 -15.000 -13.125 -56.875 -15.000 -28.125 -52.750 -15.000
3 16 28.125 0.000 -15.000 28.125 -45.750 -15.000 -13.125 -56.875 -15.000
3 16 28.125 -45.750 -15.000 28.125 -52.750 -15.000 -13.125 -56.875 -15.000
3 16 28.125 -45.750 -15.000 40.500 -52.750 -15.000 28.125 -52.750 -15.000
3 16 -32.151 -45.750 -0.855 -28.125 -45.750 -15.000 -32.335 -45.750 -1.250
3 16 -33.645 -45.750 -2.349 -33.250 -45.750 -2.165 -28.125 -45.750 -15.000
3 16 -32.893 -45.750 -1.915 -28.125 -45.750 -15.000 -33.250 -45.750 -2.165
3 16 -32.893 -45.750 -1.915 -32.585 -45.750 -1.607 -28.125 -45.750 -15.000
3 16 -32.585 -45.750 -1.607 -32.335 -45.750 -1.250 -28.125 -45.750 -15.000
3 16 -34.500 -45.750 -2.500 -28.125 -45.750 -15.000 -40.500 -45.750 -15.000
3 16 -34.500 -45.750 -2.500 -34.066 -45.750 -2.462 -28.125 -45.750 -15.000
3 16 -34.066 -45.750 -2.462 -33.645 -45.750 -2.349 -28.125 -45.750 -15.000
3 16 -35.914 -45.750 -2.062 -35.589 -45.750 -2.250 -40.500 -45.750 -15.000
3 16 -32.038 -45.750 -0.434 -28.125 -45.750 -15.000 -32.151 -45.750 -0.855
3 16 -32.038 -45.750 -0.434 -32.000 -45.750 0.000 -28.125 -45.750 -15.000
3 16 -32.000 -45.750 0.000 -28.125 -45.750 15.000 -28.125 -45.750 -15.000
3 16 -36.461 -45.750 -1.551 -40.500 -45.750 -15.000 -40.500 -45.750 -1.551
3 16 -36.461 -45.750 -1.551 -36.207 -45.750 -1.827 -40.500 -45.750 -15.000
3 16 -36.207 -45.750 -1.827 -35.914 -45.750 -2.062 -40.500 -45.750 -15.000
3 16 -32.038 -45.750 0.434 -28.125 -45.750 15.000 -32.000 -45.750 0.000
3 16 -32.038 -45.750 0.434 -32.151 -45.750 0.855 -28.125 -45.750 15.000
3 16 -32.151 -45.750 0.855 -32.335 -45.750 1.250 -28.125 -45.750 15.000
3 16 -32.585 -45.750 1.607 -28.125 -45.750 15.000 -32.335 -45.750 1.250
3 16 -32.585 -45.750 1.607 -32.893 -45.750 1.915 -28.125 -45.750 15.000
3 16 -32.893 -45.750 1.915 -33.250 -45.750 2.165 -28.125 -45.750 15.000
3 16 -35.240 -45.750 -2.388 -40.500 -45.750 -15.000 -35.589 -45.750 -2.250
3 16 -35.240 -45.750 -2.388 -34.874 -45.750 -2.472 -40.500 -45.750 -15.000
3 16 -34.874 -45.750 -2.472 -34.500 -45.750 -2.500 -40.500 -45.750 -15.000
3 16 -35.260 -45.750 2.382 -40.500 -45.750 15.000 -34.884 -45.750 2.470
3 16 -40.500 -45.750 1.500 -36.244 -45.750 1.791 -36.499 -45.750 1.502
3 16 -40.500 -45.750 1.500 -40.500 -45.750 15.000 -36.244 -45.750 1.791
3 16 -33.645 -45.750 2.349 -28.125 -45.750 15.000 -33.250 -45.750 2.165
3 16 -33.645 -45.750 2.349 -34.066 -45.750 2.462 -28.125 -45.750 15.000
3 16 -34.066 -45.750 2.462 -40.500 -45.750 15.000 -28.125 -45.750 15.000
3 16 -34.066 -45.750 2.462 -34.500 -45.750 2.500 -40.500 -45.750 15.000
3 16 -34.500 -45.750 2.500 -34.884 -45.750 2.470 -40.500 -45.750 15.000
3 16 -35.617 -45.750 2.237 -40.500 -45.750 15.000 -35.260 -45.750 2.382
3 16 -35.617 -45.750 2.237 -35.948 -45.750 2.038 -40.500 -45.750 15.000
3 16 -35.948 -45.750 2.038 -36.244 -45.750 1.791 -40.500 -45.750 15.000
3 16 -40.500 -45.750 -15.000 -40.500 -52.750 -1.551 -40.500 -45.750 -1.551
3 16 -40.500 -45.750 -15.000 -40.500 -52.750 -15.000 -40.500 -52.750 -1.551
3 16 -28.125 -52.750 15.000 -34.500 -52.750 2.500 -34.066 -52.750 2.462
3 16 -28.125 -52.750 15.000 -40.500 -52.750 15.000 -34.500 -52.750 2.500
3 16 -40.500 -52.750 15.000 -34.884 -52.750 2.470 -34.500 -52.750 2.500
3 16 -33.645 -52.750 2.349 -28.125 -52.750 15.000 -34.066 -52.750 2.462
3 16 -33.645 -52.750 2.349 -33.250 -52.750 2.165 -28.125 -52.750 15.000
3 16 -33.250 -52.750 2.165 -32.893 -52.750 1.915 -28.125 -52.750 15.000
3 16 -32.151 -52.750 -0.855 -32.335 -52.750 -1.250 -28.125 -52.750 -15.000
3 16 -35.617 -52.750 2.237 -40.500 -52.750 15.000 -35.948 -52.750 2.038
3 16 -35.617 -52.750 2.237 -35.260 -52.750 2.382 -40.500 -52.750 15.000
3 16 -35.260 -52.750 2.382 -34.884 -52.750 2.470 -40.500 -52.750 15.000
3 16 -32.585 -52.750 1.607 -28.125 -52.750 15.000 -32.893 -52.750 1.915
3 16 -32.585 -52.750 1.607 -32.335 -52.750 1.250 -28.125 -52.750 15.000
3 16 -32.335 -52.750 1.250 -32.151 -52.750 0.855 -28.125 -52.750 15.000
3 16 -32.038 -52.750 0.434 -28.125 -52.750 15.000 -32.151 -52.750 0.855
3 16 -32.038 -52.750 0.434 -32.000 -52.750 0.000 -28.125 -52.750 15.000
3 16 -32.000 -52.750 0.000 -28.125 -52.750 -15.000 -28.125 -52.750 15.000
3 16 -32.000 -52.750 0.000 -32.038 -52.750 -0.434 -28.125 -52.750 -15.000
3 16 -32.038 -52.750 -0.434 -32.151 -52.750 -0.855 -28.125 -52.750 -15.000
3 16 -36.499 -52.750 1.502 -40.500 -52.750 15.000 -40.500 -52.750 1.500
3 16 -36.499 -52.750 1.502 -36.244 -52.750 1.791 -40.500 -52.750 15.000
3 16 -36.244 -52.750 1.791 -35.948 -52.750 2.038 -40.500 -52.750 15.000
3 16 -32.585 -52.750 -1.607 -28.125 -52.750 -15.000 -32.335 -52.750 -1.250
3 16 -32.585 -52.750 -1.607 -32.893 -52.750 -1.915 -28.125 -52.750 -15.000
3 16 -32.893 -52.750 -1.915 -33.250 -52.750 -2.165 -28.125 -52.750 -15.000
3 16 -33.645 -52.750 -2.349 -28.125 -52.750 -15.000 -33.250 -52.750 -2.165
3 16 -33.645 -52.750 -2.349 -34.066 -52.750 -2.462 -28.125 -52.750 -15.000
3 16 -34.066 -52.750 -2.462 -40.500 -52.750 -15.000 -28.125 -52.750 -15.000
3 16 -34.066 -52.750 -2.462 -34.500 -52.750 -2.500 -40.500 -52.750 -15.000
3 16 -34.874 -52.750 -2.472 -40.500 -52.750 -15.000 -34.500 -52.750 -2.500
3 16 -34.874 -52.750 -2.472 -35.240 -52.750 -2.388 -40.500 -52.750 -15.000
3 16 -35.240 -52.750 -2.388 -35.589 -52.750 -2.250 -40.500 -52.750 -15.000
3 16 -40.500 -52.750 -1.551 -36.207 -52.750 -1.827 -36.461 -52.750 -1.551
3 16 -40.500 -52.750 -1.551 -40.500 -52.750 -15.000 -36.207 -52.750 -1.827
3 16 -40.500 -52.750 -15.000 -35.914 -52.750 -2.062 -36.207 -52.750 -1.827
3 16 -40.500 -52.750 -15.000 -35.589 -52.750 -2.250 -35.914 -52.750 -2.062
3 16 -28.125 -52.750 15.000 -28.125 -56.875 0.000 -28.125 -56.875 15.000
3 16 -28.125 -52.750 15.000 -28.125 -52.750 -15.000 -28.125 -56.875 0.000
3 16 -28.125 -52.750 -15.000 -28.125 -56.875 -15.000 -28.125 -56.875 0.000
3 16 -13.125 -56.875 -15.000 -15.594 -56.875 -14.795 -28.125 -56.875 -15.000
3 16 -17.995 -56.875 -14.187 -28.125 -56.875 -15.000 -15.594 -56.875 -14.795
3 16 -17.995 -56.875 -14.187 -20.264 -56.875 -13.192 -28.125 -56.875 -15.000
3 16 -20.264 -56.875 -13.192 -22.338 -56.875 -11.837 -28.125 -56.875 -15.000
3 16 -24.161 -56.875 -10.159 -28.125 -56.875 -15.000 -22.338 -56.875 -11.837
3 16 -24.161 -56.875 -10.159 -25.682 -56.875 -8.204 -28.125 -56.875 -15.000
3 16 -25.682 -56.875 -8.204 -26.862 -56.875 -6.025 -28.125 -56.875 -15.000
3 16 -27.666 -56.875 -3.682 -28.125 -56.875 -15.000 -26.862 -56.875 -6.025
3 16 -27.666 -56.875 -3.682 -28.074 -56.875 -1.239 -28.125 -56.875 -15.000
3 16 -28.074 -56.875 -1.239 -28.125 -56.875 0.000 -28.125 -56.875 -15.000
3 16 28.125 -52.750 -15.000 28.125 -56.875 15.000 28.125 -56.875 -15.000
3 16 28.125 -52.750 -15.000 28.125 -52.750 15.000 28.125 -56.875 15.000
3 16 32.335 -52.750 1.250 28.125 -52.750 15.000 32.151 -52.750 0.855
3 16 32.335 -52.750 -1.250 28.125 -52.750 -15.000 32.585 -52.750 -1.607
3 16 32.335 -52.750 -1.250 32.151 -52.750 -0.855 28.125 -52.750 -15.000
3 16 32.038 -52.750 -0.434 28.125 -52.750 -15.000 32.151 -52.750 -0.855
3 16 32.038 -52.750 -0.434 32.000 -52.750 0.000 28.125 -52.750 -15.000
3 16 32.000 -52.750 0.000 28.125 -52.750 15.000 28.125 -52.750 -15.000
3 16 32.000 -52.750 0.000 32.038 -52.750 0.434 28.125 -52.750 15.000
3 16 32.038 -52.750 0.434 32.151 -52.750 0.855 28.125 -52.750 15.000
3 16 35.618 -52.750 -2.236 40.500 -52.750 -15.000 35.949 -52.750 -2.037
3 16 34.500 -52.750 -2.500 28.125 -52.750 -15.000 40.500 -52.750 -15.000
3 16 34.500 -52.750 -2.500 34.066 -52.750 -2.462 28.125 -52.750 -15.000
3 16 34.066 -52.750 -2.462 33.645 -52.750 -2.349 28.125 -52.750 -15.000
3 16 32.585 -52.750 1.607 28.125 -52.750 15.000 32.335 -52.750 1.250
3 16 32.585 -52.750 1.607 32.893 -52.750 1.915 28.125 -52.750 15.000
3 16 32.893 -52.750 1.915 33.250 -52.750 2.165 28.125 -52.750 15.000
3 16 33.250 -52.750 -2.165 28.125 -52.750 -15.000 33.645 -52.750 -2.349
3 16 33.250 -52.750 -2.165 32.893 -52.750 -1.915 28.125 -52.750 -15.000
3 16 32.893 -52.750 -1.915 32.585 -52.750 -1.607 28.125 -52.750 -15.000
3 16 33.645 -52.750 2.349 28.125 -52.750 15.000 33.250 -52.750 2.165
3 16 33.645 -52.750 2.349 34.066 -52.750 2.462 28.125 -52.750 15.000
3 16 34.066 -52.750 2.462 40.500 -52.750 15.000 28.125 -52.750 15.000
3 16 34.066 -52.750 2.462 34.500 -52.750 2.500 40.500 -52.750 15.000
3 16 35.261 -52.750 -2.382 40.500 -52.750 -15.000 35.618 -52.750 -2.236
3 16 35.261 -52.750 -2.382 34.885 -52.750 -2.470 40.500 -52.750 -15.000
3 16 34.885 -52.750 -2.470 34.500 -52.750 -2.500 40.500 -52.750 -15.000
3 16 36.500 -52.750 -1.500 40.500 -52.750 -15.000 40.500 -52.750 -1.500
3 16 36.500 -52.750 -1.500 36.245 -52.750 -1.790 40.500 -52.750 -15.000
3 16 36.245 -52.750 -1.790 35.949 -52.750 -2.037 40.500 -52.750 -15.000
3 16 34.885 -52.750 2.470 40.500 -52.750 15.000 34.500 -52.750 2.500
3 16 34.885 -52.750 2.470 35.261 -52.750 2.382 40.500 -52.750 15.000
3 16 35.261 -52.750 2.382 35.618 -52.750 2.236 40.500 -52.750 15.000
3 16 40.500 -52.750 1.500 36.245 -52.750 1.790 36.500 -52.750 1.500
3 16 40.500 -52.750 1.500 40.500 -52.750 15.000 36.245 -52.750 1.790
3 16 40.500 -52.750 15.000 35.949 -52.750 2.037 36.245 -52.750 1.790
3 16 40.500 -52.750 15.000 35.618 -52.750 2.236 35.949 -52.750 2.037
3 16 40.500 -45.750 15.000 40.500 -52.750 1.500 40.500 -45.750 1.500
3 16 40.500 -45.750 15.000 40.500 -52.750 15.000 40.500 -52.750 1.500
3 16 32.335 -45.750 1.250 32.151 -45.750 0.855 28.125 -45.750 15.000
3 16 32.038 -45.750 0.434 28.125 -45.750 15.000 32.151 -45.750 0.855
3 16 32.038 -45.750 0.434 32.000 -45.750 0.000 28.125 -45.750 15.000
3 16 32.000 -45.750 0.000 28.125 -45.750 -15.000 28.125 -45.750 15.000
3 16 32.000 -45.750 0.000 32.038 -45.750 -0.434 28.125 -45.750 -15.000
3 16 32.038 -45.750 -0.434 32.151 -45.750 -0.855 28.125 -45.750 -15.000
3 16 33.645 -45.750 2.349 33.250 -45.750 2.165 28.125 -45.750 15.000
3 16 32.893 -45.750 1.915 28.125 -45.750 15.000 33.250 -45.750 2.165
3 16 32.893 -45.750 1.915 32.585 -45.750 1.607 28.125 -45.750 15.000
3 16 32.585 -45.750 1.607 32.335 -45.750 1.250 28.125 -45.750 15.000
3 16 32.335 -45.750 -1.250 28.125 -45.750 -15.000 32.151 -45.750 -0.855
3 16 32.335 -45.750 -1.250 32.585 -45.750 -1.607 28.125 -45.750 -15.000
3 16 32.585 -45.750 -1.607 32.893 -45.750 -1.915 28.125 -45.750 -15.000
3 16 34.066 -45.750 -2.462 40.500 -45.750 -15.000 28.125 -45.750 -15.000
3 16 34.066 -45.750 -2.462 34.500 -45.750 -2.500 40.500 -45.750 -15.000
3 16 35.618 -45.750 2.236 40.500 -45.750 15.000 35.949 -45.750 2.037
3 16 34.500 -45.750 2.500 28.125 -45.750 15.000 40.500 -45.750 15.000
3 16 34.500 -45.750 2.500 34.066 -45.750 2.462 28.125 -45.750 15.000
3 16 34.066 -45.750 2.462 33.645 -45.750 2.349 28.125 -45.750 15.000
3 16 33.250 -45.750 -2.165 28.125 -45.750 -15.000 32.893 -45.750 -1.915
3 16 33.250 -45.750 -2.165 33.645 -45.750 -2.349 28.125 -45.750 -15.000
3 16 33.645 -45.750 -2.349 34.066 -45.750 -2.462 28.125 -45.750 -15.000
3 16 34.885 -45.750 -2.470 40.500 -45.750 -15.000 34.500 -45.750 -2.500
3 16 34.885 -45.750 -2.470 35.261 -45.750 -2.382 40.500 -45.750 -15.000
3 16 35.261 -45.750 -2.382 35.618 -45.750 -2.236 40.500 -45.750 -15.000
3 16 35.261 -45.750 2.382 40.500 -45.750 15.000 35.618 -45.750 2.236
3 16 35.261 -45.750 2.382 34.885 -45.750 2.470 40.500 -45.750 15.000
3 16 34.885 -45.750 2.470 34.500 -45.750 2.500 40.500 -45.750 15.000
3 16 40.500 -45.750 -1.500 36.245 -45.750 -1.790 36.500 -45.750 -1.500
3 16 40.500 -45.750 -1.500 40.500 -45.750 -15.000 36.245 -45.750 -1.790
3 16 40.500 -45.750 -15.000 35.949 -45.750 -2.037 36.245 -45.750 -1.790
3 16 40.500 -45.750 -15.000 35.618 -45.750 -2.236 35.949 -45.750 -2.037
3 16 36.500 -45.750 1.500 40.500 -45.750 15.000 40.500 -45.750 1.500
3 16 36.500 -45.750 1.500 36.245 -45.750 1.790 40.500 -45.750 15.000
3 16 36.245 -45.750 1.790 35.949 -45.750 2.037 40.500 -45.750 15.000
3 16 28.125 0.000 -15.000 28.125 -45.750 15.000 28.125 -45.750 -15.000
3 16 28.125 0.000 -15.000 28.125 0.000 15.000 28.125 -45.750 15.000
3 16 -28.125 0.000 -15.000 28.125 0.000 15.000 28.125 0.000 -15.000
3 16 -28.125 0.000 -15.000 -28.125 0.000 15.000 28.125 0.000 15.000
3 16 -28.125 -45.750 -15.000 -28.125 0.000 15.000 -28.125 0.000 -15.000
3 16 -28.125 -45.750 -15.000 -28.125 -45.750 15.000 -28.125 0.000 15.000
3 16 -20.264 -56.875 13.192 -28.125 -56.875 15.000 -22.338 -56.875 11.837
3 16 -28.074 -56.875 1.239 -28.125 -56.875 15.000 -28.125 -56.875 0.000
3 16 -28.074 -56.875 1.239 -27.666 -56.875 3.682 -28.125 -56.875 15.000
3 16 -27.666 -56.875 3.682 -26.862 -56.875 6.025 -28.125 -56.875 15.000
3 16 -17.995 -56.875 14.187 -28.125 -56.875 15.000 -20.264 -56.875 13.192
3 16 -17.995 -56.875 14.187 -15.594 -56.875 14.795 -28.125 -56.875 15.000
3 16 -15.594 -56.875 14.795 -13.125 -56.875 15.000 -28.125 -56.875 15.000
3 16 -25.682 -56.875 8.204 -28.125 -56.875 15.000 -26.862 -56.875 6.025
3 16 -25.682 -56.875 8.204 -24.161 -56.875 10.159 -28.125 -56.875 15.000
3 16 -24.161 -56.875 10.159 -22.338 -56.875 11.837 -28.125 -56.875 15.000
3 16 5.074 -56.875 -5.947 28.125 -56.875 -15.000 6.053 -56.875 -5.259
3 16 8.087 -56.875 -2.347 28.125 -56.875 -15.000 8.396 -56.875 -1.192
3 16 -3.807 -56.875 -11.755 28.125 -56.875 -15.000 -1.977 -56.875 -10.036
3 16 -3.807 -56.875 -11.755 -5.898 -56.875 -13.144 28.125 -56.875 -15.000
3 16 7.582 -56.875 -3.432 28.125 -56.875 -15.000 8.087 -56.875 -2.347
3 16 7.582 -56.875 -3.432 6.897 -56.875 -4.412 28.125 -56.875 -15.000
3 16 6.897 -56.875 -4.412 6.053 -56.875 -5.259 28.125 -56.875 -15.000
3 16 3.991 -56.875 -6.455 28.125 -56.875 -15.000 5.074 -56.875 -5.947
3 16 3.991 -56.875 -6.455 2.836 -56.875 -6.767 28.125 -56.875 -15.000
3 16 2.836 -56.875 -6.767 -1.977 -56.875 -10.036 28.125 -56.875 -15.000
3 16 2.836 -56.875 -6.767 1.645 -56.875 -6.875 -1.977 -56.875 -10.036
3 16 1.645 -56.875 -6.875 -0.459 -56.875 -8.036 -1.977 -56.875 -10.036
3 16 1.645 -56.875 -6.875 -0.207 -56.875 -7.703 -0.459 -56.875 -8.036
3 16 -8.191 -56.875 -14.165 28.125 -56.875 -15.000 -5.898 -56.875 -13.144
3 16 -8.191 -56.875 -14.165 -10.623 -56.875 -14.790 28.125 -56.875 -15.000
3 16 -10.623 -56.875 -14.790 -13.125 -56.875 -15.000 28.125 -56.875 -15.000
3 16 6.053 -56.875 5.259 28.125 -56.875 15.000 5.074 -56.875 5.947
3 16 6.053 -56.875 5.259 6.897 -56.875 4.412 28.125 -56.875 15.000
3 16 6.897 -56.875 4.412 7.582 -56.875 3.432 28.125 -56.875 15.000
3 16 2.836 -56.875 6.767 28.125 -56.875 15.000 1.645 -56.875 6.875
3 16 2.836 -56.875 6.767 3.991 -56.875 6.455 28.125 -56.875 15.000
3 16 3.991 -56.875 6.455 5.074 -56.875 5.947 28.125 -56.875 15.000
3 16 8.087 -56.875 2.347 28.125 -56.875 15.000 7.582 -56.875 3.432
3 16 8.087 -56.875 2.347 8.396 -56.875 1.192 28.125 -56.875 15.000
3 16 8.396 -56.875 1.192 28.125 -56.875 -15.000 28.125 -56.875 15.000
3 16 8.396 -56.875 1.192 8.500 -56.875 0.000 28.125 -56.875 -15.000
3 16 8.500 -56.875 0.000 8.396 -56.875 -1.192 28.125 -56.875 -15.000
3 16 0.444 -56.875 -7.186 0.097 -56.875 -7.417 0.825 -56.875 -7.016
3 16 1.645 -56.875 -6.875 0.097 -56.875 -7.417 -0.207 -56.875 -7.703
3 16 1.645 -56.875 -6.875 1.229 -56.875 -6.911 0.097 -56.875 -7.417
3 16 1.229 -56.875 -6.911 0.825 -56.875 -7.016 0.097 -56.875 -7.417
3 16 -10.623 -56.875 14.790 28.125 -56.875 15.000 -13.125 -56.875 15.000
3 16 -10.623 -56.875 14.790 -8.191 -56.875 14.165 28.125 -56.875 15.000
3 16 -8.191 -56.875 14.165 -5.898 -56.875 13.144 28.125 -56.875 15.000
3 16 0.097 -56.875 7.417 -0.459 -56.875 8.036 -0.207 -56.875 7.703
3 16 0.097 -56.875 7.417 0.444 -56.875 7.186 -0.459 -56.875 8.036
3 16 0.444 -56.875 7.186 0.825 -56.875 7.016 -0.459 -56.875 8.036
3 16 -3.807 -56.875 11.755 28.125 -56.875 15.000 -5.898 -56.875 13.144
3 16 -3.807 -56.875 11.755 -1.977 -56.875 10.036 28.125 -56.875 15.000
3 16 -1.977 -56.875 10.036 1.645 -56.875 6.875 28.125 -56.875 15.000
3 16 -1.977 -56.875 10.036 -0.459 -56.875 8.036 1.645 -56.875 6.875
3 16 -0.459 -56.875 8.036 1.229 -56.875 6.911 1.645 -56.875 6.875
3 16 -0.459 -56.875 8.036 0.825 -56.875 7.016 1.229 -56.875 6.911
3 16 -40.500 -52.750 15.000 -40.500 -45.750 1.500 -40.500 -52.750 1.500
3 16 -40.500 -52.750 15.000 -40.500 -45.750 15.000 -40.500 -45.750 1.500
3 16 40.500 -52.750 -15.000 40.500 -45.750 -1.500 40.500 -52.750 -1.500
3 16 40.500 -52.750 -15.000 40.500 -45.750 -15.000 40.500 -45.750 -1.500
3 16 -13.125 -56.875 15.000 -15.594 -56.875 14.795 -13.125 -71.875 15.000
3 16 -15.594 -56.875 14.795 -15.594 -71.875 14.795 -13.125 -71.875 15.000
3 16 -15.594 -56.875 14.795 -17.995 -56.875 14.187 -15.594 -71.875 14.795
3 16 -17.995 -56.875 14.187 -17.995 -71.875 14.187 -15.594 -71.875 14.795
3 16 -17.995 -56.875 14.187 -20.264 -56.875 13.192 -17.995 -71.875 14.187
3 16 -20.264 -56.875 13.192 -20.264 -71.875 13.192 -17.995 -71.875 14.187
3 16 -20.264 -56.875 13.192 -22.338 -56.875 11.837 -20.264 -71.875 13.192
3 16 -22.338 -56.875 11.837 -22.338 -71.875 11.837 -20.264 -71.875 13.192
3 16 -22.338 -56.875 11.837 -24.161 -56.875 10.159 -22.338 -71.875 11.837
3 16 -24.161 -56.875 10.159 -24.161 -71.875 10.159 -22.338 -71.875 11.837
3 16 -24.161 -56.875 10.159 -25.682 -56.875 8.204 -24.161 -71.875 10.159
3 16 -25.682 -56.875 8.204 -25.682 -71.875 8.204 -24.161 -71.875 10.159
3 16 -25.682 -56.875 8.204 -26.862 -56.875 6.025 -25.682 -71.875 8.204
3 16 -26.862 -56.875 6.025 -26.862 -71.875 6.025 -25.682 -71.875 8.204
3 16 -26.862 -56.875 6.025 -27.666 -56.875 3.682 -26.862 -71.875 6.025
3 16 -27.666 -56.875 3.682 -27.666 -71.875 3.682 -26.862 -71.875 6.025
3 16 -27.666 -56.875 3.682 -28.074 -56.875 1.239 -27.666 -71.875 3.682
3 16 -28.074 -56.875 1.239 -28.074 -71.875 1.239 -27.666 -71.875 3.682
3 16 -28.074 -56.875 1.239 -28.125 -56.875 0.000 -28.074 -71.875 1.239
3 16 -28.125 -56.875 0.000 -28.074 -71.875 -1.239 -28.074 -71.875 1.239
3 16 -28.074 -56.875 -1.239 -28.074 -71.875 -1.239 -28.125 -56.875 0.000
3 16 -28.074 -56.875 -1.239 -27.666 -56.875 -3.682 -28.074 -71.875 -1.239
3 16 -27.666 -56.875 -3.682 -27.666 -71.875 -3.682 -28.074 -71.875 -1.239
3 16 -27.666 -56.875 -3.682 -26.862 -56.875 -6.025 -27.666 -71.875 -3.682
3 16 -26.862 -56.875 -6.025 -26.862 -71.875 -6.025 -27.666 -71.875 -3.682
3 16 -26.862 -56.875 -6.025 -25.682 -56.875 -8.204 -26.862 -71.875 -6.025
3 16 -25.682 -56.875 -8.204 -25.682 -71.875 -8.204 -26.862 -71.875 -6.025
3 16 -25.682 -56.875 -8.204 -24.161 -56.875 -10.159 -25.682 -71.875 -8.204
3 16 -24.161 -56.875 -10.159 -24.161 -71.875 -10.159 -25.682 -71.875 -8.204
3 16 -24.161 -56.875 -10.159 -22.338 -56.875 -11.837 -24.161 -71.875 -10.159
3 16 -22.338 -56.875 -11.837 -22.338 -71.875 -11.837 -24.161 -71.875 -10.159
3 16 -22.338 -56.875 -11.837 -20.264 -56.875 -13.192 -22.338 -71.875 -11.837
3 16 -20.264 -56.875 -13.192 -20.264 -71.875 -13.192 -22.338 -71.875 -11.837
3 16 -20.264 -56.875 -13.192 -17.995 -56.875 -14.187 -20.264 -71.875 -13.192
3 16 -17.995 -56.875 -14.187 -17.995 -71.875 -14.187 -20.264 -71.875 -13.192
3 16 -17.995 -56.875 -14.187 -15.594 -56.875 -14.795 -17.995 -71.875 -14.187
3 16 -15.594 -56.875 -14.795 -15.594 -71.875 -14.795 -17.995 -71.875 -14.187
3 16 -15.594 -56.875 -14.795 -13.125 -56.875 -15.000 -15.594 -71.875 -14.795
3 16 -13.125 -56.875 -15.000 -13.125 -71.875 -15.000 -15.594 -71.875 -14.795
3 16 -13.125 -56.875 -15.000 -10.623 -56.875 -14.790 -13.125 -71.875 -15.000
3 16 -10.623 -56.875 -14.790 -10.623 -71.875 -14.790 -13.125 -71.875 -15.000
3 16 -10.623 -56.875 -14.790 -8.191 -56.875 -14.165 -10.623 -71.875 -14.790
3 16 -8.191 -56.875 -14.165 -8.191 -71.875 -14.165 -10.623 -71.875 -14.790
3 16 -8.191 -56.875 -14.165 -5.898 -56.875 -13.144 -8.191 -71.875 -14.165
3 16 -5.898 -56.875 -13.144 -5.898 -71.875 -13.144 -8.191 -71.875 -14.165
3 16 -5.898 -56.875 -13.144 -3.807 -56.875 -11.755 -5.898 -71.875 -13.144
3 16 -3.807 -56.875 -11.755 -3.807 -71.875 -11.755 -5.898 -71.875 -13.144
3 16 -3.807 -56.875 -11.755 -1.977 -56.875 -10.036 -3.807 -71.875 -11.755
3 16 -1.977 -56.875 -10.036 -1.977 -71.875 -10.036 -3.807 -71.875 -11.755
3 16 -1.977 -56.875 -10.036 -0.459 -56.875 -8.036 -1.977 -71.875 -10.036
3 16 -0.459 -56.875 -8.036 -0.459 -71.875 -8.036 -1.977 -71.875 -10.036
3 16 -13.125 -71.875 -6.250 -12.040 -71.875 -6.155 -13.125 -81.875 -6.250
3 16 -12.040 -71.875 -6.155 -12.040 -81.875 -6.155 -13.125 -81.875 -6.250
3 16 -12.040 -71.875 -6.155 -10.987 -71.875 -5.873 -12.040 -81.875 -6.155
3 16 -10.987 -71.875 -5.873 -10.987 -81.875 -5.873 -12.040 -81.875 -6.155
3 16 -10.987 -71.875 -5.873 -10.000 -71.875 -5.413 -10.987 -81.875 -5.873
3 16 -10.000 -71.875 -5.413 -10.000 -81.875 -5.413 -10.987 -81.875 -5.873
3 16 -10.000 -71.875 -5.413 -9.108 -71.875 -4.788 -10.000 -81.875 -5.413
3 16 -9.108 -71.875 -4.788 -9.108 -81.875 -4.788 -10.000 -81.875 -5.413
3 16 -9.108 -71.875 -4.788 -8.337 -71.875 -4.017 -9.108 -81.875 -4.788
3 16 -8.337 -71.875 -4.017 -8.337 -81.875 -4.017 -9.108 -81.875 -4.788
3 16 -8.337 -71.875 -4.017 -7.712 -71.875 -3.125 -8.337 -81.875 -4.017
3 16 -7.712 -71.875 -3.125 -7.712 -81.875 -3.125 -8.337 -81.875 -4.017
3 16 -7.712 -71.875 -3.125 -7.252 -71.875 -2.138 -7.712 -81.875 -3.125
3 16 -7.252 -71.875 -2.138 -7.252 -81.875 -2.138 -7.712 -81.875 -3.125
3 16 -7.252 -71.875 -2.138 -6.970 -71.875 -1.085 -7.252 -81.875 -2.138
3 16 -6.970 -71.875 -1.085 -6.970 -81.875 -1.085 -7.252 -81.875 -2.138
3 16 -6.970 -71.875 -1.085 -6.875 -71.875 0.000 -6.970 -81.875 -1.085
3 16 -6.875 -71.875 0.000 -6.875 -81.875 0.000 -6.970 -81.875 -1.085
3 16 -6.875 -71.875 0.000 -6.970 -71.875 1.085 -6.875 -81.875 0.000
3 16 -6.970 -71.875 1.085 -6.970 -81.875 1.085 -6.875 -81.875 0.000
3 16 -6.970 -71.875 1.085 -7.252 -71.875 2.138 -6.970 -81.875 1.085
3 16 -7.252 -71.875 2.138 -7.252 -81.875 2.138 -6.970 -81.875 1.085
3 16 -7.252 -71.875 2.138 -7.712 -71.875 3.125 -7.252 -81.875 2.138
3 16 -7.712 -71.875 3.125 -7.712 -81.875 3.125 -7.252 -81.875 2.138
3 16 -7.712 -71.875 3.125 -8.337 -71.875 4.017 -7.712 -81.875 3.125
3 16 -8.337 -71.875 4.017 -8.337 -81.875 4.017 -7.712 -81.875 3.125
3 16 -8.337 -71.875 4.017 -9.108 -71.875 4.788 -8.337 -81.875 4.017
3 16 -9.108 -71.875 4.788 -9.108 -81.875 4.788 -8.337 -81.875 4.017
3 16 -9.108 -71.875 4.788 -10.000 -71.875 5.413 -9.108 -81.875 4.788
3 16 -10.000 -71.875 5.413 -10.000 -81.875 5.413 -9.108 -81.875 4.788
3 16 -10.000 -71.875 5.413 -10.987 -71.875 5.873 -10.000 -81.875 5.413
3 16 -10.987 -71.875 5.873 -10.987 -81.875 5.873 -10.000 -81.875 5.413
3 16 -10.987 -71.875 5.873 -12.040 -71.875 6.155 -10.987 -81.875 5.873
3 16 -12.040 -71.875 6.155 -12.040 -81.875 6.155 -10.987 -81.875 5.873
3 16 -12.040 -71.875 6.155 -13.125 -71.875 6.250 -12.040 -81.875 6.155
3 16 -13.125 -71.875 6.250 -13.125 -81.875 6.250 -12.040 -81.875 6.155
3 16 -34.500 -52.750 -2.500 -34.066 -45.750 -2.462 -34.500 -45.750 -2.500
3 16 -34.500 -52.750 -2.500 -34.066 -52.750 -2.462 -34.066 -45.750 -2.462
3 16 -34.066 -52.750 -2.462 -33.645 -45.750 -2.349 -34.066 -45.750 -2.462
3 16 -34.066 -52.750 -2.462 -33.645 -52.750 -2.349 -33.645 -45.750 -2.349
3 16 -33.645 -52.750 -2.349 -33.250 -45.750 -2.165 -33.645 -45.750 -2.349
3 16 -33.645 -52.750 -2.349 -33.250 -52.750 -2.165 -33.250 -45.750 -2.165
3 16 -33.250 -52.750 -2.165 -32.893 -45.750 -1.915 -33.250 -45.750 -2.165
3 16 -33.250 -52.750 -2.165 -32.893 -52.750 -1.915 -32.893 -45.750 -1.915
3 16 -32.893 -52.750 -1.915 -32.585 -45.750 -1.607 -32.893 -45.750 -1.915
3 16 -32.893 -52.750 -1.915 -32.585 -52.750 -1.607 -32.585 -45.750 -1.607
3 16 -32.585 -52.750 -1.607 -32.335 -45.750 -1.250 -32.585 -45.750 -1.607
3 16 -32.585 -52.750 -1.607 -32.335 -52.750 -1.250 -32.335 -45.750 -1.250
3 16 -32.335 -52.750 -1.250 -32.151 -45.750 -0.855 -32.335 -45.750 -1.250
3 16 -32.335 -52.750 -1.250 -32.151 -52.750 -0.855 -32.151 -45.750 -0.855
3 16 -32.151 -52.750 -0.855 -32.038 -45.750 -0.434 -32.151 -45.750 -0.855
3 16 -32.151 -52.750 -0.855 -32.038 -52.750 -0.434 -32.038 -45.750 -0.434
3 16 -32.038 -52.750 -0.434 -32.000 -45.750 0.000 -32.038 -45.750 -0.434
3 16 -32.038 -52.750 -0.434 -32.000 -52.750 0.000 -32.000 -45.750 0.000
3 16 -32.000 -52.750 0.000 -32.038 -45.750 0.434 -32.000 -45.750 0.000
3 16 -32.000 -52.750 0.000 -32.038 -52.750 0.434 -32.038 -45.750 0.434
3 16 -32.038 -52.750 0.434 -32.151 -45.750 0.855 -32.038 -45.750 0.434
3 16 -32.038 -52.750 0.434 -32.151 -52.750 0.855 -32.151 -45.750 0.855
3 16 -32.151 -52.750 0.855 -32.335 -45.750 1.250 -32.151 -45.750 0.855
3 16 -32.151 -52.750 0.855 -32.335 -52.750 1.250 -32.335 -45.750 1.250
3 16 -32.335 -52.750 1.250 -32.585 -45.750 1.607 -32.335 -45.750 1.250
3 16 -32.335 -52.750 1.250 -32.585 -52.750 1.607 -32.585 -45.750 1.607
3 16 -32.585 -52.750 1.607 -32.893 -45.750 1.915 -32.585 -45.750 1.607
3 16 -32.585 -52.750 1.607 -32.893 -52.750 1.915 -32.893 -45.750 1.915
3 16 -32.893 -52.750 1.915 -33.250 -45.750 2.165 -32.893 -45.750 1.915
3 16 -32.893 -52.750 1.915 -33.250 -52.750 2.165 -33.250 -45.750 2.165
3 16 -33.250 -52.750 2.165 -33.645 -45.750 2.349 -33.250 -45.750 2.165
3 16 -33.250 -52.750 2.165 -33.645 -52.750 2.349 -33.645 -45.750 2.349
3 16 -33.645 -52.750 2.349 -34.066 -45.750 2.462 -33.645 -45.750 2.349
3 16 -33.645 -52.750 2.349 -34.066 -52.750 2.462 -34.066 -45.750 2.462
3 16 -34.066 -52.750 2.462 -34.500 -45.750 2.500 -34.066 -45.750 2.462
3 16 -34.066 -52.750 2.462 -34.500 -52.750 2.500 -34.500 -45.750 2.500
3 16 -34.500 -52.750 2.500 -34.884 -45.750 2.470 -34.500 -45.750 2.500
3 16 -34.500 -52.750 2.500 -34.884 -52.750 2.470 -34.884 -45.750 2.470
3 16 -34.884 -52.750 2.470 -35.260 -45.750 2.382 -34.884 -45.750 2.470
3 16 -34.884 -52.750 2.470 -35.260 -52.750 2.382 -35.260 -45.750 2.382
3 16 -35.260 -52.750 2.382 -35.617 -45.750 2.237 -35.260 -45.750 2.382
3 16 -35.260 -52.750 2.382 -35.617 -52.750 2.237 -35.617 -45.750 2.237
3 16 -35.617 -52.750 2.237 -35.948 -45.750 2.038 -35.617 -45.750 2.237
3 16 -35.617 -52.750 2.237 -35.948 -52.750 2.038 -35.948 -45.750 2.038
3 16 -35.948 -52.750 2.038 -36.244 -45.750 1.791 -35.948 -45.750 2.038
3 16 -35.948 -52.750 2.038 -36.244 -52.750 1.791 -36.244 -45.750 1.791
3 16 -36.244 -52.750 1.791 -36.499 -45.750 1.502 -36.244 -45.750 1.791
3 16 -36.244 -52.750 1.791 -36.499 -52.750 1.502 -36.499 -45.750 1.502
3 16 34.500 -52.750 -2.500 34.885 -45.750 -2.470 34.500 -45.750 -2.500
3 16 34.500 -52.750 -2.500 34.885 -52.750 -2.470 34.885 -45.750 -2.470
3 16 34.885 -52.750 -2.470 35.261 -45.750 -2.382 34.885 -45.750 -2.470
3 16 34.885 -52.750 -2.470 35.261 -52.750 -2.382 35.261 -45.750 -2.382
3 16 35.261 -52.750 -2.382 35.618 -45.750 -2.236 35.261 -45.750 -2.382
3 16 35.261 -52.750 -2.382 35.618 -52.750 -2.236 35.618 -45.750 -2.236
3 16 35.618 -52.750 -2.236 35.949 -45.750 -2.037 35.618 -45.750 -2.236
3 16 35.618 -52.750 -2.236 35.949 -52.750 -2.037 35.949 -45.750 -2.037
3 16 35.949 -52.750 -2.037 36.245 -45.750 -1.790 35.949 -45.750 -2.037
3 16 35.949 -52.750 -2.037 36.245 -52.750 -1.790 36.245 -45.750 -1.790
3 16 36.245 -52.750 -1.790 36.500 -45.750 -1.500 36.245 -45.750 -1.790
3 16 36.245 -52.750 -1.790 36.500 -52.750 -1.500 36.500 -45.750 -1.500
3 16 34.500 -52.750 2.500 34.066 -45.750 2.462 34.500 -45.750 2.500
3 16 34.500 -52.750 2.500 34.066 -52.750 2.462 34.066 -45.750 2.462
3 16 34.066 -52.750 2.462 33.645 -45.750 2.349 34.066 -45.750 2.462
3 16 34.066 -52.750 2.462 33.645 -52.750 2.349 33.645 -45.750 2.349
3 16 33.645 -52.750 2.349 33.250 -45.750 2.165 33.645 -45.750 2.349
3 16 33.645 -52.750 2.349 33.250 -52.750 2.165 33.250 -45.750 2.165
3 16 33.250 -52.750 2.165 32.893 -45.750 1.915 33.250 -45.750 2.165
3 16 33.250 -52.750 2.165 32.893 -52.750 1.915 32.893 -45.750 1.915
3 16 32.893 -52.750 1.915 32.585 -45.750 1.607 32.893 -45.750 1.915
3 16 32.893 -52.750 1.915 32.585 -52.750 1.607 32.585 -45.750 1.607
3 16 32.585 -52.750 1.607 32.335 -45.750 1.250 32.585 -45.750 1.607
3 16 32.585 -52.750 1.607 32.335 -52.750 1.250 32.335 -45.750 1.250
3 16 32.335 -52.750 1.250 32.151 -45.750 0.855 32.335 -45.750 1.250
3 16 32.335 -52.750 1.250 32.151 -52.750 0.855 32.151 -45.750 0.855
3 16 32.151 -52.750 0.855 32.038 -45.750 0.434 32.151 -45.750 0.855
3 16 32.151 -52.750 0.855 32.038 -52.750 0.434 32.038 -45.750 0.434
3 16 32.038 -52.750 0.434 32.000 -45.750 0.000 32.038 -45.750 0.434
3 16 32.038 -52.750 0.434 32.000 -52.750 0.000 32.000 -45.750 0.000
3 16 32.000 -52.750 0.000 32.038 -45.750 -0.434 32.000 -45.750 0.000
3 16 32.000 -52.750 0.000 32.038 -52.750 -0.434 32.038 -45.750 -0.434
3 16 32.038 -52.750 -0.434 32.151 -45.750 -0.855 32.038 -45.750 -0.434
3 16 32.038 -52.750 -0.434 32.151 -52.750 -0.855 32.151 -45.750 -0.855
3 16 32.151 -52.750 -0.855 32.335 -45.750 -1.250 32.151 -45.750 -0.855
3 16 32.151 -52.750 -0.855 32.335 -52.750 -1.250 32.335 -45.750 -1.250
3 16 32.335 -52.750 -1.250 32.585 -45.750 -1.607 32.335 -45.750 -1.250
3 16 32.335 -52.750 -1.250 32.585 -52.750 -1.607 32.585 -45.750 -1.607
3 16 32.585 -52.750 -1.607 32.893 -45.750 -1.915 32.585 -45.750 -1.607
3 16 32.585 -52.750 -1.607 32.893 -52.750 -1.915 32.893 -45.750 -1.915
3 16 32.893 -52.750 -1.915 33.250 -45.750 -2.165 32.893 -45.750 -1.915
3 16 32.893 -52.750 -1.915 33.250 -52.750 -2.165 33.250 -45.750 -2.165
3 16 33.250 -52.750 -2.165 33.645 -45.750 -2.349 33.250 -45.750 -2.165
3 16 33.250 -52.750 -2.165 33.645 -52.750 -2.349 33.645 -45.750 -2.349
3 16 33.645 -52.750 -2.349 34.066 -45.750 -2.462 33.645 -45.750 -2.349
3 16 33.645 -52.750 -2.349 34.066 -52.750 -2.462 34.066 -45.750 -2.462
3 16 34.066 -52.750 -2.462 34.500 -45.750 -2.500 34.066 -45.750 -2.462
3 16 34.066 -52.750 -2.462 34.500 -52.750 -2.500 34.500 -45.750 -2.500
3 16 -13.125 -81.875 3.125 -13.668 -61.875 3.078 -13.125 -61.875 3.125
3 16 -13.125 -81.875 3.125 -13.668 -81.875 3.078 -13.668 -61.875 3.078
3 16 -13.668 -81.875 3.078 -14.194 -61.875 2.937 -13.668 -61.875 3.078
3 16 -13.668 -81.875 3.078 -14.194 -81.875 2.937 -14.194 -61.875 2.937
3 16 -14.194 -81.875 2.937 -14.688 -61.875 2.706 -14.194 -61.875 2.937
3 16 -14.194 -81.875 2.937 -14.688 -81.875 2.706 -14.688 -61.875 2.706
3 16 -14.688 -81.875 2.706 -15.134 -61.875 2.394 -14.688 -61.875 2.706
3 16 -14.688 -81.875 2.706 -15.134 -81.875 2.394 -15.134 -61.875 2.394
3 16 -15.134 -81.875 2.394 -15.519 -61.875 2.009 -15.134 -61.875 2.394
3 16 -15.134 -81.875 2.394 -15.519 -81.875 2.009 -15.519 -61.875 2.009
3 16 -15.519 -81.875 2.009 -15.831 -61.875 1.563 -15.519 -61.875 2.009
3 16 -15.519 -81.875 2.009 -15.831 -81.875 1.563 -15.831 -61.875 1.563
3 16 -15.831 -81.875 1.563 -16.062 -61.875 1.069 -15.831 -61.875 1.563
3 16 -15.831 -81.875 1.563 -16.062 -81.875 1.069 -16.062 -61.875 1.069
3 16 -16.062 -81.875 1.069 -16.203 -61.875 0.543 -16.062 -61.875 1.069
3 16 -16.062 -81.875 1.069 -16.203 -81.875 0.543 -16.203 -61.875 0.543
3 16 -16.203 -81.875 0.543 -16.250 -61.875 0.000 -16.203 -61.875 0.543
3 16 -16.203 -81.875 0.543 -16.250 -81.875 0.000 -16.250 -61.875 0.000
3 16 -16.250 -81.875 0.000 -16.203 -61.875 -0.543 -16.250 -61.875 0.000
3 16 -16.250 -81.875 0.000 -16.203 -81.875 -0.543 -16.203 -61.875 -0.543
3 16 -16.203 -81.875 -0.543 -16.062 -61.875 -1.069 -16.203 -61.875 -0.543
3 16 -16.203 -81.875 -0.543 -16.062 -81.875 -1.069 -16.062 -61.875 -1.069
3 16 -16.062 -81.875 -1.069 -15.831 -61.875 -1.563 -16.062 -61.875 -1.069
3 16 -16.062 -81.875 -1.069 -15.831 -81.875 -1.563 -15.831 -61.875 -1.563
3 16 -15.831 -81.875 -1.563 -15.519 -61.875 -2.009 -15.831 -61.875 -1.563
3 16 -15.831 -81.875 -1.563 -15.519 -81.875 -2.009 -15.519 -61.875 -2.009
3 16 -15.519 -81.875 -2.009 -15.134 -61.875 -2.394 -15.519 -61.875 -2.009
3 16 -15.519 -81.875 -2.009 -15.134 -81.875 -2.394 -15.134 -61.875 -2.394
3 16 -15.134 -81.875 -2.394 -14.688 -61.875 -2.706 -15.134 -61.875 -2.394
3 16 -15.134 -81.875 -2.394 -14.688 -81.875 -2.706 -14.688 -61.875 -2.706
3 16 -14.688 -81.875 -2.706 -14.194 -61.875 -2.937 -14.688 -61.875 -2.706
3 16 -14.688 -81.875 -2.706 -14.194 -81.875 -2.937 -14.194 -61.875 -2.937
3 16 -14.194 -81.875 -2.937 -13.668 -61.875 -3.078 -14.194 -61.875 -2.937
3 16 -14.194 -81.875 -2.937 -13.668 -81.875 -3.078 -13.668 -61.875 -3.078
3 16 -13.668 -81.875 -3.078 -13.125 -61.875 -3.125 -13.668 -61.875 -3.078
3 16 -13.668 -81.875 -3.078 -13.125 -81.875 -3.125 -13.125 -61.875 -3.125
2 24 8.087 -56.875 2.347 7.582 -56.875 3.432
2 24 -33.645 -45.750 2.349 -34.066 -45.750 2.462
2 24 -34.500 -52.750 2.500 -34.884 -52.750 2.470
2 24 -20.264 -56.875 13.192 -22.338 -56.875 11.837
2 24 -27.666 -56.875 3.682 -28.074 -56.875 1.239
2 24 -16.062 -61.875 -1.069 -16.203 -61.875 -0.543
2 24 36.500 -52.750 1.500 36.245 -52.750 1.790
2 24 -35.589 -52.750 -2.250 -35.914 -52.750 -2.062
2 24 -25.682 -71.875 8.204 -26.862 -71.875 6.025
2 24 -24.161 -71.875 10.159 -25.682 -71.875 8.204
2 24 -13.125 -61.875 -3.125 -13.668 -61.875 -3.078
2 24 -17.995 -56.875 -14.187 -20.264 -56.875 -13.192
2 24 34.066 -45.750 -2.462 33.645 -45.750 -2.349
2 24 -15.831 -81.875 1.563 -16.062 -81.875 1.069
2 24 -15.134 -81.875 2.394 -15.519 -81.875 2.009
2 24 -6.875 -71.875 0.000 -6.970 -71.875 1.085
2 24 -32.038 -45.750 0.434 -32.151 -45.750 0.855
2 24 34.500 -52.750 -2.500 34.066 -52.750 -2.462
2 24 -6.875 -81.875 0.000 -6.970 -81.875 -1.085
2 24 -16.250 -61.875 0.000 -16.203 -61.875 0.543
2 24 -10.188 -81.875 -1.069 -10.419 -81.875 -1.563
2 24 -35.260 -52.750 2.382 -35.617 -52.750 2.237
2 24 -36.244 -52.750 1.791 -36.499 -52.750 1.502
2 24 -10.731 -81.875 -2.009 -11.116 -81.875 -2.394
2 24 -34.874 -45.750 -2.472 -35.240 -45.750 -2.388
2 24 -35.948 -52.750 2.038 -36.244 -52.750 1.791
2 24 32.585 -45.750 -1.607 32.335 -45.750 -1.250
2 24 -15.831 -61.875 -1.563 -16.062 -61.875 -1.069
2 24 -13.668 -61.875 -3.078 -14.194 -61.875 -2.937
2 24 35.618 -45.750 2.236 35.261 -45.750 2.382
2 24 -13.125 -71.875 -6.250 -14.210 -71.875 -6.155
2 24 34.066 -52.750 -2.462 33.645 -52.750 -2.349
2 24 -16.250 -81.875 0.000 -16.203 -81.875 0.543
2 24 -13.125 -56.875 15.000 -15.594 -56.875 14.795
2 24 -34.500 -45.750 -2.500 -34.874 -45.750 -2.472
2 24 -8.337 -81.875 -4.017 -9.108 -81.875 -4.788
2 24 -33.645 -52.750 -2.349 -34.066 -52.750 -2.462
2 24 -15.519 -61.875 -2.009 -15.831 -61.875 -1.563
2 24 -14.194 -61.875 -2.937 -14.688 -61.875 -2.706
2 24 -12.582 -81.875 -3.078 -13.125 -81.875 -3.125
2 24 -13.125 -71.875 6.250 -14.210 -71.875 6.155
2 24 -28.074 -71.875 -1.239 -28.074 -71.875 1.239
2 24 3.991 -56.875 6.455 2.836 -56.875 6.767
2 24 -16.062 -61.875 1.069 -16.203 -61.875 0.543
2 24 -14.688 -61.875 2.706 -15.134 -61.875 2.394
2 24 8.396 -56.875 1.192 8.087 -56.875 2.347
2 24 -13.125 -56.875 -15.000 -28.125 -56.875 -15.000
2 24 -34.066 -45.750 -2.462 -34.500 -45.750 -2.500
2 24 -35.617 -45.750 2.237 -35.948 -45.750 2.038
2 24 -35.948 -45.750 2.038 -36.244 -45.750 1.791
2 24 -32.893 -52.750 -1.915 -33.250 -52.750 -2.165
2 24 -15.134 -61.875 -2.394 -15.519 -61.875 -2.009
2 24 -11.563 -61.875 2.706 -12.056 -61.875 2.937
2 24 -10.731 -61.875 2.009 -11.116 -61.875 2.394
2 24 -14.688 -61.875 -2.706 -15.134 -61.875 -2.394
2 24 35.949 -52.750 2.037 35.618 -52.750 2.236
2 24 35.618 -52.750 2.236 35.261 -52.750 2.382
2 24 -14.210 -81.875 6.155 -15.263 -81.875 5.873
2 24 -14.210 -71.875 -6.155 -15.263 -71.875 -5.873
2 24 -3.807 -56.875 11.755 -5.898 -56.875 13.144
2 24 -8.191 -56.875 14.165 -10.623 -56.875 14.790
2 24 5.074 -56.875 5.947 3.991 -56.875 6.455
2 24 -6.970 -81.875 1.085 -7.252 -81.875 2.138
2 24 0.444 -56.875 7.186 0.097 -56.875 7.417
2 24 0.825 -56.875 7.016 0.444 -56.875 7.186
2 24 6.053 -56.875 5.259 5.074 -56.875 5.947
2 24 -7.252 -71.875 2.138 -7.712 -71.875 3.125
2 24 33.250 -52.750 -2.165 32.893 -52.750 -1.915
2 24 6.897 -56.875 4.412 6.053 -56.875 5.259
2 24 -24.161 -56.875 -10.159 -25.682 -56.875 -8.204
2 24 -15.519 -61.875 2.009 -15.831 -61.875 1.563
2 24 -32.335 -45.750 -1.250 -32.585 -45.750 -1.607
2 24 -19.280 -71.875 -1.085 -19.375 -71.875 0.000
2 24 -20.264 -71.875 13.192 -22.338 -71.875 11.837
2 24 -15.831 -61.875 1.563 -16.062 -61.875 1.069
2 24 -15.134 -61.875 2.394 -15.519 -61.875 2.009
2 24 40.500 -52.750 -15.000 28.125 -52.750 -15.000
2 24 -28.125 -52.750 -15.000 -40.500 -52.750 -15.000
2 24 -33.645 -45.750 -2.349 -34.066 -45.750 -2.462
2 24 -10.419 -61.875 1.563 -10.731 -61.875 2.009
2 24 36.245 -52.750 1.790 35.949 -52.750 2.037
2 24 0.097 -56.875 7.417 -0.207 -56.875 7.703
2 24 -1.977 -56.875 10.036 -3.807 -56.875 11.755
2 24 -10.000 -81.875 0.000 -10.047 -81.875 0.543
2 24 35.949 -45.750 2.037 35.618 -45.750 2.236
2 24 -19.280 -81.875 1.085 -19.375 -81.875 0.000
2 24 -15.594 -71.875 -14.795 -17.995 -71.875 -14.187
2 24 -10.188 -61.875 1.069 -10.419 -61.875 1.563
2 24 -14.194 -81.875 2.937 -14.688 -81.875 2.706
2 24 -0.207 -56.875 7.703 -1.977 -56.875 10.036
2 24 -6.970 -71.875 1.085 -7.252 -71.875 2.138
2 24 -32.151 -52.750 0.855 -32.335 -52.750 1.250
2 24 -12.056 -81.875 -2.937 -12.582 -81.875 -3.078
2 24 -35.914 -52.750 -2.062 -36.207 -52.750 -1.827
2 24 -32.893 -52.750 1.915 -33.250 -52.750 2.165
2 24 -6.875 -81.875 0.000 -6.970 -81.875 1.085
2 24 -14.210 -71.875 6.155 -15.263 -71.875 5.873
2 24 1.645 -56.875 6.875 1.229 -56.875 6.911
2 24 40.500 -52.750 15.000 28.125 -52.750 15.000
2 24 -28.125 -52.750 15.000 -40.500 -52.750 15.000
2 24 -40.500 -52.750 -15.000 -40.500 -52.750 -1.551
2 24 -40.500 -52.750 1.500 -40.500 -52.750 15.000
2 24 -16.203 -81.875 -0.543 -16.250 -81.875 0.000
2 24 -12.056 -61.875 2.937 -12.582 -61.875 3.078
2 24 -13.668 -81.875 3.078 -14.194 -81.875 2.937
2 24 1.229 -56.875 6.911 0.825 -56.875 7.016
2 24 -10.623 -56.875 14.790 -13.125 -56.875 15.000
2 24 -17.995 -71.875 -14.187 -20.264 -71.875 -13.192
2 24 36.245 -45.750 1.790 35.949 -45.750 2.037
2 24 -16.250 -81.875 5.413 -17.142 -81.875 4.788
2 24 -18.998 -81.875 2.138 -19.280 -81.875 1.085
2 24 -26.862 -71.875 6.025 -27.666 -71.875 3.682
2 24 -22.338 -71.875 11.837 -24.161 -71.875 10.159
2 24 -32.585 -52.750 -1.607 -32.893 -52.750 -1.915
2 24 34.885 -52.750 2.470 34.500 -52.750 2.500
2 24 -18.538 -81.875 3.125 -18.998 -81.875 2.138
2 24 -16.062 -81.875 1.069 -16.203 -81.875 0.543
2 24 -17.142 -81.875 4.788 -17.913 -81.875 4.017
2 24 -13.125 -71.875 -15.000 -15.594 -71.875 -14.795
2 24 -13.125 -61.875 3.125 -13.668 -61.875 3.078
2 24 -36.207 -45.750 -1.827 -36.461 -45.750 -1.551
2 24 -14.688 -81.875 2.706 -15.134 -81.875 2.394
2 24 -15.263 -71.875 5.873 -16.250 -71.875 5.413
2 24 -12.040 -71.875 -6.155 -13.125 -71.875 -6.250
2 24 -32.335 -45.750 1.250 -32.585 -45.750 1.607
2 24 -32.585 -45.750 1.607 -32.893 -45.750 1.915
2 24 32.893 -45.750 -1.915 32.585 -45.750 -1.607
2 24 -16.203 -61.875 -0.543 -16.250 -61.875 0.000
2 24 36.500 -45.750 1.500 36.245 -45.750 1.790
2 24 -35.589 -45.750 -2.250 -35.914 -45.750 -2.062
2 24 -15.519 -81.875 2.009 -15.831 -81.875 1.563
2 24 8.396 -71.875 1.192 8.087 -71.875 2.347
2 24 -28.074 -56.875 1.239 -28.125 -56.875 0.000
2 24 -34.874 -52.750 -2.472 -35.240 -52.750 -2.388
2 24 -16.250 -71.875 5.413 -17.142 -71.875 4.788
2 24 32.585 -52.750 -1.607 32.335 -52.750 -1.250
2 24 -35.914 -45.750 -2.062 -36.207 -45.750 -1.827
2 24 1.645 -71.875 -6.875 1.229 -71.875 -6.911
2 24 -32.893 -45.750 1.915 -33.250 -45.750 2.165
2 24 -28.125 -56.875 0.000 -28.074 -56.875 1.239
2 24 -11.116 -61.875 -2.394 -11.563 -61.875 -2.706
2 24 1.229 -56.875 -6.911 0.825 -56.875 -7.016
2 24 32.335 -45.750 -1.250 32.151 -45.750 -0.855
2 24 -18.998 -71.875 2.138 -19.280 -71.875 1.085
2 24 -28.125 -52.750 -15.000 -28.125 -52.750 15.000
2 24 -15.594 -56.875 -14.795 -17.995 -56.875 -14.187
2 24 -10.731 -61.875 -2.009 -11.116 -61.875 -2.394
2 24 0.444 -71.875 -7.186 0.097 -71.875 -7.417
2 24 8.500 -56.875 0.000 8.396 -56.875 1.192
2 24 34.066 -52.750 2.462 33.645 -52.750 2.349
2 24 -34.500 -52.750 -2.500 -34.874 -52.750 -2.472
2 24 -17.142 -71.875 4.788 -17.913 -71.875 4.017
2 24 -18.538 -71.875 3.125 -18.998 -71.875 2.138
2 24 -10.623 -71.875 -14.790 -13.125 -71.875 -15.000
2 24 40.500 -52.750 -1.500 36.500 -52.750 -1.500
2 24 -36.461 -52.750 -1.551 -40.500 -52.750 -1.551
2 24 -34.884 -52.750 2.470 -35.260 -52.750 2.382
2 24 -10.419 -61.875 -1.563 -10.731 -61.875 -2.009
2 24 -10.419 -81.875 -1.563 -10.731 -81.875 -2.009
2 24 1.229 -71.875 -6.911 0.825 -71.875 -7.016
2 24 -28.125 -45.750 -15.000 -28.125 -45.750 15.000
2 24 -34.066 -52.750 -2.462 -34.500 -52.750 -2.500
2 24 -10.188 -61.875 -1.069 -10.419 -61.875 -1.563
2 24 40.500 -45.750 -1.500 36.500 -45.750 -1.500
2 24 -36.461 -45.750 -1.551 -40.500 -45.750 -1.551
2 24 1.645 -56.875 -6.875 1.229 -56.875 -6.911
2 24 -10.000 -71.875 -5.413 -10.987 -71.875 -5.873
2 24 -34.884 -45.750 2.470 -35.260 -45.750 2.382
2 24 -32.335 -52.750 -1.250 -32.585 -52.750 -1.607
2 24 -7.712 -81.875 -3.125 -8.337 -81.875 -4.017
2 24 8.500 -71.875 0.000 8.396 -71.875 1.192
2 24 2.836 -56.875 -6.767 1.645 -56.875 -6.875
2 24 -32.038 -45.750 -0.434 -32.151 -45.750 -0.855
2 24 -10.047 -61.875 -0.543 -10.188 -61.875 -1.069
2 24 -8.337 -71.875 -4.017 -9.108 -71.875 -4.788
2 24 -32.893 -45.750 -1.915 -33.250 -45.750 -2.165
2 24 -7.712 -71.875 -3.125 -8.337 -71.875 -4.017
2 24 -5.898 -71.875 -13.144 -8.191 -71.875 -14.165
2 24 -10.047 -61.875 -0.543 -10.000 -61.875 0.000
2 24 -8.191 -71.875 -14.165 -10.623 -71.875 -14.790
2 24 -36.244 -45.750 1.791 -36.499 -45.750 1.502
2 24 -35.260 -45.750 2.382 -35.617 -45.750 2.237
2 24 -33.250 -52.750 -2.165 -33.645 -52.750 -2.349
2 24 34.885 -52.750 -2.470 34.500 -52.750 -2.500
2 24 0.825 -71.875 -7.016 0.444 -71.875 -7.186
2 24 -18.998 -71.875 -2.138 -19.280 -71.875 -1.085
2 24 33.645 -52.750 -2.349 33.250 -52.750 -2.165
2 24 -10.000 -61.875 0.000 -10.047 -61.875 0.543
2 24 -6.970 -81.875 -1.085 -7.252 -81.875 -2.138
2 24 -26.862 -56.875 6.025 -27.666 -56.875 3.682
2 24 -22.338 -56.875 11.837 -24.161 -56.875 10.159
2 24 -10.047 -61.875 0.543 -10.188 -61.875 1.069
2 24 -11.563 -81.875 -2.706 -12.056 -81.875 -2.937
2 24 2.836 -71.875 -6.767 1.645 -71.875 -6.875
2 24 -12.582 -61.875 3.078 -13.125 -61.875 3.125
2 24 -36.207 -52.750 -1.827 -36.461 -52.750 -1.551
2 24 -27.666 -71.875 3.682 -28.074 -71.875 1.239
2 24 8.087 -71.875 2.347 7.582 -71.875 3.432
2 24 -32.585 -52.750 1.607 -32.893 -52.750 1.915
2 24 -32.335 -52.750 1.250 -32.585 -52.750 1.607
2 24 -20.264 -56.875 -13.192 -22.338 -56.875 -11.837
2 24 -26.862 -56.875 -6.025 -27.666 -56.875 -3.682
2 24 32.893 -52.750 -1.915 32.585 -52.750 -1.607
2 24 33.645 -45.750 -2.349 33.250 -45.750 -2.165
2 24 2.836 -56.875 6.767 1.645 -56.875 6.875
2 24 33.250 -45.750 -2.165 32.893 -45.750 -1.915
2 24 35.261 -52.750 2.382 34.885 -52.750 2.470
2 24 -12.040 -81.875 -6.155 -13.125 -81.875 -6.250
2 24 -15.263 -81.875 5.873 -16.250 -81.875 5.413
2 24 28.125 -56.875 15.000 -28.125 -56.875 15.000
2 24 -22.338 -56.875 -11.837 -24.161 -56.875 -10.159
2 24 -25.682 -56.875 -8.204 -26.862 -56.875 -6.025
2 24 -17.913 -81.875 4.017 -18.538 -81.875 3.125
2 24 -19.280 -71.875 1.085 -19.375 -71.875 0.000
2 24 40.500 -45.750 15.000 28.125 -45.750 15.000
2 24 -28.125 -45.750 15.000 -40.500 -45.750 15.000
2 24 -40.500 -45.750 -15.000 -40.500 -45.750 -1.551
2 24 -40.500 -45.750 1.500 -40.500 -45.750 15.000
2 24 -13.668 -61.875 3.078 -14.194 -61.875 2.937
2 24 -10.047 -81.875 -0.543 -10.188 -81.875 -1.069
2 24 40.500 -52.750 1.500 36.500 -52.750 1.500
2 24 -36.499 -52.750 1.502 -40.500 -52.750 1.500
2 24 -32.000 -45.750 0.000 -32.038 -45.750 0.434
2 24 35.261 -45.750 2.382 34.885 -45.750 2.470
2 24 7.582 -56.875 3.432 6.897 -56.875 4.412
2 24 -32.038 -52.750 0.434 -32.151 -52.750 0.855
2 24 -33.250 -52.750 2.165 -33.645 -52.750 2.349
2 24 -27.666 -56.875 -3.682 -28.074 -56.875 -1.239
2 24 -15.594 -56.875 14.795 -17.995 -56.875 14.187
2 24 -32.151 -45.750 0.855 -32.335 -45.750 1.250
2 24 -33.645 -52.750 2.349 -34.066 -52.750 2.462
2 24 -11.116 -61.875 2.394 -11.563 -61.875 2.706
2 24 -10.047 -81.875 0.543 -10.188 -81.875 1.069
2 24 -19.280 -81.875 -1.085 -19.375 -81.875 0.000
2 24 -27.666 -71.875 -3.682 -28.074 -71.875 -1.239
2 24 -15.594 -71.875 14.795 -17.995 -71.875 14.187
2 24 7.582 -71.875 3.432 6.897 -71.875 4.412
2 24 -5.898 -56.875 13.144 -8.191 -56.875 14.165
2 24 -14.194 -61.875 2.937 -14.688 -61.875 2.706
2 24 40.500 -45.750 1.500 36.500 -45.750 1.500
2 24 -36.499 -45.750 1.502 -40.500 -45.750 1.500
2 24 -6.875 -71.875 0.000 -6.970 -71.875 -1.085
2 24 3.991 -71.875 -6.455 2.836 -71.875 -6.767
2 24 -34.500 -45.750 2.500 -34.884 -45.750 2.470
2 24 -32.151 -52.750 -0.855 -32.335 -52.750 -1.250
2 24 -13.125 -56.875 -15.000 -15.594 -56.875 -14.795
2 24 34.500 -52.750 2.500 34.066 -52.750 2.462
2 24 -10.047 -81.875 -0.543 -10.000 -81.875 0.000
2 24 -10.987 -81.875 -5.873 -12.040 -81.875 -6.155
2 24 -17.995 -56.875 14.187 -20.264 -56.875 13.192
2 24 -12.582 -61.875 -3.078 -13.125 -61.875 -3.125
2 24 34.885 -45.750 2.470 34.500 -45.750 2.500
2 24 -10.000 -81.875 -5.413 -10.987 -81.875 -5.873
2 24 -12.056 -61.875 -2.937 -12.582 -61.875 -3.078
2 24 -7.252 -81.875 -2.138 -7.712 -81.875 -3.125
2 24 -11.563 -61.875 -2.706 -12.056 -61.875 -2.937
2 24 -9.108 -71.875 -4.788 -10.000 -71.875 -5.413
2 24 36.500 -45.750 -1.500 36.245 -45.750 -1.790
2 24 -11.116 -81.875 -2.394 -11.563 -81.875 -2.706
2 24 -35.240 -45.750 -2.388 -35.589 -45.750 -2.250
2 24 -10.987 -71.875 -5.873 -12.040 -71.875 -6.155
2 24 -34.066 -45.750 2.462 -34.500 -45.750 2.500
2 24 32.335 -45.750 1.250 32.151 -45.750 0.855
2 24 -10.188 -81.875 1.069 -10.419 -81.875 1.563
2 24 -17.142 -71.875 -4.788 -17.913 -71.875 -4.017
2 24 -22.338 -71.875 -11.837 -24.161 -71.875 -10.159
2 24 -8.337 -71.875 4.017 -9.108 -71.875 4.788
2 24 6.897 -71.875 4.412 6.053 -71.875 5.259
2 24 -16.250 -71.875 -5.413 -17.142 -71.875 -4.788
2 24 -25.682 -71.875 -8.204 -26.862 -71.875 -6.025
2 24 -10.987 -71.875 5.873 -12.040 -71.875 6.155
2 24 -10.419 -81.875 1.563 -10.731 -81.875 2.009
2 24 -15.263 -81.875 -5.873 -16.250 -81.875 -5.413
2 24 -28.125 0.000 -15.000 -28.125 -45.750 -15.000
2 24 -28.125 -52.750 -15.000 -28.125 -56.875 -15.000
2 24 32.585 -45.750 1.607 32.335 -45.750 1.250
2 24 -10.731 -81.875 2.009 -11.116 -81.875 2.394
2 24 -11.563 -81.875 2.706 -12.056 -81.875 2.937
2 24 -15.134 -81.875 -2.394 -15.519 -81.875 -2.009
2 24 -17.142 -81.875 -4.788 -17.913 -81.875 -4.017
2 24 -14.688 -81.875 -2.706 -15.134 -81.875 -2.394
2 24 -8.337 -81.875 4.017 -9.108 -81.875 4.788
2 24 -11.116 -81.875 2.394 -11.563 -81.875 2.706
2 24 -10.000 -81.875 5.413 -10.987 -81.875 5.873
2 24 -12.056 -81.875 2.937 -12.582 -81.875 3.078
2 24 32.151 -45.750 0.855 32.038 -45.750 0.434
2 24 -12.582 -81.875 3.078 -13.125 -81.875 3.125
2 24 0.097 -71.875 7.417 -0.207 -71.875 7.703
2 24 -1.977 -71.875 10.036 -3.807 -71.875 11.755
2 24 -24.161 -71.875 -10.159 -25.682 -71.875 -8.204
2 24 36.500 -45.750 1.500 36.500 -52.750 1.500
2 24 40.500 -45.750 1.500 40.500 -52.750 1.500
2 24 -33.250 -45.750 2.165 -33.645 -45.750 2.349
2 24 -34.066 -52.750 2.462 -34.500 -52.750 2.500
2 24 -17.913 -71.875 4.017 -18.538 -71.875 3.125
2 24 -32.038 -52.750 -0.434 -32.151 -52.750 -0.855
2 24 34.500 -45.750 -2.500 34.066 -45.750 -2.462
2 24 40.500 -45.750 -1.500 40.500 -52.750 -1.500
2 24 36.500 -45.750 -1.500 36.500 -52.750 -1.500
2 24 32.893 -52.750 1.915 32.585 -52.750 1.607
2 24 -36.461 -45.750 -1.551 -36.461 -52.750 -1.551
2 24 40.500 -52.750 -15.000 40.500 -52.750 -1.500
2 24 40.500 -52.750 1.500 40.500 -52.750 15.000
2 24 -40.500 -45.750 -1.551 -40.500 -52.750 -1.551
2 24 33.250 -45.750 2.165 32.893 -45.750 1.915
2 24 35.949 -45.750 -2.037 35.618 -45.750 -2.236
2 24 28.125 0.000 -15.000 -28.125 0.000 -15.000
2 24 -35.240 -52.750 -2.388 -35.589 -52.750 -2.250
2 24 -40.500 -45.750 1.500 -40.500 -52.750 1.500
2 24 -36.499 -45.750 1.502 -36.499 -52.750 1.502
2 24 -15.519 -81.875 -2.009 -15.831 -81.875 -1.563
2 24 -14.194 -81.875 -2.937 -14.688 -81.875 -2.706
2 24 1.229 -71.875 6.911 0.825 -71.875 7.016
2 24 -10.623 -71.875 14.790 -13.125 -71.875 15.000
2 24 -10.000 -71.875 5.413 -10.987 -71.875 5.873
2 24 -5.898 -71.875 13.144 -8.191 -71.875 14.165
2 24 -0.207 -71.875 7.703 -1.977 -71.875 10.036
2 24 -7.712 -71.875 3.125 -8.337 -71.875 4.017
2 24 -13.125 -81.875 3.125 -13.668 -81.875 3.078
2 24 -18.538 -71.875 -3.125 -18.998 -71.875 -2.138
2 24 -12.040 -71.875 6.155 -13.125 -71.875 6.250
2 24 -14.210 -81.875 -6.155 -15.263 -81.875 -5.873
2 24 -16.062 -81.875 -1.069 -16.203 -81.875 -0.543
2 24 -15.263 -71.875 -5.873 -16.250 -71.875 -5.413
2 24 -20.264 -71.875 -13.192 -22.338 -71.875 -11.837
2 24 -26.862 -71.875 -6.025 -27.666 -71.875 -3.682
2 24 -13.125 -81.875 -3.125 -13.668 -81.875 -3.078
2 24 1.645 -71.875 6.875 1.229 -71.875 6.911
2 24 2.836 -71.875 6.767 1.645 -71.875 6.875
2 24 -18.998 -81.875 -2.138 -19.280 -81.875 -1.085
2 24 -7.252 -81.875 2.138 -7.712 -81.875 3.125
2 24 -17.913 -71.875 -4.017 -18.538 -71.875 -3.125
2 24 -15.831 -81.875 -1.563 -16.062 -81.875 -1.069
2 24 -13.668 -81.875 -3.078 -14.194 -81.875 -2.937
2 24 -9.108 -71.875 4.788 -10.000 -71.875 5.413
2 24 3.991 -71.875 6.455 2.836 -71.875 6.767
2 24 -18.538 -81.875 -3.125 -18.998 -81.875 -2.138
2 24 -12.040 -81.875 6.155 -13.125 -81.875 6.250
2 24 0.444 -71.875 7.186 0.097 -71.875 7.417
2 24 6.053 -71.875 5.259 5.074 -71.875 5.947
2 24 -17.913 -81.875 -4.017 -18.538 -81.875 -3.125
2 24 -16.250 -81.875 -5.413 -17.142 -81.875 -4.788
2 24 -10.987 -81.875 5.873 -12.040 -81.875 6.155
2 24 -13.125 -81.875 -6.250 -14.210 -81.875 -6.155
2 24 -13.125 -81.875 6.250 -14.210 -81.875 6.155
2 24 -13.125 -71.875 15.000 -15.594 -71.875 14.795
2 24 -9.108 -81.875 -4.788 -10.000 -81.875 -5.413
2 24 -35.617 -52.750 2.237 -35.948 -52.750 2.038
2 24 -25.682 -56.875 8.204 -26.862 -56.875 6.025
2 24 -24.161 -56.875 10.159 -25.682 -56.875 8.204
2 24 -7.712 -81.875 3.125 -8.337 -81.875 4.017
2 24 -8.191 -71.875 14.165 -10.623 -71.875 14.790
2 24 -3.807 -71.875 11.755 -5.898 -71.875 13.144
2 24 5.074 -71.875 5.947 3.991 -71.875 6.455
2 24 0.825 -71.875 7.016 0.444 -71.875 7.186
2 24 -9.108 -81.875 4.788 -10.000 -81.875 5.413
2 24 32.893 -45.750 1.915 32.585 -45.750 1.607
2 24 32.585 -52.750 1.607 32.335 -52.750 1.250
2 24 36.245 -45.750 -1.790 35.949 -45.750 -2.037
2 24 32.151 -52.750 0.855 32.038 -52.750 0.434
2 24 32.335 -52.750 1.250 32.151 -52.750 0.855
2 24 36.500 -52.750 -1.500 36.245 -52.750 -1.790
2 24 -17.995 -71.875 14.187 -20.264 -71.875 13.192
2 24 0.825 -56.875 -7.016 0.444 -56.875 -7.186
2 24 -1.977 -71.875 -10.036 -3.807 -71.875 -11.755
2 24 8.396 -71.875 -1.192 8.087 -71.875 -2.347
2 24 0.444 -56.875 -7.186 0.097 -56.875 -7.417
2 24 32.151 -45.750 -0.855 32.038 -45.750 -0.434
2 24 0.097 -56.875 -7.417 -0.207 -56.875 -7.703
2 24 0.097 -71.875 -7.417 -0.207 -71.875 -7.703
2 24 -0.207 -56.875 -7.703 -1.977 -56.875 -10.036
2 24 -0.207 -71.875 -7.703 -1.977 -71.875 -10.036
2 24 32.151 -52.750 -0.855 32.038 -52.750 -0.434
2 24 5.074 -71.875 -5.947 3.991 -71.875 -6.455
2 24 -32.585 -45.750 -1.607 -32.893 -45.750 -1.915
2 24 -3.807 -71.875 -11.755 -5.898 -71.875 -13.144
2 24 -6.970 -71.875 -1.085 -7.252 -71.875 -2.138
2 24 -32.151 -45.750 -0.855 -32.335 -45.750 -1.250
2 24 34.500 -45.750 2.500 34.066 -45.750 2.462
2 24 34.066 -45.750 2.462 33.645 -45.750 2.349
2 24 8.500 -71.875 0.000 8.396 -71.875 -1.192
2 24 40.500 -45.750 -15.000 28.125 -45.750 -15.000
2 24 -28.125 -45.750 -15.000 -40.500 -45.750 -15.000
2 24 6.897 -71.875 -4.412 6.053 -71.875 -5.259
2 24 35.261 -45.750 -2.382 34.885 -45.750 -2.470
2 24 -5.898 -56.875 -13.144 -8.191 -56.875 -14.165
2 24 7.582 -71.875 -3.432 6.897 -71.875 -4.412
2 24 8.500 -56.875 0.000 8.396 -56.875 -1.192
2 24 8.087 -71.875 -2.347 7.582 -71.875 -3.432
2 24 -7.252 -71.875 -2.138 -7.712 -71.875 -3.125
2 24 34.885 -45.750 -2.470 34.500 -45.750 -2.500
2 24 -33.250 -45.750 -2.165 -33.645 -45.750 -2.349
2 24 6.053 -71.875 -5.259 5.074 -71.875 -5.947
2 24 35.261 -52.750 -2.382 34.885 -52.750 -2.470
2 24 -40.500 -45.750 -15.000 -40.500 -52.750 -15.000
2 24 3.991 -56.875 -6.455 2.836 -56.875 -6.767
2 24 5.074 -56.875 -5.947 3.991 -56.875 -6.455
2 24 6.053 -56.875 -5.259 5.074 -56.875 -5.947
2 24 33.645 -52.750 2.349 33.250 -52.750 2.165
2 24 6.897 -56.875 -4.412 6.053 -56.875 -5.259
2 24 7.582 -56.875 -3.432 6.897 -56.875 -4.412
2 24 8.087 -56.875 -2.347 7.582 -56.875 -3.432
2 24 35.618 -45.750 -2.236 35.261 -45.750 -2.382
2 24 28.125 0.000 -15.000 28.125 0.000 15.000
2 24 8.396 -56.875 -1.192 8.087 -56.875 -2.347
2 24 -1.977 -56.875 -10.036 -3.807 -56.875 -11.755
2 24 -28.125 0.000 15.000 -28.125 -45.750 15.000
2 24 -28.125 -52.750 15.000 -28.125 -56.875 15.000
2 24 28.125 -56.875 -15.000 28.125 -56.875 15.000
2 24 33.645 -45.750 2.349 33.250 -45.750 2.165
2 24 28.125 0.000 15.000 -28.125 0.000 15.000
2 24 28.125 0.000 15.000 28.125 -45.750 15.000
2 24 28.125 -52.750 15.000 28.125 -56.875 15.000
2 24 -40.500 -45.750 15.000 -40.500 -52.750 15.000
2 24 40.500 -45.750 15.000 40.500 -52.750 15.000
2 24 -28.125 0.000 -15.000 -28.125 0.000 15.000
2 24 33.250 -52.750 2.165 32.893 -52.750 1.915
2 24 28.125 0.000 -15.000 28.125 -45.750 -15.000
2 24 28.125 -52.750 -15.000 28.125 -56.875 -15.000
2 24 40.500 -45.750 -15.000 40.500 -52.750 -15.000
2 24 -8.191 -56.875 -14.165 -10.623 -56.875 -14.790
2 24 28.125 -52.750 -15.000 28.125 -52.750 15.000
2 24 32.335 -52.750 -1.250 32.151 -52.750 -0.855
2 24 35.949 -52.750 -2.037 35.618 -52.750 -2.236
2 24 40.500 -45.750 -15.000 40.500 -45.750 -1.500
2 24 40.500 -45.750 1.500 40.500 -45.750 15.000
2 24 35.618 -52.750 -2.236 35.261 -52.750 -2.382
2 24 36.245 -52.750 -1.790 35.949 -52.750 -2.037
2 24 28.125 -45.750 -15.000 28.125 -45.750 15.000
2 24 -3.807 -56.875 -11.755 -5.898 -56.875 -13.144
